          12
  Benzene hexafluoride
 C       -1.39256613    -0.00004304     0.00000000
 C       -0.69624951    -1.20602256    -0.00000000
 C        0.69632406    -1.20597953    -0.00000000
 C        1.39256612     0.00004304     0.00000000
 C       -0.69632406     1.20597953    -0.00000000
 C        0.69624951     1.20602257    -0.00000000
 F       -2.71817759    -0.00008402     0.00000000
 F       -1.35904435    -2.35405182    -0.00000000
 F        1.35918986    -2.35396782    -0.00000000
 F        2.71817758     0.00008401     0.00000000
 F       -1.35918986     2.35396782    -0.00000000
 F        1.35904435     2.35405182    -0.00000000
