          12
Chloropentafluorobenzene
 C       -1.11755698    -0.00000001    -0.00000000
 C        1.67440551     0.00000002     0.00000000
 C       -0.41360848    -1.20410295    -0.00000000
 C       -0.41360851     1.20410294    -0.00000000
 C        0.97855830    -1.20602326     0.00000000
 C        0.97855828     1.20602327    -0.00000000
Cl       -2.84336494    -0.00000003     0.00000000
 F        2.99835449     0.00000002     0.00000001
 F       -1.05777131    -2.35983347    -0.00000000
 F       -1.05777134     2.35983345    -0.00000000
 F        1.64267030    -2.35327815    -0.00000000
 F        1.64267017     2.35327822    -0.00000000
