          10
 Hexafluoroacetone
 C       -1.31441592    -0.08351473     0.00429677
 C       -0.00000003     0.74411579    -0.00000022
 C        1.31441587    -0.08351480    -0.00429688
 O        0.00000009     1.93625103    -0.00000017
 F       -1.55023230    -0.53483171    -1.23094560
 F       -1.20183967    -1.13084206     0.82497587
 F       -2.33136883     0.66834776     0.39169924
 F        2.33136805     0.66834652    -0.39170361
 F        1.55023432    -0.53482753     1.23094663
 F        1.20183841    -1.13084495    -0.82497218
