          11
 Octafluoropropane
 F       -0.00000022    -1.37031333     1.09701025
 F        0.00000022    -1.37031337    -1.09701024
 F        2.34300097    -0.59697708     0.00000627
 F        1.36724891     1.00352158    -1.08392052
 F        1.36724314     1.00353077     1.08391447
 F       -2.34300099    -0.59697707    -0.00000673
 F       -1.36724297     1.00353112    -1.08391425
 F       -1.36724907     1.00352122     1.08392076
 C       -0.00000000    -0.59668995    -0.00000001
 C        1.30635373     0.23539390     0.00000002
 C       -1.30635374     0.23539390    -0.00000004
