           9
           Pentafluoroguanidine
 C       -0.07626273    -0.33090725     0.02729495
 N        1.17608112     0.25908389    -0.38317957
 N       -0.16686361    -1.58558516     0.19875389
 N       -1.21227987     0.56508023     0.08625409
 F       -1.46040021    -1.95764427     0.45575194
 F        2.03702969    -0.77580017    -0.66817811
 F        1.71887261     0.81266429     0.77630975
 F       -1.35110954     0.98770477    -1.23639322
 F       -0.74655224     1.70330440     0.72762817
