          23
      Hexadecafluoroheptane
 C       -1.13102235     0.01103588    -0.34822826
 C       -0.03666554    -1.02061469     0.07319056
 C        1.40721399    -0.68880672    -0.46330081
 F        0.00131982    -1.10593093     1.41729292
 F       -0.39161675    -2.21317235    -0.42328334
 C       -2.43749048    -0.11930965     0.49183328
 F       -0.66736857     1.26202813    -0.19871363
 F       -1.42126043    -0.19887045    -1.64424863
 C        2.30560405     0.08840699     0.54458673
 F        1.30183418     0.01614630    -1.60700100
 F        2.02032788    -1.84960195    -0.73426536
 C       -3.66369664     0.59281157    -0.14690175
 F       -2.75408835    -1.41737090     0.63950038
 F       -2.22790261     0.42907317     1.69770226
 C        3.58482397     0.69570945    -0.09866116
 F        2.69618382    -0.76522656     1.50363941
 F        1.61857311     1.09908126     1.10145693
 F       -4.65272510     0.60977947     0.74146349
 F       -3.35365734     1.84516930    -0.47455657
 F       -4.07104750    -0.05683913    -1.23080658
 F        4.37274927     1.14514475     0.87328380
 F        3.26966409     1.70768704    -0.89895131
 F        4.24084432    -0.22869447    -0.79568521
