          21
 Undecafluoro(trifluoromethyl)cyclohexane
 C        0.15538336     1.30834616    -0.14798296
 C       -1.33245820     1.19763003     0.25116085
 C        1.03021183     0.16769934     0.46958909
 F        0.62011056     2.48967616     0.27117649
 F        0.22038330     1.26225528    -1.49584145
 C       -1.98377302    -0.13550670    -0.25026992
 F       -1.99846805     2.23580165    -0.26742342
 F       -1.40906899     1.24989676     1.59204583
 C        0.22551439    -1.17783787     0.60519401
 C        2.36069375    -0.00760844    -0.32060919
 F        1.38233667     0.56399208     1.72190358
 C       -0.95437451    -1.30925855    -0.38663264
 F       -0.29608078    -1.23010109     1.84351870
 F        1.03389894    -2.23692770     0.43798995
 F       -1.57902183    -2.46869301    -0.14614206
 F       -0.46770132    -1.32820153    -1.63781622
 F       -2.53925670     0.07884095    -1.44995580
 F       -2.93569671    -0.49374289     0.62076616
 F        2.16630983    -0.63140915    -1.47828536
 F        3.21987992    -0.70758984     0.41214662
 F        2.89743479     1.18874908    -0.56332584
