          24
 Undecafluoro(pentafluorethyl)cyclohexane
 C        0.48338633    -1.33985948     0.18599492
 C        1.91488049    -1.10976030    -0.34843157
 C       -0.54044949    -0.26754495    -0.32668413
 F        0.07767381    -2.55140964    -0.20625200
 F        0.55185073    -1.30526670     1.53402105
 C        2.50888160     0.25587507     0.13347343
 F        2.69720907    -2.10714826     0.08074721
 F        1.87474036    -1.12900593    -1.69109859
 C        0.15506002     1.14367895    -0.48778302
 C       -1.81355296    -0.25417968     0.58139424
 F       -0.93567001    -0.66777050    -1.56896829
 C        1.40910746     1.33893910     0.39885018
 F        0.56032219     1.25512593    -1.76560816
 F       -0.68787676     2.15228390    -0.22232824
 F        1.91845422     2.54919661     0.13642637
 F        1.03806804     1.29471612     1.68820704
 F        3.18857153     0.05698543     1.27013511
 F        3.34510880     0.70940100    -0.80899337
 F       -1.63513228     0.57284885     1.62119612
 C       -3.13248867     0.13657762    -0.16779221
 F       -2.03560062    -1.49404529     1.06269246
 F       -2.97499478     1.20006257    -0.94895087
 F       -3.54721992    -0.88347769    -0.90951043
 F       -4.05755135     0.40831315     0.74785139
