          16
      Decafluorocyclohexene
 C        1.50545969    -0.19043554     0.09527498
 C        0.70323386     1.07073512    -0.31463208
 C        0.66568250    -1.43788088     0.02848230
 F        1.98510719    -0.01795131     1.34660841
 F        2.56044895    -0.31641219    -0.73337214
 C       -0.70327332     1.07061438     0.31456464
 F        0.57411105     1.08192809    -1.65416606
 F        1.36739288     2.16634979     0.07362153
 C       -0.66566565    -1.43800520    -0.02844853
 C       -1.50547586    -0.19060330    -0.09529430
 F       -2.56054495    -0.31638661     0.73326966
 F       -1.98507445    -0.01804846    -1.34667514
 F       -1.36761587     2.16619594    -0.07343926
 F       -0.57404531     1.08175259     1.65411718
 F        1.36088754    -2.56127022     0.06667516
 F       -1.36064255    -2.56152433    -0.06660587
