          28
 cis-Perfluorobicyclo[4.4.0]decane
 C       -1.32875615     1.47395247     0.01561238
 C       -2.53410335     0.65160781    -0.49732256
 C       -2.58564340    -0.78857683     0.12435295
 F       -3.65917352     1.30593434    -0.18404843
 F       -2.43920413     0.55849756    -1.83300881
 C       -1.18465475    -1.30948259     0.60879661
 F       -3.40243822    -0.77279156     1.18568604
 F       -3.07230839    -1.63373836    -0.79176253
 C        0.04371668     0.78723033    -0.29789417
 F       -1.35356607     2.67370105    -0.57516984
 F       -1.48293386     1.64128471     1.34379633
 C       -0.04371129    -0.78730838    -0.29788595
 F       -0.99972814    -0.91159934     1.87701169
 F       -1.19781799    -2.65061032     0.57304616
 C        1.18489273     1.30972697     0.60845807
 F        0.38600848     1.16352742    -1.56577079
 C        1.32871268    -1.47397777     0.01562015
 F       -0.38632696    -1.16367314    -1.56564527
 C        2.58586299     0.78816668     0.12454472
 F        1.19823489     2.65082502     0.57158449
 F        0.99986496     0.91307055     1.87705631
 C        2.53400152    -0.65177470    -0.49747218
 F        1.48266442    -1.64080964     1.34392216
 F        1.35345510    -2.67387752    -0.57482184
 F        3.65911466    -1.30632070    -0.18490350
 F        2.43845759    -0.55823394    -1.83311351
 F        3.07329327     1.63327038    -0.79123297
 F        3.40220327     0.77181891     1.18623608
