          12
    Bromopentafluorobenzene
 C        2.23206047    -0.00006700     0.00001664
 C        1.53638935    -1.20623577     0.00008316
 C        1.53648296     1.20615358     0.00005985
 C        0.14400910    -1.20274909     0.00018651
 C        0.14409870     1.20281913     0.00018630
 C       -0.55929250     0.00006456     0.00022031
Br       -2.44189426     0.00002364    -0.00011063
 F       -0.49682117    -2.36127598     0.00015624
 F        2.20092514     2.35317145    -0.00010387
 F       -0.49659348     2.36141450     0.00019491
 F        3.55577914    -0.00009753    -0.00019056
 F        2.20073181    -2.35330140    -0.00007265
