          10
          Methylidenecyclopropane 
 C        0.30700810     0.00000000    -0.00000000
 C       -0.94056351     0.76953743     0.00000000
 C       -0.94056351    -0.76953743     0.00000000
 C        1.62429540    -0.00000000     0.00000000
 H       -1.24592665     1.27747625    -0.91153574
 H       -1.24592664     1.27747625     0.91153574
 H       -1.24592664    -1.27747625     0.91153574
 H       -1.24592665    -1.27747625    -0.91153574
 H        2.19313337     0.92534967     0.00000000
 H        2.19313336    -0.92534968     0.00000000
