          10
          Bicyclo[1.1.0]butane
 C       -1.13542321    -0.00000000     0.31630133
 C        1.13542322    -0.00000000     0.31630133
 C       -0.00000000    -0.74291458    -0.32017426
 C        0.00000000     0.74291459    -0.32017426
 H       -1.23647139     0.00000000     1.40435044
 H       -2.08385097    -0.00000000    -0.21684940
 H        1.23647138    -0.00000001     1.40435044
 H        2.08385098    -0.00000000    -0.21684939
 H       -0.00000001    -1.44215470    -1.14138705
 H        0.00000000     1.44215470    -1.14138704
