          12
        Cyclobutane
 C       -1.06114006     0.22336327     0.12529192
 C        1.06114006    -0.22336327     0.12529192
 C       -0.22336327    -1.06114006    -0.12529192
 C        0.22336327     1.06114006    -0.12529191
 H       -1.92364250     0.40491458    -0.52122570
 H       -1.38956651     0.29249496     1.16689792
 H        1.92364250    -0.40491458    -0.52122569
 H        1.38956651    -0.29249496     1.16689792
 H       -0.40491458    -1.92364250     0.52122569
 H       -0.29249496    -1.38956651    -1.16689792
 H        0.40491458     1.92364250     0.52122569
 H        0.29249496     1.38956651    -1.16689792
