          12
          2-Methylprop-1-ene
 C       -0.00000000     1.43358745     0.00000000
 C       -0.00000000     0.10042747    -0.00000000
 H        0.92358509     2.00435721     0.00000002
 H       -0.92358510     2.00435721    -0.00000002
 C        1.27565960    -0.70213256     0.00000000
 H        2.16019777    -0.06018689     0.00000011
 H        1.32777637    -1.35831047     0.87858143
 H        1.32777646    -1.35831030    -0.87858154
 C       -1.27565960    -0.70213256     0.00000000
 H       -2.16019777    -0.06018690    -0.00000021
 H       -1.32777632    -1.35831056    -0.87858137
 H       -1.32777651    -1.35831023     0.87858160
