          14
        Butane
 C        1.95988928     0.13164550    -0.00000005
 C        0.57026455    -0.51224727     0.00000005
 C       -0.57026454     0.51224726     0.00000006
 C       -1.95988929    -0.13164549    -0.00000005
 H        2.75258259    -0.62340167     0.00000003
 H       -2.75258258     0.62340170    -0.00000002
 H        2.10268707     0.76410417    -0.88355889
 H        2.10268710     0.76410440     0.88355863
 H       -2.10268707    -0.76410420    -0.88355887
 H       -2.10268714    -0.76410435     0.88355865
 H        0.46806564    -1.16574380     0.87691954
 H        0.46806556    -1.16574390    -0.87691935
 H       -0.46806563     1.16574379     0.87691954
 H       -0.46806554     1.16574389    -0.87691935
