          14
          2-Methylpropane
 C       -0.00008887     0.00000000    -0.36505723
 H       -0.00009160     0.00000000    -1.46440139
 C       -1.46099872     0.00000308     0.10473845
 H       -1.51829497     0.00000325     1.20022774
 H       -1.99629589     0.88533216    -0.25505613
 H       -1.99629961    -0.88532378    -0.25505605
 C        0.73052166    -1.26513424     0.10472222
 H        0.75881717    -1.31488390     1.20021408
 H        0.23189401    -2.17148077    -0.25541920
 H        1.76500160    -1.28555885    -0.25477745
 C        0.73052700     1.26513116     0.10472222
 H        0.75882278     1.31488066     1.20021408
 H        1.76500700     1.28555143    -0.25477751
 H        0.23190314     2.17147980    -0.25541915
