          13
   Spiro[2.2]pentane
 C        0.00000000    -0.00000000    -0.00000003
 C        1.26950476    -0.53888743     0.54195762
 C        1.26950480     0.53888741    -0.54195761
 C       -1.26950476     0.54195763     0.53888742
 C       -1.26950480    -0.54195761    -0.53888741
 H        1.57389617    -1.54169864     0.25640622
 H        1.57389613    -0.24764361     1.54313043
 H        1.57389624     0.24764358    -1.54313040
 H        1.57389618     1.54169863    -0.25640621
 H       -1.57389617     1.54313042     0.24764359
 H       -1.57389612     0.25640625     1.54169865
 H       -1.57389624    -0.25640622    -1.54169861
 H       -1.57389619    -1.54313041    -0.24764357
