          10
   Buta-1,2-diene
 H        2.41002808    -0.20624942    -0.88143184
 C        1.78130493    -0.38026588    -0.00000123
 H        1.47068150    -1.42730023     0.00025253
 C        0.58875636     0.54468939     0.00000219
 H        2.41028219    -0.20591263     0.88118093
 C       -0.65595691     0.15661649     0.00000383
 H        0.79859458     1.61456975    -0.00002056
 C       -1.89898726    -0.23415927    -0.00000227
 H       -2.44410780    -0.40479216    -0.92512202
 H       -2.44412054    -0.40478421     0.92511100
