          13
        2-Methylbuta-1,3-diene
 C       -1.59205698     0.88080248    -0.00000015
 C       -0.51974477     0.07587537    -0.00000006
 C        0.82650391     0.65454521     0.00000030
 C        1.97683745    -0.02637886    -0.00000020
 C       -0.66116597    -1.42582810     0.00000008
 H       -1.48891044     1.96156367     0.00000052
 H       -2.60333537     0.48786412    -0.00000074
 H        0.86035737     1.74306610     0.00000060
 H        2.93352703     0.48431187    -0.00000038
 H        2.00988496    -1.11081523    -0.00000051
 H       -0.18036557    -1.86831166    -0.88028714
 H       -1.71242838    -1.72273729    -0.00000901
 H       -0.18038155    -1.86830974     0.88029710
