          15
  Cyclopentane
 C       -0.32399462     1.25216868    -0.12400238
 C       -0.42026742    -1.21425971     0.15976855
 C        0.99465930    -0.77074744    -0.25476171
 C       -1.30726555     0.04891667    -0.01929603
 C        1.06298510     0.68261756     0.23831921
 H       -0.30750999     1.63428075    -1.15071073
 H       -0.61389084     2.08876610     0.51813318
 H       -0.78449301    -2.07068261    -0.41503387
 H        1.78206662    -1.40832943     0.15871777
 H       -0.41094697    -1.51922947     1.21271818
 H        1.09396905    -0.79595596    -1.34777709
 H       -1.92226434    -0.02582326    -0.92118510
 H        1.20406501     0.69381468     1.32670695
 H       -2.00009615     0.16477110     0.81925257
 H        1.88626919     1.25391754    -0.20115098
