          17
     Pentane
 C        0.00000000    -0.32267152     0.00000003
 C       -1.28253810     0.51675348     0.00000000
 C        1.28253810     0.51675348    -0.00000000
 C       -2.55829532    -0.33105828    -0.00000001
 C        2.55829532    -0.33105828    -0.00000001
 H       -0.00000000    -0.98538050    -0.87725980
 H        0.00000000    -0.98538044     0.87725990
 H       -1.28184626     1.17797013    -0.87695732
 H       -1.28184629     1.17797014     0.87695731
 H        1.28184629     1.17797014     0.87695732
 H        1.28184627     1.17797013    -0.87695732
 H       -2.60349691    -0.97785707     0.88353653
 H       -2.60349688    -0.97785709    -0.88353655
 H        2.60349695    -0.97785698    -0.88353662
 H        2.60349683    -0.97785718     0.88353646
 H       -3.45629736     0.29511210    -0.00000003
 H        3.45629736     0.29511210     0.00000012
