          14
           Cyclohexa-1,4-diene
 H       -2.17603544    -0.00000009    -0.86913060
 C       -1.49821133    -0.00000005     0.00000006
 C        0.66573366    -1.25358334    -0.00000003
 C        0.66573357     1.25358338    -0.00000002
 C        1.49821133     0.00000005     0.00000006
 C       -0.66573366     1.25358334    -0.00000004
 C       -0.66573357    -1.25358338    -0.00000004
 H        1.20635309    -2.19750530    -0.00000010
 H       -1.20635293    -2.19750538    -0.00000011
 H        2.17603539     0.00000008    -0.86913064
 H       -1.20635309     2.19750530    -0.00000012
 H        1.20635294     2.19750538    -0.00000008
 H       -2.17603520    -0.00000008     0.86913092
 H        2.17603524     0.00000008     0.86913087
