          18
  Cyclohexane
 C        1.46578987    -0.00002222     0.23041555
 C       -0.73287257    -1.26926230     0.23039870
 C       -0.73283403     1.26928452     0.23039877
 C        0.73287251     1.26926234    -0.23039869
 C        0.73283403    -1.26928458    -0.23039862
 C       -1.46578983     0.00002225    -0.23041572
 H        1.53115063    -0.00002317     1.32780540
 H        2.49686577    -0.00003787    -0.14207047
 H       -0.76549035    -1.32547886     1.32781723
 H       -1.24843670    -2.16231766    -0.14175906
 H       -0.76545002     1.32550191     1.32781731
 H       -1.24837111     2.16235556    -0.14175882
 H        0.76549020     1.32547897    -1.32781721
 H        1.24843667     2.16231767     0.14175909
 H        0.76545012    -1.32550237    -1.32781713
 H        1.24837107    -2.16235549     0.14175933
 H       -1.53115017     0.00002328    -1.32780558
 H       -2.49686587     0.00003789     0.14206990
