          20
  Hexane
 C       -0.66688793    -0.37743211    -0.00000008
 C        0.66688792     0.37743199     0.00000001
 C       -1.89235281     0.54374367    -0.00000021
 C        1.89235286    -0.54374370    -0.00000016
 C       -3.22043946    -0.21949693     0.00000022
 C        3.22043943     0.21949705     0.00000018
 H       -0.71069768    -1.03843503    -0.87732527
 H       -0.71069781    -1.03843496     0.87732515
 H        0.71069770     1.03843503    -0.87732509
 H        0.71069772     1.03843475     0.87732532
 H       -1.84875759     1.20354842    -0.87691053
 H       -1.84875736     1.20354895     0.87690970
 H        1.84875766    -1.20354846    -0.87691047
 H        1.84875753    -1.20354897     0.87690976
 H       -3.30739934    -0.86198131     0.88355339
 H       -3.30739957    -0.86198193    -0.88355247
 H        3.30739931     0.86198142     0.88355335
 H        3.30739938     0.86198208    -0.88355251
 H       -4.07590726     0.46365254     0.00000009
 H        4.07590731    -0.46365231    -0.00000004
