          20
         2-Ethylbutane
 C        0.00000004    -0.05953917    -0.19861833
 C       -1.26280247     0.67043993     0.29966325
 C        1.26280262     0.67043956     0.29966362
 C       -2.58177472     0.16638426    -0.29714159
 C        2.58177477     0.16638425    -0.29714174
 C       -0.00000022    -1.54156408     0.20574064
 H        0.00000020    -0.00815745    -1.29884458
 H       -1.15869102     1.73885012     0.06995687
 H        1.15869122     1.73884992     0.06995799
 H       -1.30605692     0.60030477     1.39585233
 H        1.30605720     0.60030363     1.39585264
 H       -3.42322234     0.77804449     0.04410853
 H        3.42322252     0.77804398     0.04410897
 H       -2.56222736     0.21170219    -1.39221638
 H        2.56222738     0.21170328    -1.39221648
 H       -2.79476107    -0.86843981    -0.01216754
 H        2.79476094    -0.86844016    -0.01216876
 H       -0.00000075    -1.64489034     1.29823135
 H       -0.87999067    -2.06582408    -0.17765585
 H        0.87999056    -2.06582415    -0.17765499
