          23
  Heptane
 C       -0.00000000    -0.49001794     0.00000018
 C       -1.28215031     0.35004084     0.00000032
 C        1.28215032     0.35004083     0.00000022
 C       -2.56485818    -0.48959314    -0.00000020
 C        2.56485818    -0.48959315     0.00000004
 C       -3.84062124     0.35825166    -0.00000020
 C        3.84062123     0.35825167    -0.00000031
 H       -0.00000003    -1.15227243    -0.87733737
 H        0.00000002    -1.15227266     0.87733756
 H       -1.28309804     1.01250962    -0.87727385
 H       -1.28309830     1.01250898     0.87727496
 H        1.28309824     1.01250919     0.87727470
 H        1.28309812     1.01250937    -0.87727412
 H       -2.56415908    -1.15080205     0.87693545
 H       -2.56415872    -1.15080149    -0.87693626
 H        2.56415873    -1.15080185    -0.87693577
 H        2.56415910    -1.15080171     0.87693595
 H       -3.88582568     1.00504906    -0.88354372
 H       -3.88582605     1.00504854     0.88354368
 H        3.88582605     1.00504888     0.88354333
 H        3.88582563     1.00504875    -0.88354407
 H       -4.73859375    -0.26797762    -0.00000057
 H        4.73859376    -0.26797759    -0.00000049
