          26
  Octane
 C       -0.62555771    -0.44300849     0.00000024
 C        0.62555769     0.44300818     0.00000026
 C       -1.93716189     0.35029954    -0.00000006
 C        1.93716194    -0.35029973     0.00000005
 C       -3.18873888    -0.53504436     0.00000012
 C        3.18873876     0.53504442     0.00000015
 C       -4.49422596     0.26626610    -0.00000032
 C        4.49422604    -0.26626571    -0.00000038
 H       -0.60146428    -1.10479012    -0.87733221
 H       -0.60146449    -1.10478986     0.87733290
 H        0.60146427     1.10478978    -0.87733222
 H        0.60146438     1.10478958     0.87733288
 H       -1.96212598     1.01229951    -0.87728428
 H       -1.96212609     1.01230002     0.87728377
 H        1.96212613    -1.01229977    -0.87728411
 H        1.96212623    -1.01230012     0.87728395
 H       -3.16410983    -1.19576344     0.87695637
 H       -3.16410963    -1.19576407    -0.87695565
 H        3.16410961     1.19576350     0.87695639
 H        3.16410929     1.19576412    -0.87695561
 H       -4.56282184     0.91102466    -0.88353514
 H       -4.56282205     0.91102529     0.88353402
 H        4.56282206    -0.91102420    -0.88353524
 H        4.56282235    -0.91102492     0.88353392
 H       -5.36904649    -0.39192472    -0.00000018
 H        5.36904639     0.39192535    -0.00000026
