          18
          Naphthalene
 C        0.00000000     0.71577827     0.00000000
 C        0.00000000    -0.71577827     0.00000000
 C        1.24302480     1.40007604     0.00000000
 C       -1.24302479     1.40007603     0.00000000
 C        1.24302479    -1.40007603     0.00000000
 C       -1.24302479    -1.40007603     0.00000000
 C       -2.42940279     0.70740594    -0.00000000
 C        2.42940279     0.70740594    -0.00000000
 H        1.23926109     2.48651793    -0.00000000
 H       -1.23926109     2.48651793    -0.00000000
 C       -2.42940279    -0.70740594    -0.00000000
 C        2.42940279    -0.70740595    -0.00000000
 H        1.23926108    -2.48651792    -0.00000000
 H       -1.23926108    -2.48651792    -0.00000000
 H       -3.37331941     1.24329589    -0.00000000
 H        3.37331941     1.24329588    -0.00000000
 H       -3.37331940    -1.24329589    -0.00000000
 H        3.37331940    -1.24329589    -0.00000000
