          18
  Azulene
 C        2.69544806     0.00000320    -0.00000000
 C        1.88989967     1.14850495    -0.00000000
 C        1.88990244    -1.14850201    -0.00000000
 C        0.54435297     0.74955441     0.00000000
 C        0.54435671    -0.74953659     0.00000000
 C       -0.56044660     1.59116717     0.00000000
 C       -0.56040799    -1.59114900     0.00000000
 C       -1.91642817     1.26344217    -0.00000000
 C       -1.91640533    -1.26345993    -0.00000000
 C       -2.50779875    -0.00002043    -0.00000000
 H        3.77892233    -0.00000003    -0.00000000
 H        2.23498463     2.17380303    -0.00000000
 H        2.23500647    -2.17379622    -0.00000000
 H       -0.33220198     2.65643074     0.00000000
 H       -0.33217076    -2.65641206     0.00000000
 H       -2.60435522     2.10488753    -0.00000000
 H       -2.60429622    -2.10493415    -0.00000000
 H       -3.59601198    -0.00002575    -0.00000000
