          24
 1,2,3,4-Tetramethylbenzene
 C       -2.90937502     0.59995274     0.00000821
 C       -1.39992283     0.55920644    -0.00000077
 C       -0.70600406    -0.66678652    -0.00000856
 C        0.70215850    -0.68636191    -0.00000131
 C        1.42129726     0.52657558    -0.00000244
 C        0.71571027     1.72936702    -0.00000237
 C       -0.67293903     1.74705891     0.00000256
 C        2.93435055     0.56814694    -0.00000284
 C        1.44275137    -2.00981371     0.00001315
 C       -1.51318525    -1.94732575    -0.00001038
 H       -3.27088009     1.63152104     0.00008054
 H       -3.33299450     0.09827052    -0.87869417
 H       -3.33298658     0.09814565     0.87864200
 H        1.26476432     2.66684831    -0.00000269
 H       -1.20089439     2.69668649     0.00000848
 H        3.28692200     1.60293326    -0.00002331
 H        3.36267991     0.07594349    -0.88092311
 H        3.36267933     0.07597977     0.88093836
 H        2.52377883    -1.87202851     0.00009638
 H        1.19383152    -2.61362012     0.88030140
 H        1.19396246    -2.61356871    -0.88034898
 H       -0.89028472    -2.84087435    -0.00023511
 H       -2.16881317    -2.00355021    -0.87766144
 H       -2.16848252    -2.00376505     0.87787810
