          30
 1,2,3,4,5,6-Hexamethylbenzene
 C       -1.86989641     2.24455982     0.07886793
 C       -0.89960921     1.07996692     0.00997309
 C        0.48546496     1.31906848    -0.00999364
 C        1.38504478     0.23910517     0.01004498
 C        0.89960877    -1.07996675    -0.00997239
 C       -0.48546528    -1.31906836     0.00999337
 C       -1.38504518    -0.23910517    -0.01004566
 C       -2.87882472    -0.49688745    -0.07885248
 C       -1.00912122    -2.74161311     0.07885591
 C        1.86989645    -2.24455939    -0.07886368
 C        2.87882443     0.49688724     0.07884923
 C        1.00912212     2.74161275    -0.07885676
 H       -2.16774171     2.60092570    -0.91708335
 H       -2.78517204     1.97417879     0.60906471
 H       -1.43834736     3.09651343     0.60787880
 H       -3.33668044    -0.57459812     0.91712464
 H       -3.40064323     0.30197551    -0.60941166
 H       -3.10256514    -1.42561034    -0.60737002
 H       -0.31712793    -3.39965198     0.60808944
 H       -1.96220428    -2.79377600     0.60880385
 H       -1.16997999    -3.17730134    -0.91710726
 H        2.16774523    -2.60091857     0.91708899
 H        1.43834655    -3.09651673    -0.60786769
 H        2.78517031    -1.97418069    -0.60906480
 H        3.40064264    -0.30197240     0.60941389
 H        3.33667946     0.57458966    -0.91712887
 H        3.10256611     1.42561392     0.60735940
 H        1.16999770     3.17729528     0.91710621
 H        1.96219747     2.79377590    -0.60881895
 H        0.31712265     3.39965607    -0.60807635
