          22
     1,1'-Biphenyl
 C       -0.74165456    -0.00000001    -0.00000000
 C       -1.46336516    -1.13686502     0.39317347
 C       -2.85498866    -1.13738624     0.39322158
 C       -3.55770401     0.00000001    -0.00000001
 C       -2.85498864     1.13738625    -0.39322159
 C       -1.46336515     1.13686501    -0.39317347
 C        0.74165456    -0.00000001     0.00000001
 C        1.46336515     1.13686501     0.39317348
 C        2.85498865     1.13738625     0.39322158
 C        3.55770401     0.00000001    -0.00000001
 C        2.85498866    -1.13738624    -0.39322159
 C        1.46336517    -1.13686502    -0.39317347
 H       -0.92602924    -2.01911752     0.72587097
 H       -3.39164266    -2.02653762     0.70943036
 H       -4.64293458     0.00000001    -0.00000001
 H       -3.39164262     2.02653764    -0.70943036
 H       -0.92602922     2.01911750    -0.72587096
 H        0.92602921     2.01911750     0.72587096
 H        3.39164263     2.02653764     0.70943036
 H        4.64293458     0.00000002    -0.00000002
 H        3.39164265    -2.02653762    -0.70943037
 H        0.92602925    -2.01911753    -0.72587095
