          19
 1,2-Dimethylcyclopent-1-ene
 C        1.92766057    -0.00000001    -0.16577118
 C        1.02534951     1.22599313     0.10751796
 C        1.02534950    -1.22599314     0.10751794
 C       -0.38214177     0.67042723     0.00518434
 C       -0.38214178    -0.67042722     0.00518434
 C       -1.55362891     1.60327578    -0.03029086
 C       -1.55362892    -1.60327578    -0.03029085
 H        2.84160076    -0.00000001     0.43437879
 H        2.23303809     0.00000000    -1.21713462
 H        1.20600425     2.04705577    -0.59802234
 H        1.19666654     1.64743128     1.10999101
 H        1.19666654    -1.64743132     1.10999098
 H        1.20600423    -2.04705577    -0.59802239
 H       -2.51095061     1.07854675    -0.08087511
 H       -1.49398933     2.27804154    -0.89450383
 H       -1.57098004     2.24576982     0.86043376
 H       -1.57097988    -2.24577000     0.86043365
 H       -1.49398950    -2.27804136    -0.89450397
 H       -2.51095064    -1.07854674    -0.08087480
