          12
 But-1-ene
 C       -1.82547208    -0.05693274    -0.28657373
 C       -0.69045787    -0.19731251     0.39235822
 C        0.57152979     0.58220855     0.15110029
 H        0.40205453     1.32040137    -0.64145213
 H       -2.70340959    -0.65618194    -0.06791115
 H       -1.92263103     0.66909389    -1.08983675
 H       -0.63734298    -0.94089004     1.18886689
 C        1.76270312    -0.31873379    -0.21654527
 H        0.82623377     1.14897574     1.05795790
 H        2.67419503     0.27129651    -0.35469404
 H        1.95743975    -1.05578666     0.57024346
 H        1.56688530    -0.86680259    -1.14348745
