          19
 1,3-Dimethylcyclopent-1-ene
 C       -1.21416673     0.13317341    -0.40957800
 C       -0.77891809    -1.27640729     0.07753270
 C        0.76558545    -1.29071191    -0.00772396
 C        1.13202721     0.18151931    -0.00844246
 C        0.05461782     0.93814988    -0.23043223
 C       -2.43480748     0.69386424     0.33002005
 C        2.54613704     0.63879479     0.16970278
 H       -1.46440161     0.09348094    -1.48219528
 H       -1.24835799    -2.08466384    -0.49053138
 H       -1.08550554    -1.39704086     1.12314986
 H        1.12222014    -1.77050349    -0.93155411
 H        1.23105059    -1.84259398     0.81848513
 H        0.06857445     2.02151073    -0.31440029
 H       -3.30956639     0.04830231     0.19392797
 H       -2.69890663     1.69240532    -0.03531394
 H       -2.23654862     0.77162447     1.40499489
 H        3.20054051     0.21331547    -0.60267693
 H        2.95210336     0.30709262     1.13430643
 H        2.62966554     1.72819496     0.12150314
