          18
 1,4-Dimethylbenzene
 C        0.69597532    -1.19640723    -0.00717590
 C        1.41874537     0.00000310    -0.01203459
 C        0.69597744     1.19640964    -0.00717579
 C       -0.69597749     1.19640961     0.00717580
 C       -1.41874537     0.00000304     0.01203459
 C       -0.69597527    -1.19640726     0.00717591
 C        2.92857772    -0.00000357     0.00604308
 H        3.33450429     0.88566931    -0.49208475
 H        3.33450372    -0.88543966    -0.49250916
 H        3.31635069    -0.00025448     1.03266078
 H        1.23050267     2.14280738    -0.01220136
 H       -1.23050275     2.14280734     0.01220137
 C       -2.92857772    -0.00000359    -0.00604310
 H       -1.23050112    -2.14280493     0.01220205
 H        1.23050121    -2.14280488    -0.01220204
 H       -3.33450368    -0.88544204     0.49250495
 H       -3.31635068    -0.00024958    -1.03266081
 H       -3.33450434     0.88566693     0.49208891
