          10
 But-1-yne
 C        1.65727482    -0.48945038     0.00000000
 C        0.61488966     0.64421356    -0.00000000
 C       -0.75936137     0.15230458     0.00000000
 C       -1.88342892    -0.27434702     0.00000001
 H        2.67000942    -0.07544616    -0.00000004
 H        1.54245277    -1.12208741    -0.88429216
 H        1.54245282    -1.12208737     0.88429220
 H        0.76886784     1.28643055    -0.87657390
 H        0.76886783     1.28643056     0.87657388
 H       -2.87969454    -0.64283837    -0.00000012
