          18
  1-Ethyl-1-methylcyclopropane
 C       -0.31865242     0.14085379    -0.10832305
 C       -1.09106972    -0.69757148     0.88354683
 C       -1.58874914    -0.55409129    -0.53728632
 C        0.99699815    -0.42239194    -0.63026134
 C       -0.37095059     1.65025000     0.04950466
 C        2.19273230    -0.20205177     0.30586208
 H       -1.64022300    -0.19139219     1.67111473
 H       -0.67449100    -1.65487826     1.18130089
 H       -1.50830847    -1.41427279    -1.19458116
 H       -2.47269755     0.05202781    -0.70906772
 H        1.21449939     0.02257733    -1.61131746
 H        0.87463414    -1.49855252    -0.80517954
 H       -1.35854317     1.97635118     0.39086368
 H       -0.16599105     2.15340310    -0.90352093
 H        0.36295969     2.00976635     0.77920125
 H        2.40950088     0.86183810     0.44441245
 H        3.09599148    -0.67086944    -0.09744838
 H        2.00221312    -0.63389115     1.29426231
