          21
 1-Ethyl-3-methylbenzene
 C       -0.83605746    -0.08877547    -0.32200926
 C       -2.26187719     0.35161875    -0.57081062
 C        0.19942935     0.84962835    -0.25614876
 C        1.51969892     0.47874069     0.00641445
 C       -0.52477391    -1.43598976    -0.12296892
 C        1.80226259    -0.87768686     0.20189813
 C       -3.01337278     0.68966076     0.72950315
 C        0.78705131    -1.82666360     0.13754416
 C        2.61707158     1.51342694     0.08875331
 H       -2.80198842    -0.43956718    -1.10372513
 H       -2.26536586     1.23002021    -1.22685586
 H       -0.03076287     1.90043216    -0.41951181
 H       -1.31210735    -2.18287519    -0.17935084
 H        2.82424924    -1.18986008     0.39902390
 H       -3.05333793    -0.17881847     1.39477783
 H       -4.04043890     1.00546635     0.51901792
 H       -2.51236449     1.49843579     1.27107798
 H        1.01937013    -2.87738275     0.28332015
 H        3.50717355     1.19803928    -0.46574600
 H        2.92914078     1.68070589     1.12698510
 H        2.29022703     2.47562492    -0.31517348
