          21
 1-Ethyl-4-methylbenzene
 C        0.96868161    -0.00000160    -0.33229336
 C        2.47002750    -0.00000208    -0.51473551
 C       -1.83748554    -0.00000006     0.08658853
 C        0.25359430    -1.19663401    -0.22610540
 C        0.25359503     1.19663196    -0.22610764
 C       -1.12285871    -1.19686657    -0.01855102
 C       -1.12285753     1.19686611    -0.01855336
 C        3.23178808     0.00000338     0.82302669
 C       -3.33529939     0.00000187     0.27781166
 H        2.76824119     0.87878935    -1.09857219
 H        2.76824143    -0.87879806    -1.09856519
 H        0.78253776    -2.14301779    -0.30674233
 H        0.78253943     2.14301506    -0.30674643
 H       -1.65218872    -2.14293778     0.06007404
 H       -1.65218673     2.14293798     0.06006990
 H        2.97677112     0.88329946     1.41734313
 H        4.31445162     0.00000310     0.65930678
 H        2.97677164    -0.88328826     1.41734994
 H       -3.66832691    -0.88559770     0.82745317
 H       -3.86121269     0.00005064    -0.68535612
 H       -3.66831465     0.88555595     0.82753445
