          24
 1-Ethylnaphthalene
 C       -1.30433992     0.10446379    -0.28313717
 C        0.08414477    -0.22672886    -0.15651067
 C        1.03515242     0.82168607     0.07381589
 C       -2.35883381    -0.96227905    -0.49083508
 C       -1.68340676     1.42698722    -0.18725398
 C        0.57360484    -1.55750991    -0.25494083
 C        0.58529496     2.16322979     0.17121170
 C        2.41068397     0.49615191     0.19698459
 C       -0.74726567     2.45934185     0.04158845
 C       -2.75052973    -1.69218708     0.80800857
 C        1.91369553    -1.83914475    -0.13166857
 C        2.84499472    -0.80269024     0.09875387
 H       -3.25202697    -0.49100373    -0.91503019
 H       -2.02135700    -1.69407149    -1.23377470
 H       -2.73450277     1.68301915    -0.29073396
 H       -0.12302098    -2.36864784    -0.43254601
 H        1.31552919     2.94796298     0.34660566
 H        3.11825815     1.30208129     0.37094612
 H       -1.09110490     3.48664656     0.11093435
 H       -3.51905203    -2.44733954     0.61345405
 H       -3.14621235    -0.98486300     1.54351128
 H       -1.88947143    -2.19200964     1.26125148
 H        2.26035107    -2.86465652    -0.21250882
 H        3.90050203    -1.03648415     0.19506280
