          17
       1H-indene
 C        1.66352175     1.18178441    -0.00000000
 C        2.44717317    -0.11020588     0.00000001
 C        1.61824542    -1.16888371     0.00000000
 C        0.22709094    -0.70949195    -0.00000001
 C       -0.97527082    -1.41349153    -0.00000000
 C       -2.17210096    -0.69553637     0.00000000
 C       -2.16724494     0.70042591     0.00000000
 C       -0.96078109     1.40881733     0.00000000
 C        0.23053718     0.70112550    -0.00000000
 H        1.89541961     1.80170556    -0.87729033
 H        1.89541960     1.80170558     0.87729031
 H        3.52945691    -0.14516824     0.00000001
 H        1.91309850    -2.21180236     0.00000001
 H       -0.98405830    -2.49940331    -0.00000001
 H       -3.11819029    -1.22801356     0.00000001
 H       -3.10826357     1.24138063     0.00000001
 H       -0.96521201     2.49523937     0.00000000
