          27
  1-Methyl-1-propan-2-ylcyclopentane
 C        0.02456769    -0.22068316    -0.26542221
 C       -0.54691124    -0.32682086     1.17211664
 C       -0.90436900     0.85715836    -0.88293798
 C        1.53941883     0.14974317    -0.32434919
 C       -2.08108155    -0.16081630     1.03277933
 C       -2.31438059     0.55158181    -0.33165383
 C       -0.20231162    -1.55138538    -1.01637509
 C        2.42334911    -0.84167481     0.45607758
 C        1.87533752     1.58069385     0.13272953
 H       -0.27498897    -1.26640522     1.66256613
 H       -0.14228832     0.48204449     1.79053035
 H       -0.59842162     1.85099868    -0.54490854
 H       -0.86741759     0.86490237    -1.97788583
 H        1.82993099     0.07927870    -1.38305105
 H       -2.58198117    -1.13338564     1.05030646
 H       -2.49397029     0.41195793     1.86807949
 H       -2.86906208    -0.09846144    -1.01507686
 H       -2.90863875     1.46362779    -0.22552633
 H        0.16352292    -1.48346803    -2.04731347
 H       -1.26398081    -1.81124333    -1.06260550
 H        0.30975141    -2.38831856    -0.53335877
 H        3.48191269    -0.60147660     0.31144648
 H        2.22105837    -0.79041853     1.53169831
 H        2.27779876    -1.87693081     0.13743836
 H        2.95980592     1.73182529     0.10971145
 H        1.42985766     2.34348583    -0.51048532
 H        1.54630480     1.77195076     1.16033689
