          25
 1-Methyl-4-[propan-2-yl]cyclopent-1-ene
 C       -3.09037463    -0.99603131    -0.32722552
 C       -1.84416774    -0.21761943    -0.04116008
 C       -1.73713364     1.09942361     0.15102039
 C       -0.31221648     1.54389375     0.36398523
 C        0.44933820     0.20783773     0.59821166
 C       -0.48579660    -0.88752970     0.01339303
 C        1.91999341     0.18999843     0.12882824
 C        2.10220067     0.33678172    -1.39004059
 C        2.64437324    -1.06779201     0.63360251
 H       -3.97410590    -0.35198307    -0.35025117
 H       -3.02185899    -1.51354404    -1.29334310
 H       -3.25538155    -1.77509146     0.42856051
 H       -2.57024383     1.79548941     0.12043274
 H        0.06165760     2.08657699    -0.51652221
 H       -0.19604217     2.23080894     1.21150621
 H        0.46797121     0.05137153     1.68452768
 H       -0.49242889    -1.79863845     0.62457075
 H       -0.18339562    -1.20477167    -0.99554333
 H        2.40338132     1.05862391     0.59999651
 H        3.16583190     0.41801874    -1.63821764
 H        1.70938044    -0.53147617    -1.93045808
 H        1.60382512     1.22716691    -1.78502807
 H        3.70675425    -1.04549018     0.36813392
 H        2.57249333    -1.15992275     1.72282848
 H        2.21458161    -1.97521066     0.19360554
