          20
  1-Methylindene
 C        2.36211306     1.38477239     0.60000427
 C        1.63545607     0.44849922    -0.38418129
 C        0.12925012     0.41453991    -0.21237203
 C        2.00314024    -1.01133922    -0.21460971
 C       -0.27962257    -0.91397420     0.02509602
 C       -0.80265874     1.43895916    -0.25725667
 C        0.91427524    -1.76383583     0.01738011
 C       -1.62539692    -1.21779222     0.21617261
 C       -2.15468457     1.13375994    -0.06287796
 C       -2.55956531    -0.18119181     0.17032154
 H        2.04859623     2.42321090     0.45506526
 H        3.44604576     1.33709982     0.45363370
 H        2.14280350     1.10315092     1.63405706
 H        1.88593949     0.77176792    -1.40659095
 H        3.02564614    -1.36553863    -0.27266939
 H       -0.49704967     2.46543753    -0.44027866
 H        0.89772369    -2.83615381     0.17483241
 H       -1.94488602    -2.23985435     0.39698520
 H       -2.89500063     1.92694516    -0.09444272
 H       -3.61271029    -0.39978221     0.31774593
