          25
 1-Methyltetralin
 C       -1.34629018     0.93813945    -0.29820760
 C       -2.37027282    -0.13606888     0.10767948
 C       -1.98498217    -1.52061521    -0.41217250
 C        0.09885184     0.46167331    -0.13480029
 C       -0.66139736    -1.95103333     0.22416555
 C        0.41487536    -0.88955886     0.09665005
 C       -1.63869913     2.24610367     0.45829070
 C        1.15240890     1.37762432    -0.26590229
 C        1.75720213    -1.27015289     0.21192248
 C        2.48156781     0.98870970    -0.14995293
 C        2.78888696    -0.34752964     0.09714225
 H       -1.49582911     1.13975960    -1.37053780
 H       -3.36105099     0.15983909    -0.25592970
 H       -2.44011367    -0.17289041     1.20436751
 H       -1.88117048    -1.49052599    -1.50496207
 H       -2.76857863    -2.25253946    -0.18751208
 H       -0.30221365    -2.88768808    -0.21744050
 H       -0.83362083    -2.16768625     1.28892931
 H       -1.44407460     2.12707654     1.52969390
 H       -2.69110907     2.52414551     0.33481492
 H       -1.03606969     3.08444375     0.10007998
 H        0.92902800     2.42009406    -0.46853859
 H        1.98903225    -2.31744378     0.38962117
 H        3.27264877     1.72460603    -0.25532405
 H        3.82183479    -0.66826593     0.18888208
