          28
 1-Phenylnaphthalene
 C        0.08739774    -0.72700407     0.05700966
 C       -1.04167965     0.15436605    -0.03290190
 C       -0.13077821    -2.08670302     0.18022640
 C        1.48942273    -0.22700598     0.02675959
 C       -2.36201901    -0.40008310     0.04940075
 C       -0.91895570     1.55531969    -0.23760625
 C       -1.43180509    -2.62766526     0.24966828
 C        2.40151120    -0.74021973    -0.90582578
 C        1.94985788     0.72016770     0.95349446
 C       -2.52506458    -1.80078440     0.19670156
 C       -3.48362521     0.46538176    -0.03316608
 C       -2.02742598     2.36397291    -0.32177511
 C        3.72844798    -0.31782524    -0.91701543
 C        3.27692836     1.14091413     0.94445999
 C       -3.32508499     1.81756772    -0.20903023
 C        4.17124112     0.62524240     0.00788991
 H        0.72512311    -2.75022037     0.25322407
 H        0.06954903     1.98599462    -0.34130105
 H       -1.55840714    -3.70017879     0.35828302
 H        2.05739117    -1.46769330    -1.63424281
 H        1.26384643     1.11282275     1.69696694
 H       -3.53115139    -2.20513020     0.26084597
 H       -4.47683018     0.03108026     0.03898700
 H       -1.90603084     3.43065810    -0.48234945
 H        4.41577523    -0.72410568    -1.65258904
 H        3.61428270     1.86882813     1.67584557
 H       -4.19228895     2.46717186    -0.27260825
 H        5.20511373     0.95520931     0.00023300
