          22
 1-Propylcyclopent-1-ene
 C       -0.84160213    -1.16292231    -0.27454493
 C       -0.14115867    -0.03999930     0.47206990
 C       -2.29999087    -0.65818122    -0.40800585
 C       -2.21856856     0.87944754    -0.21992924
 C        1.23089290    -0.20715429     1.05833683
 C       -0.89930586     1.06015419     0.49214210
 C        2.33244741    -0.49766843     0.01546705
 C        2.56688985     0.65870573    -0.96062684
 H       -0.77472369    -2.12377771     0.25094933
 H       -0.37614295    -1.32232713    -1.25799117
 H       -2.76612007    -0.94818257    -1.35348045
 H       -2.90629853    -1.08814234     0.39588079
 H       -2.21870134     1.40945235    -1.18390903
 H       -3.07027386     1.27679771     0.34472838
 H        1.49920766     0.69376152     1.62410250
 H        1.21366857    -1.03759102     1.77902303
 H       -0.60092069     2.00289256     0.94108308
 H        3.26398416    -0.72271440     0.54867272
 H        2.07432911    -1.40642677    -0.54251066
 H        2.88276191     1.56348252    -0.42862999
 H        3.34526406     0.41166638    -1.68951626
 H        1.65350771     0.90554479    -1.51100372
