          27
 (1R,2R)-1-methyl-2-propan-2-ylcyclopentane
 C        0.13511722    -0.31403888    -0.40469317
 C       -1.01109636     0.71410645    -0.66856614
 C       -0.40292877    -1.17296278     0.75452252
 C       -2.31290428    -0.05391227    -0.26968141
 C       -1.86576040    -1.40375356     0.34657226
 C        1.58364376     0.22255229    -0.28848945
 C       -0.90761555     2.05051794     0.07924358
 C        1.98539030     0.70393590     1.11606480
 C        2.58910674    -0.83736123    -0.77192014
 H        0.12916862    -0.97156330    -1.28664759
 H       -1.02512828     0.94679343    -1.73980156
 H       -0.35668458    -0.61985039     1.70062430
 H        0.15285404    -2.10537808     0.89655756
 H       -2.97942647    -0.20228177    -1.12437644
 H       -2.87727276     0.53152172     0.46422210
 H       -1.91153727    -2.19895097    -0.40684200
 H       -2.50216058    -1.71695610     1.17950526
 H        1.66705255     1.07999469    -0.97174053
 H       -0.92288803     1.91271593     1.16599335
 H       -1.76233972     2.68674380    -0.17653672
 H        0.00108664     2.60268803    -0.18050442
 H        2.00829812    -0.12922795     1.82708791
 H        1.30728416     1.46210624     1.51354358
 H        2.99067381     1.13867327     1.09268031
 H        2.53339129    -1.74314804    -0.15650989
 H        3.61702813    -0.46322455    -0.71393330
 H        2.39586544    -1.12813838    -1.80992682
