          27
 (1R,2S)-1,2-diethylcyclopentane
 C        0.28807614    -0.55017042     0.62426032
 C       -0.00550404     0.90900713     0.16916864
 C        2.38152462     0.39163046    -0.24324350
 C        1.19121985     1.25039849    -0.75315861
 C        1.80162444    -0.45432629     0.91704802
 C       -0.02283068    -1.64481231    -0.42458964
 C       -1.36856887     1.23432845    -0.45150167
 C       -1.43376902    -2.24213880    -0.34275485
 C       -2.53552233     1.19936994     0.54266837
 H       -0.25975887    -0.79177583     1.54332327
 H        0.09313054     1.52948531     1.07263293
 H        3.22497721     1.00462804     0.08682572
 H        2.76022472    -0.25478383    -1.04103390
 H        1.40798569     2.32293375    -0.73771616
 H        0.94932954     1.00031955    -1.79268792
 H        2.28003177    -1.43427291     1.01139649
 H        1.95203485     0.06844538     1.86899857
 H        0.69631171    -2.46276196    -0.29098459
 H        0.15312209    -1.26168414    -1.43772970
 H       -1.56675592     0.55880557    -1.29316353
 H       -1.31246850     2.23988493    -0.88967043
 H       -1.62516482    -2.65419534     0.65472254
 H       -1.55434875    -3.05693013    -1.06466601
 H       -2.21310480    -1.50390040    -0.54872333
 H       -2.65407686     0.21185343     0.99931135
 H       -3.48147003     1.45444401     0.05378165
 H       -2.37738141     1.91876170     1.35415144
