          24
 (1R,2S)-1,2-dimethylcyclohexane
 C       -0.40230450     0.96745917    -0.41286261
 C       -0.87158447    -0.51102630    -0.45514766
 C        1.10530326     1.04130082    -0.73847913
 C       -0.02198743    -1.40430807     0.46796631
 C        1.95994349     0.15286668     0.17885413
 C        1.47591989    -1.30360222     0.14494991
 C       -0.74057629     1.69704700     0.89880931
 C       -2.37089698    -0.68021344    -0.18248562
 H       -0.93733674     1.49610576    -1.21441137
 H       -0.68805472    -0.85510742    -1.48481041
 H        1.25632888     0.71891867    -1.77807003
 H        1.44688822     2.08231418    -0.68442851
 H       -0.19216079    -1.12071644     1.51579639
 H       -0.35782476    -2.44481405     0.37764283
 H        1.91628216     0.52803560     1.20965649
 H        3.01232224     0.21028548    -0.12273057
 H        2.05782949    -1.91682625     0.84300087
 H        1.65501756    -1.71835876    -0.85723135
 H       -0.37223699     2.72813822     0.86427863
 H       -1.82031427     1.74100993     1.06803172
 H       -0.28998111     1.21958593     1.77439071
 H       -2.97061587    -0.02606890    -0.82564189
 H       -2.68536628    -1.71240834    -0.37145724
 H       -2.62410492    -0.44815106     0.85755478
