          21
  (1S,3S)-1,3-dimethylcyclopentane
 C        1.18772546    -0.12344479     0.39446078
 C       -1.18771699    -0.12344715    -0.39445569
 C       -0.00000245    -1.05005741     0.00002256
 C        0.76034573     1.27561429    -0.09693497
 C       -0.76034421     1.27561320     0.09693910
 C        2.54706664    -0.58926704    -0.12779282
 C       -2.54707347    -0.58926263     0.12776343
 H        1.23910545    -0.08373704     1.49075590
 H       -1.23906557    -0.08374753    -1.49075285
 H       -0.27521068    -1.70646013     0.83305708
 H        0.27519481    -1.70650529    -0.83297985
 H        0.99993030     1.38515704    -1.16382500
 H        1.27192177     2.08494558     0.43410506
 H       -0.99993071     1.38515588     1.16382877
 H       -1.27192131     2.08494265    -0.43410279
 H        2.80485522    -1.58249231     0.25605764
 H        3.34708105     0.09869019     0.16795779
 H        2.54497058    -0.64704229    -1.22298978
 H       -2.80485121    -1.58249226    -0.25608307
 H       -3.34707897     0.09869140    -0.16801859
 H       -2.54500942    -0.64702543     1.22296110
