          27
 (1R,3R)-1-methyl-3-propan-2-ylcyclopentane
 C       -2.39855205    -1.53891216     0.14808744
 C       -2.84057091     0.93374724    -0.00387209
 C        3.22420588    -0.81173320     0.11501668
 C        1.67074833     1.25058168     0.19130811
 C        0.17164304     1.45606188    -0.05334063
 C        0.64464816    -0.94976051    -0.06407557
 C       -1.83381434    -0.18543422    -0.31020602
 C        1.93985499    -0.15165031    -0.38651323
 C       -0.45424833     0.09094417     0.31579827
 H        2.01264328    -0.04713342    -1.47761813
 H       -0.58166767     0.07229115     1.40816557
 H       -2.56037243    -1.54341583     1.23315163
 H       -1.72459688    -2.36698638    -0.09044860
 H       -3.36234113    -1.74505742    -0.32975158
 H       -2.98741831     1.04094473     1.07809273
 H       -2.50988520     1.90100539    -0.39287601
 H       -3.81715725     0.71278520    -0.44804703
 H        4.10636022    -0.21079317    -0.13274024
 H        3.19965575    -0.93456912     1.20456346
 H        3.36418686    -1.80425804    -0.32732606
 H        2.29865675     2.02509596    -0.26128880
 H        1.87692892     1.25453781     1.27076407
 H       -0.24915022     2.28715170     0.51984998
 H       -0.00377597     1.67307271    -1.11652625
 H        0.81846843    -1.65202152     0.75850491
 H        0.33881211    -1.55355232    -0.92556874
 H       -1.69477198    -0.22648294    -1.40179259
