          24
 (1R,3S)-1,3-dimethylcyclohexane
 C        1.28277076    -0.33569421    -0.32434337
 C       -1.28277076    -0.33569422    -0.32434337
 C        0.00000000    -1.07818145     0.08784553
 C        1.26798558     1.09908429     0.22945162
 C       -1.26798558     1.09908429     0.22945161
 C        0.00000000     1.86012468    -0.18128724
 C        2.53925790    -1.09782577     0.10931182
 C       -2.53925791    -1.09782576     0.10931182
 H        1.28884552    -0.26729631    -1.42332535
 H       -1.28884552    -0.26729632    -1.42332535
 H        0.00000000    -2.08804179    -0.34305998
 H        0.00000000    -1.21125134     1.18099167
 H        1.32700221     1.05627144     1.32722007
 H        2.16160234     1.63902981    -0.10726331
 H       -2.16160233     1.63902981    -0.10726331
 H       -1.32700221     1.05627143     1.32722007
 H        0.00000000     2.00188158    -1.27119495
 H        0.00000000     2.86331225     0.26089316
 H        2.55816828    -2.10879180    -0.31242266
 H        3.45001652    -0.58213361    -0.21449449
 H        2.58247150    -1.19319005     1.20106889
 H       -3.45001652    -0.58213361    -0.21449450
 H       -2.55816829    -2.10879180    -0.31242264
 H       -2.58247151    -1.19319002     1.20106890
