          27
 (1R,3S)-1-methyl-3-propan-2-ylcyclopentane
 C       -2.04646971     1.08634084    -1.10978521
 C       -2.95364598    -0.57729216     0.55690067
 C        3.25402068     0.67727153    -0.00876878
 C        1.50677164    -1.12418427    -0.61324003
 C       -0.01904857    -1.30141041    -0.38371485
 C        0.72010872     0.86966107     0.47031190
 C       -1.86007137     0.46786818     0.28463143
 C        1.96007564    -0.03443689     0.38232600
 C       -0.45596424    -0.12366764     0.54093718
 H        2.10342894    -0.50392953     1.36666124
 H       -0.47436303    -0.50956269     1.57008993
 H       -1.95093305     0.33749240    -1.90375447
 H       -1.32230847     1.88122551    -1.31066837
 H       -3.04630620     1.52454751    -1.19854456
 H       -2.89534693    -1.40714100    -0.15674456
 H       -2.86150244    -0.99787840     1.56432077
 H       -3.95227719    -0.13638492     0.46760693
 H        3.14978014     1.16949000    -0.98328124
 H        3.52767483     1.44423755     0.72410196
 H        4.09112130    -0.02604454    -0.08065863
 H        2.06577190    -2.05747615    -0.49364227
 H        1.69679609    -0.77375116    -1.63551630
 H       -0.55513470    -1.28410029    -1.33730235
 H       -0.24899668    -2.26513697     0.07977490
 H        0.66007689     1.48389749    -0.43823616
 H        0.74478447     1.55542153     1.32440223
 H       -1.99172606     1.27771075     1.01736164
