          18
   (1R,2S)-1-ethyl-2-methylcyclopropane
 C        1.24982670    -1.17361345     0.24823630
 C        1.16320095     0.14130267    -0.49134593
 C       -0.06362849    -0.73796450    -0.35738544
 C       -1.25442986    -0.38049651     0.51039686
 C       -2.27478866     0.50929644    -0.21129595
 H        1.33496534    -1.12673381     1.33070479
 H        1.79109604    -2.00016875    -0.20042288
 H       -0.34595043    -1.25751231    -1.27179981
 H       -1.74575409    -1.30714385     0.83630872
 H       -0.91736947     0.11522892     1.42801707
 H       -2.64724951     0.02277149    -1.11983167
 H       -1.82730277     1.46330155    -0.50877202
 H       -3.13739211     0.72572093     0.42729271
 C        1.32701877     1.45731410     0.23984086
 H        1.61007971     0.14255052    -1.48319644
 H        0.85037427     2.28212461    -0.30243518
 H        2.38824935     1.70664707     0.35336977
 H        0.89358417     1.42597930     1.24366597
