          27
  (1R,2S)-1-methyl-2-propylcyclopentane
 C       -0.65881605    -0.81460780     0.46820306
 C        0.03229884     0.49177170    -0.00602082
 C       -2.41428656     0.86476268     0.07990403
 C       -1.98410125    -0.27198952     1.04384164
 C       -1.11596771     1.30234892    -0.65451131
 C        1.26590402     0.35049237    -0.90534250
 C       -0.89891374    -1.84210630    -0.64823591
 C        2.46930673    -0.37185680    -0.27505368
 C        3.10062167     0.36711147     0.91116874
 H       -0.06977644    -1.29871342     1.25610776
 H        0.33185483     1.02718420     0.90558230
 H       -3.16187772     0.50911559    -0.63551372
 H       -2.87775791     1.69260015     0.62400995
 H       -1.80346858     0.13708764     2.04462183
 H       -2.74825901    -1.04865239     1.15047541
 H       -1.18062175     1.07079369    -1.72401830
 H       -0.93553888     2.37927608    -0.58324615
 H        1.58400317     1.35485678    -1.21926312
 H        0.97882438    -0.17083673    -1.82747679
 H        0.03936196    -2.22499734    -1.06132457
 H       -1.47562491    -1.41888725    -1.47802975
 H       -1.46196608    -2.69846979    -0.26203028
 H        3.23257366    -0.51275121    -1.05058944
 H        2.17204329    -1.37994060     0.04085169
 H        3.40965022     1.37926709     0.62530428
 H        3.98809859    -0.16035831     1.27544262
 H        2.40691515     0.45938378     1.75295811
