          24
   (1R,3S)-1-ethyl-3-methylcyclopentane
 C        0.73654057     0.19928564     0.31965030
 C       -0.51676979     1.02651499    -0.01684336
 C       -1.68533587     0.10587011     0.36827175
 C       -1.21429240    -1.27658487    -0.14019714
 C        0.33881009    -1.25293089    -0.07306223
 C        2.02543253     0.70907515    -0.33273094
 C        3.28174980    -0.05946076     0.09254671
 C       -3.05201302     0.53750302    -0.16102438
 H        0.87284939     0.23450973     1.41052802
 H       -0.55044006     1.23199165    -1.09733639
 H       -0.54067186     1.99339843     0.49764094
 H       -1.73279157     0.07122278     1.46645994
 H       -1.54644369    -1.41220297    -1.17663710
 H       -1.65099209    -2.09791753     0.43629347
 H        0.73012328    -1.98301326     0.64119311
 H        0.76901482    -1.51212449    -1.04735870
 H        2.15408316     1.77215889    -0.08951683
 H        1.91505559     0.65752742    -1.42509063
 H        3.42983220    -0.00284764     1.17711456
 H        4.17797104     0.34747409    -0.38666836
 H        3.21427320    -1.11887939    -0.17632643
 H       -3.33940757     1.52180759     0.22471364
 H       -3.83500183    -0.17279714     0.12699877
 H       -3.04492327     0.59742301    -1.25605867
