          27
 (1S,3S)-1,3-diethylcyclopentane
 C       -1.25035137     0.30709303    -0.30751660
 C       -0.25752801    -0.81915343     0.10493040
 C        1.12523627    -0.14382395     0.34910704
 C        0.96309998     1.28166206    -0.22277036
 C       -0.50962569     1.61280751     0.04575414
 C       -2.64594070     0.19224382     0.31475922
 C       -3.43110380    -1.04047537    -0.14681399
 C        2.30525704    -0.94150469    -0.21736231
 C        3.67741770    -0.32985086     0.08599491
 H       -1.36601101     0.27860802    -1.40043502
 H       -0.18407484    -1.58515102    -0.67448921
 H       -0.60138890    -1.33229382     1.01035173
 H        1.27411340    -0.04856753     1.43395944
 H        1.15119404     1.27195555    -1.30570981
 H        1.65619413     2.00315603     0.22005051
 H       -0.65049956     1.84419788     1.11082554
 H       -0.87604350     2.47383719    -0.52275709
 H       -3.22067263     1.09651951     0.07380995
 H       -2.54637196     0.17735414     1.40929932
 H       -3.57221052    -1.03289852    -1.23374100
 H       -4.42223094    -1.07771895     0.31662724
 H       -2.90930356    -1.96808115     0.11139121
 H        2.17760411    -1.03858656    -1.30488218
 H        2.26953095    -1.96304617     0.18379109
 H        3.77984137     0.66709334    -0.35492553
 H        4.48552117    -0.95212086    -0.31183283
 H        3.83507677    -0.23114033     1.16624425
