          20
 (1Z,3Z)-cycloocta-1,3-diene
 C       -1.26355816     1.21654007     0.36010587
 C        0.11137002     1.78797547     0.10179981
 C        1.12801559     0.98434458    -0.72707479
 C        1.88008787    -0.10956242     0.04537015
 C        0.95319875    -1.11439876     0.76196999
 C       -0.04874171    -1.73629627    -0.16860050
 C       -1.23962344    -1.20186205    -0.47121824
 C       -1.82021920     0.02761835     0.07992814
 H       -1.93104841     1.95031218     0.81348252
 H       -2.88779053    -0.05274377     0.28927578
 H       -1.89846633    -1.76294131    -1.13326574
 H        0.23068047    -2.67580931    -0.64191267
 H        0.41978629    -0.59236337     1.56528186
 H        1.56446359    -1.89216821     1.23392578
 H        2.53842506     0.35455422     0.79122015
 H        2.53473928    -0.64759555    -0.65184259
 H        1.86940362     1.68672823    -1.12641322
 H        0.62187178     0.54854032    -1.59411796
 H       -0.05538445     2.75037833    -0.40363547
 H        0.55904345     2.06722253     1.06898445
