          20
 (1Z,4Z)-cycloocta-1,4-diene
 C        1.78685975     0.09639258    -0.34722519
 C        1.24383180     1.30533722    -0.19916796
 C       -0.00000420     1.58687388     0.61681652
 C       -1.24383870     1.30533088    -0.19916811
 C       -1.78686011     0.09638333    -0.34722530
 C       -1.31621589    -1.18170667     0.31189859
 C        0.00000465    -1.80173221    -0.22451717
 C        1.31622213    -1.18170011     0.31189838
 H        2.64886952     0.00125648    -1.00495584
 H        1.67064198     2.14571965    -0.74268890
 H       -0.00000288     0.95739569     1.51536881
 H       -0.00000683     2.62789473     0.95600096
 H       -1.67065331     2.14571107    -0.74268902
 H       -2.64886948     0.00124257    -1.00495581
 H       -1.20529943    -1.02714210     1.39416748
 H       -2.10638203    -1.93221934     0.20075074
 H        0.00000734    -2.85919653     0.06738702
 H        0.00000451    -1.78247033    -1.32016987
 H        2.10639208    -1.93220870     0.20075006
 H        1.20530530    -1.02713636     1.39416735
