          20
 2,2-Dimethylbutane
 C        0.43292778    -0.00194053     0.00000009
 C       -0.88644622     0.81145379     0.00000554
 C        0.53214153    -0.88500325     1.25784302
 C        0.53214450    -0.88498125    -1.25785806
 C        1.60558540     0.99704797     0.00000990
 C       -2.19340915     0.00899533    -0.00000011
 H       -0.87883425     1.47335935     0.87657804
 H       -0.87883375     1.47337135    -0.87655788
 H        1.49692502    -1.40328236     1.29243117
 H        0.44474316    -0.28458068     2.17073355
 H       -0.25066399    -1.64952541     1.28284101
 H        1.49692808    -1.40325977    -1.29245290
 H       -0.25066081    -1.64950317    -1.28287175
 H        0.44474847    -0.28454274    -2.17073834
 H        2.56910897     0.47511995     0.00000536
 H        1.57577182     1.64267470    -0.88506137
 H        1.57577128     1.64265823     0.88509317
 H       -2.28194315    -0.63026087     0.88396506
 H       -3.05430679     0.68540713     0.00000249
 H       -2.28194126    -0.63025173    -0.88397208
