          21
 2,3,3-Trimethylbut-1-ene
 C        0.60557045     0.02163999    -0.00000009
 C       -0.91704139    -0.16806223    -0.00000024
 C        1.03353754     0.81190890    -1.25930307
 C        1.35657367    -1.32132468    -0.00000881
 C        1.03353850     0.81189299     1.25931264
 C       -1.77557751     1.07886197    -0.00000004
 C       -1.50626148    -1.36595978    -0.00000049
 H        2.12332552     0.92084420    -1.28441993
 H        0.72478592     0.29214564    -2.17231149
 H        0.60377467     1.81737087    -1.27998197
 H        2.43693580    -1.14287802    -0.00000974
 H        1.11828282    -1.91743324     0.88637145
 H        1.11827932    -1.91742342    -0.88639474
 H        0.60377469     1.81735429     1.28000524
 H        0.72478848     0.29211749     2.17231460
 H        2.12332642     0.92082905     1.28442947
 H       -2.83635344     0.81646723     0.00000655
 H       -1.58809854     1.70649261     0.87849698
 H       -1.58810793     1.70648567    -0.87850407
 H       -0.95594459    -2.29829853    -0.00000147
 H       -2.58866374    -1.45377699     0.00000021
