          24
 2,3,3-Trimethylpent-1-ene
 C        0.28517513    -0.54027570    -0.08861015
 C        1.35148942     0.45688718    -0.62847291
 C       -1.04553002     0.18129165     0.16036805
 C        0.07697989    -1.63895846    -1.15937211
 C        0.82112403    -1.22686116     1.18079452
 C        1.67211921     1.64710823     0.28227336
 C       -1.67655172     0.90366906    -1.01129912
 C       -1.66485654     0.19305587     1.34321065
 H        1.02510819     0.83065985    -1.60595170
 H        2.27075504    -0.11133618    -0.82129804
 H       -0.69646773    -2.34842273    -0.84737128
 H        1.00648357    -2.19826692    -1.31237914
 H       -0.21602125    -1.22127049    -2.12682572
 H        0.97723050    -0.52269249     2.00214781
 H        1.78172430    -1.70689167     0.96527297
 H        0.13470590    -2.00368506     1.53181257
 H        0.77316784     2.22508553     0.51843678
 H        2.38772910     2.31925665    -0.20198838
 H        2.11465165     1.32707092     1.23044968
 H       -1.03076172     1.70154156    -1.39547009
 H       -2.62638558     1.35772231    -0.71839195
 H       -1.87410254     0.22953128    -1.85201169
 H       -1.27144178    -0.29939734     2.22352719
 H       -2.61255442     0.70784962     1.47068858
