          24
 2,3,4-Trimethylpent-2-ene
 C        1.36313012     0.31563887     0.00649788
 C       -0.14762284     0.60247837     0.00435979
 C       -1.12011752    -0.32772989    -0.00204139
 C        1.87282146    -0.35677096    -1.28345374
 C        1.86543255    -0.39393141     1.27920012
 C       -0.41956461     2.09202229     0.00915347
 C       -2.60192510    -0.01939352    -0.00054151
 C       -0.88811835    -1.82314865    -0.01178823
 H        1.84161414     1.30307295     0.02238214
 H        2.96847512    -0.38737976    -1.28845331
 H        1.51437700    -1.38310748    -1.39580746
 H        1.54875461     0.20267784    -2.16699692
 H        2.96113867    -0.42049399     1.29118367
 H        1.53284574     0.13748997     2.17674602
 H        1.51065378    -1.42453721     1.35794018
 H        0.03447607     2.56080616     0.89277641
 H        0.05044623     2.56789096    -0.86222533
 H       -1.47527695     2.36104941    -0.00002254
 H       -3.08255728    -0.45015157    -0.88933885
 H       -3.08760864    -0.48984219     0.86500129
 H       -2.84441722     1.04210977     0.02332597
 H       -1.37835974    -2.27825526    -0.88304138
 H        0.15825712    -2.11644697    -0.03146098
 H       -1.34832927    -2.28655101     0.87148373
