          26
 2,3,4-Trimethylpentane
 C        0.01823690    -0.03257737     0.71121747
 C       -1.47558497    -0.02597517     0.27412987
 C        1.03823561    -0.38264960    -0.41622045
 C        0.38308256     1.25032842     1.47659847
 C       -1.98515387    -1.43973484    -0.04859639
 C       -1.81968826     0.93572182    -0.87417255
 C        2.22618771    -1.17558930     0.15509874
 C        1.56290733     0.82454448    -1.21385122
 H        0.08822553    -0.85216747     1.44062559
 H       -2.03553261     0.31671073     1.15651134
 H        0.52748925    -1.04468735    -1.12726021
 H        1.41849253     1.22668721     1.83212887
 H       -0.26141485     1.36807216     2.35425909
 H        0.26958103     2.14862489     0.86194545
 H       -1.49832550    -1.85691779    -0.93729811
 H       -3.06244865    -1.42855531    -0.24667667
 H       -1.80551562    -2.12845696     0.78403494
 H       -1.48147140     1.95735223    -0.67610479
 H       -2.90423812     0.97323179    -1.02379526
 H       -1.37457629     0.60927759    -1.82017609
 H        2.76735660    -0.59276142     0.91009537
 H        2.94277050    -1.43598402    -0.63162263
 H        1.89486607    -2.10587803     0.62838882
 H        0.75966910     1.43348361    -1.63489749
 H        2.18891034     0.48176896    -2.04494894
 H        2.18265877     1.47709581    -0.58967086
