          19
 2,3-Dihydro-1H-indene
 C        2.45772903     0.00000000    -0.26914522
 C        1.60320373     1.22925951     0.13021941
 C        0.18683696     0.70018218     0.05285171
 C        0.18683696    -0.70018218     0.05285170
 C        1.60320373    -1.22925952     0.13021938
 C       -1.01152529    -1.40425679     0.00397788
 C       -2.21454802    -0.69764430    -0.04941439
 C       -2.21454802     0.69764430    -0.04941441
 C       -1.01152529     1.40425679     0.00397785
 H        3.44808810    -0.00000000     0.19363836
 H        2.60293757     0.00000002    -1.35494158
 H        1.83443984     1.54953204     1.15602863
 H        1.77789848     2.09605077    -0.51528324
 H        1.83443985    -1.54953210     1.15602858
 H        1.77789846    -2.09605075    -0.51528332
 H       -1.01560015    -2.49072075     0.00002398
 H       -3.15554807    -1.23700975    -0.09657572
 H       -3.15554808     1.23700974    -0.09657577
 H       -1.01560015     2.49072075     0.00002394
