          24
 2,3-Dimethylhex-1-ene 
 C        2.71720348     0.51469397    -0.49457436
 C        1.86322021     0.23213180     0.74705968
 C        0.85056469    -0.90983196     0.56818043
 C       -0.28316733    -0.64285787    -0.44884914
 C       -1.16701959    -1.89653168    -0.59947406
 C       -1.10807395     0.58763585    -0.10293068
 C       -1.18804872     1.62050182    -0.94414080
 C       -1.84584436     0.60041458     1.21495171
 H        2.10928400     0.86521851    -1.33434549
 H        3.46533685     1.28692666    -0.28875815
 H        3.25010387    -0.38584304    -0.82158125
 H        1.33507304     1.14830468     1.03800446
 H        2.52490791    -0.02095721     1.58475099
 H        0.40561413    -1.15258095     1.54186546
 H        1.38437925    -1.81612428     0.25075772
 H        0.17638958    -0.45250550    -1.42614433
 H       -0.57131780    -2.74416597    -0.95453823
 H       -1.97577403    -1.72550812    -1.31674578
 H       -1.61799047    -2.19083051     0.35432162
 H       -0.66581803     1.62376579    -1.89641212
 H       -1.78221358     2.50048006    -0.71557009
 H       -2.41627344     1.52462637     1.33679189
 H       -1.15780394     0.51550692     2.06442728
 H       -2.54493604    -0.24029466     1.29492967
