          13
   Penta-2,3-diene
 C       -2.33200619     0.48843542    -0.19311735
 C        2.33190377     0.48866884     0.19290133
 C       -1.24600087    -0.38522680     0.38703189
 C        1.24611964    -0.38560555    -0.38674006
 C       -0.00000929    -0.38662456    -0.00007468
 H       -1.94282537     1.13029499    -0.98660933
 H       -3.14366007    -0.12100501    -0.60877257
 H       -2.77651306     1.12618635     0.58060113
 H        2.77664153     1.12567140    -0.58130068
 H        3.14344292    -0.12033159     0.60942460
 H        1.94243933     1.13129733     0.98563138
 H       -1.54514077    -1.06179241     1.18885615
 H        1.54553145    -1.06290361    -1.18784410
