          24
 2,4-Dimethylhex-1-ene
 C       -0.83109464    -0.53888006     0.17200084
 C        0.55652578    -0.95175905    -0.37940167
 C       -1.20756968     0.89699946    -0.23619579
 C       -1.88594233    -1.56642877    -0.26285618
 C        1.71366271    -0.07299247     0.06757380
 C       -2.50615891     1.42064110     0.38856289
 C        2.31033913     0.84259070    -0.97105480
 C        2.18633626    -0.12399737     1.31394342
 H       -0.76209766    -0.56201178     1.26913325
 H        0.50727044    -0.96672909    -1.47629941
 H        0.74829145    -1.98555462    -0.06746588
 H       -1.28031565     0.95095043    -1.33209242
 H       -0.38870487     1.56544425     0.05335801
 H       -2.86293699    -1.36436588     0.18521093
 H       -1.59195214    -2.57976698     0.03108176
 H       -2.01168791    -1.56133963    -1.35273295
 H       -3.38252919     0.85914207     0.05086312
 H       -2.66943535     2.47052241     0.12476726
 H       -2.47090075     1.35616047     1.48221513
 H        3.11172735     1.46110093    -0.55783783
 H        1.55011234     1.50508880    -1.40285052
 H        2.72284358     0.26207812    -1.80673389
 H        1.77324027    -0.80232708     2.05522278
 H        3.00522969     0.50877751     1.64192120
