          26
 2,4-Dimethylhexane
 C       -0.83628212     0.45974958    -0.21182576
 C        0.57886942     0.69477041     0.37918530
 C        1.73742073    -0.02861793    -0.33695441
 C       -1.61796578    -0.60259451     0.58943326
 C       -1.61435089     1.78308040    -0.29496474
 C        1.61495678    -1.55874926    -0.31018879
 C        3.08534262     0.40939954     0.25394793
 C       -2.90478806    -1.09740515    -0.08079999
 H       -0.71729426     0.08309219    -1.23881801
 H        0.58350517     0.41512089     1.44276191
 H        0.80128202     1.76906968     0.35637608
 H        1.71557475     0.28818416    -1.39052822
 H       -1.85457792    -0.18762072     1.57947017
 H       -0.96588741    -1.46325756     0.77504627
 H       -2.60745195     1.65137897    -0.73504496
 H       -1.07727935     2.51554998    -0.90691701
 H       -1.74677803     2.21888010     0.70305198
 H        1.60970583    -1.93474512     0.72031343
 H        2.46153248    -2.02446023    -0.82653639
 H        0.70076429    -1.90786995    -0.79915871
 H        3.21183787     1.49603972     0.20011254
 H        3.92262146    -0.05355136    -0.27940645
 H        3.16343475     0.11800311     1.30855378
 H       -3.63552084    -0.29380573    -0.21475805
 H       -3.38394873    -1.87741586     0.51977035
 H       -2.69592472    -1.52262968    -1.06941663
