          24
 2,5-Dimethylhex-1-ene
 C       -1.60383891    -0.11980950    -0.31748819
 C       -0.69683923     1.01255194     0.20760157
 C        0.69826961     1.14007304    -0.44656722
 C       -1.19903001    -1.50856361     0.19960683
 C       -3.07058162     0.16879125     0.03744554
 C        1.73245658     0.08581661    -0.11386405
 C        2.10196657    -0.06680492     1.34066016
 C        2.33456176    -0.62997065    -1.06610115
 H       -1.52033802    -0.12880208    -1.41444992
 H       -0.59846100     0.92338678     1.29801219
 H       -1.21122758     1.96652402     0.03549494
 H        1.10891101     2.11338348    -0.13830219
 H        0.57454929     1.19116443    -1.53490474
 H       -1.85993637    -2.28208419    -0.20680930
 H       -1.27863409    -1.55181424     1.29321350
 H       -0.17363615    -1.76333567    -0.07655088
 H       -3.73210515    -0.61860412    -0.33952116
 H       -3.40674984     1.12193776    -0.38481482
 H       -3.20624285     0.22090106     1.12482241
 H        2.92194703    -0.77719208     1.47300682
 H        1.25222696    -0.41868418     1.93721340
 H        2.40770036     0.89563148     1.77103230
 H        2.07898022    -0.51321399    -2.11497166
 H        3.10712525    -1.35655579    -0.83278895
