          24
 2,5-Dimethylhex-2-ene
 C       -1.84438144     0.33032990    -0.19355868
 C       -0.65953197     0.26038035     0.79908528
 C       -1.65979213    -0.64452037    -1.36361608
 C       -3.17353258     0.07748808     0.52971415
 C        0.64389271     0.72370234     0.21071872
 C        1.79959508     0.05960521     0.08665311
 C        3.00633425     0.71923459    -0.53577458
 C        2.03595713    -1.35893179     0.54046506
 H       -1.87047565     1.35073517    -0.60334904
 H       -0.58439598    -0.76072658     1.18994051
 H       -0.90267823     0.89938386     1.66110783
 H       -2.47181525    -0.54671173    -2.09196881
 H       -1.65734437    -1.68232210    -1.00739716
 H       -0.71280832    -0.46865101    -1.88217000
 H       -4.02138199     0.15375043    -0.15945926
 H       -3.33270353     0.79785257     1.33949329
 H       -3.19470119    -0.92720676     0.96948277
 H        0.62086225     1.74936753    -0.16206818
 H        3.35643618     0.15762005    -1.41214340
 H        3.84906633     0.74705005     0.16796001
 H        2.79339085     1.74408912    -0.85119518
 H        1.15077364    -1.82810002     0.97233200
 H        2.83676631    -1.39633242     1.29081672
 H        2.37236476    -1.98166148    -0.29875599
