          21
 (2E)-3,4-dimethylpent-2-ene
 C        1.07458078    -0.50230368     0.12953008
 C       -0.31650557     0.10319527    -0.01782200
 C        1.89356313     0.17015062     1.24786391
 C        1.86043813    -0.49381532    -1.19624064
 C       -0.38238850     1.57149839    -0.36467160
 C       -1.39427476    -0.67050989     0.16281525
 C       -2.84810026    -0.30360242     0.07101261
 H        0.93308475    -1.55197050     0.41559996
 H        2.13046019     1.21173002     1.00563938
 H        1.34942093     0.15977063     2.19763329
 H        2.84378726    -0.35436636     1.39535731
 H        2.81133100    -1.02547459    -1.08163019
 H        1.29256058    -0.98150671    -1.99471903
 H        2.09511676     0.52510183    -1.52248553
 H        0.17681913     1.78950381    -1.28207928
 H       -1.40460712     1.92180614    -0.51360942
 H        0.06425563     2.18726066     0.42530693
 H       -1.21665034    -1.71692234     0.41366801
 H       -3.35888957    -0.49841877     1.02299984
 H       -3.35766110    -0.91767175    -0.68282078
 H       -3.01728940     0.74411262    -0.18568305
