          24
 (2E)-4,5-dimethylhex-2-ene
 C       -0.68430415     2.03449562    -0.05677056
 C       -0.35352137     0.55688954     0.23816678
 C        1.01921449     0.24214578    -0.30095014
 C        2.09229501    -0.07046414     0.42370481
 C        3.46092306    -0.34871621    -0.12706429
 C       -1.42197006    -0.41779206    -0.33209185
 C       -2.84439776    -0.07782339     0.13929428
 C       -1.09225758    -1.87633087     0.01909276
 H        0.11566948     2.68419169     0.31032980
 H       -1.61678343     2.34878751     0.41957271
 H       -0.78260997     2.20631791    -1.13559044
 H       -0.33127393     0.42340744     1.32970033
 H        1.11995850     0.30794159    -1.38721765
 H        1.99263734    -0.13310621     1.50821469
 H        3.80377940    -1.35514329     0.14493232
 H        4.20319709     0.35156365     0.27698042
 H        3.47875088    -0.26808296    -1.21813746
 H       -1.39775199    -0.31876038    -1.42818998
 H       -2.90546320    -0.08110359     1.23474273
 H       -3.55825810    -0.82128682    -0.23097825
 H       -3.17977199     0.90135491    -0.21213573
 H       -0.09586993    -2.16158979    -0.32755508
 H       -1.82048223    -2.55982383    -0.43009975
 H       -1.12110070    -2.02956580     1.10516499
