          24
 (2E)-5,5-dimethylhex-2-ene
 C       -1.35643539    -0.00297569     0.05084024
 C       -0.15385598    -0.26808984    -0.90208291
 C       -2.61429821    -0.61852934    -0.58817365
 C       -1.10445813    -0.66291418     1.41750692
 C       -1.57834132     1.50896766     0.23937177
 C        1.16864051     0.29770091    -0.46562664
 C        2.24489462    -0.42273360    -0.15000670
 C        3.57193837     0.13787225     0.27088130
 H       -0.05331070    -1.35228038    -1.03967217
 H       -0.41305833     0.14751568    -1.88727079
 H       -3.49163746    -0.47307312     0.05196655
 H       -2.83060299    -0.16029568    -1.55999438
 H       -2.49175409    -1.69599723    -0.74640484
 H       -1.94668802    -0.48857157     2.09635393
 H       -0.97840888    -1.74690627     1.31455655
 H       -0.20011617    -0.26701334     1.88910912
 H       -2.47057459     1.69515596     0.84738894
 H       -0.73186476     1.98367444     0.74521140
 H       -1.72173747     2.01291028    -0.72356489
 H        1.24178102     1.38478547    -0.42156372
 H        2.18090610    -1.51057749    -0.20133585
 H        3.55515177     1.23155629     0.29980527
 H        3.86041593    -0.22401880     1.26600588
 H        4.37108786    -0.17130471    -0.41498206
