          21
 (2E)-5-methylhex-2-ene
 C        1.53111783     0.04731199    -0.34421285
 C        0.38738689    -0.83254369     0.21236170
 C        1.38147109     1.51124203     0.08925757
 C        2.89696392    -0.51336672     0.07294474
 C       -0.97132943    -0.47944592    -0.32287329
 C       -2.01970801    -0.09932731     0.40651292
 C       -3.37668682     0.24241955    -0.13627656
 H       -1.08510973    -0.54826227    -1.40681609
 H       -1.90685016    -0.03030111     1.48928294
 H        1.47096479     0.00992912    -1.44192427
 H        0.38316557    -0.77058642     1.30890936
 H        0.61153401    -1.87971859    -0.03917380
 H        2.16275076     2.13667235    -0.35548099
 H        1.46346438     1.60268901     1.17955931
 H        0.40942929     1.91748156    -0.20470244
 H        3.71504941     0.08731033    -0.33871896
 H        3.02989156    -1.54429393    -0.27272848
 H        3.00294343    -0.51220369     1.16468631
 H       -3.66609251     1.26739103     0.12846989
 H       -4.15011645    -0.41552842     0.28031960
 H       -3.40753216     0.15240850    -1.22633083
