          24
 (2E)-6-methylhept-2-ene
 C        2.72934271     1.23302263    -0.16204273
 C        2.14284372    -0.10013765     0.32495677
 C        0.73315185    -0.36554031    -0.23594218
 C       -0.35158023     0.62372202     0.23252554
 C       -1.70979380     0.29580743    -0.32100303
 C       -2.78308953    -0.02198702     0.40104477
 C       -4.13552094    -0.35824146    -0.15636146
 C        3.08467686    -1.26051319    -0.02750553
 H        2.11851247     2.08892554     0.13966746
 H        3.73521885     1.38861462     0.24251273
 H        2.80712256     1.24683331    -1.25629894
 H        2.06209996    -0.05399485     1.42123033
 H        0.77815976    -0.36201887    -1.33487427
 H        0.42130854    -1.37802895     0.05055198
 H       -0.39185842     0.63090105     1.32927475
 H       -0.07240806     1.64022192    -0.07675475
 H       -1.79580384     0.31406474    -1.40923902
 H       -2.69593903    -0.04207843     1.48831136
 H       -4.14048966    -0.31685009    -1.24976860
 H       -4.45342350    -1.36408787     0.14666724
 H       -4.90309207     0.33404454     0.21270703
 H        4.08273860    -1.10544196     0.39623209
 H        2.70266482    -2.21450996     0.35128544
 H        3.19778753    -1.35588303    -1.11438025
