          21
   (2E)-hept-2-ene
 C       -1.10111679    -0.66673813    -0.32406412
 C       -2.53171716    -0.62162989     0.23539756
 C       -0.14596580     0.37762690     0.28648761
 C       -3.31250915     0.64904834    -0.12071509
 C        1.24189013     0.29748286    -0.28374404
 C        2.34688223     0.02018008     0.40651172
 C        3.73010431    -0.06962271    -0.16921527
 H        1.32423439     0.47183453    -1.35839436
 H        2.26370038    -0.15610285     1.47989404
 H       -0.67789325    -1.66405659    -0.15256219
 H       -1.13324839    -0.53305299    -1.41454349
 H       -2.49636932    -0.73610727     1.32725364
 H       -3.08088873    -1.49311154    -0.14229260
 H       -0.10699656     0.24413918     1.37522539
 H       -0.55219613     1.38321396     0.10967918
 H       -2.85046134     1.54657322     0.30252376
 H       -4.33799695     0.59977141     0.25934808
 H       -3.36714872     0.78565572    -1.20698572
 H        4.17046815    -1.06017209     0.00257775
 H        4.40630816     0.65617129     0.30047803
 H        3.72889109     0.11780182    -1.24724358
