          21
 2-Ethylpent-1-ene
 C        0.76330113     0.79942367     0.81364171
 C        1.67663263    -0.42257071     0.57907594
 C       -0.58769788     0.73997954     0.13382617
 C       -1.55913794    -0.33705561     0.59123221
 C        2.13568833    -0.57245144    -0.87439394
 C       -1.61864434    -1.56460712    -0.33693027
 C       -0.93155454     1.61647980    -0.81182858
 H        0.60133335     0.90274789     1.89624705
 H        1.29125202     1.70419008     0.48898968
 H        1.16336278    -1.33556199     0.90522811
 H        2.55419902    -0.32347460     1.22967255
 H       -2.56435818     0.09471355     0.65806567
 H       -1.29587093    -0.66420891     1.60450008
 H        1.28412464    -0.67164756    -1.55443094
 H        2.77424302    -1.45268609    -0.99987415
 H        2.70954013     0.30437614    -1.19549292
 H       -1.91917799    -1.26989572    -1.34698633
 H       -2.34451731    -2.29602621     0.03400026
 H       -0.64860992    -2.06458047    -0.41289905
 H       -0.24713950     2.38629609    -1.15498920
 H       -1.91274912     1.59954533    -1.27868777
