          16
 2-Methyl-2,3-pentadiene
 C       -0.97474155    -0.00000001    -0.03132544
 C       -1.75766570     1.28597267     0.12675164
 C       -1.75766600    -1.28597251     0.12675172
 C        0.30630104    -0.00000016    -0.29289330
 C        1.58512677    -0.00000007    -0.55346430
 C        2.68260747     0.00000001     0.48420506
 H       -2.22334730     1.33767992     1.11942820
 H       -2.57200108     1.33678850    -0.60757596
 H       -1.12172401     2.16388699    -0.00229505
 H       -2.22334765    -1.33767958     1.11942826
 H       -1.12172451    -2.16388698    -0.00229489
 H       -2.57200136    -1.33678820    -0.60757591
 H        1.90927560    -0.00000009    -1.59571708
 H        3.32688351     0.88087023     0.37349888
 H        3.32688346    -0.88087028     0.37349912
 H        2.27138681     0.00000016     1.49625008
