          24
 2-Methyl-3-methylenehexane
 C        2.26221550     0.53071160     1.13094440
 C        1.62391186     0.15840207    -0.22222478
 C        1.26173705     1.42592242    -1.01678679
 C        0.44594600    -0.78545706    -0.03398649
 C       -0.82129529    -0.25363043     0.61516065
 C       -1.93838326     0.08480390    -0.39336602
 C       -3.20586429     0.61120280     0.28622466
 C        0.52665389    -2.06032965    -0.41920098
 H        3.14997361     1.15394907     0.97768243
 H        2.56387703    -0.36468761     1.68250741
 H        1.56919576     1.09739930     1.76242497
 H        2.38016012    -0.38894661    -0.79877376
 H        0.52532570     2.03849226    -0.48521355
 H        0.84894312     1.17654504    -1.99910116
 H        2.15139352     2.04601491    -1.17106490
 H       -0.60054253     0.64051032     1.21056318
 H       -1.20818215    -1.00039227     1.31926261
 H       -2.17161596    -0.81598305    -0.97329625
 H       -1.57264352     0.82410375    -1.11517665
 H       -3.98799752     0.83328801    -0.44681041
 H       -3.00379941     1.53136749     0.84626399
 H       -3.60996921    -0.12209369     0.99343920
 H       -0.29063684    -2.75897173    -0.26133134
 H        1.41190407    -2.45698812    -0.90751460
