          15
 2-Methylbut-2-ene
 C        0.44978004    -0.03206162     0.00000002
 C       -0.73609596    -0.65145678     0.00000003
 C        0.64408427     1.46310261     0.00000000
 C        1.73442534    -0.82430111    -0.00000002
 C       -2.10983645    -0.04508893    -0.00000002
 H       -0.72625801    -1.74168477     0.00000006
 H        1.22302925     1.77798211    -0.87821492
 H        1.22303074     1.77798191     0.87821401
 H       -0.29319459     2.02172648     0.00000087
 H        1.54890978    -1.90169328    -0.00000037
 H        2.34807218    -0.58381248     0.87852147
 H        2.34807244    -0.58381196    -0.87852118
 H       -2.68113715    -0.37217905     0.87843341
 H       -2.68113752    -0.37218018    -0.87843279
 H       -2.09931864     1.04696856    -0.00000074
