          35
  2-Methyldecane
 C        1.50000542     0.23270588     0.23095597
 C        0.20994775    -0.49629074    -0.16487999
 C        2.76829495    -0.54989473    -0.13241133
 C       -1.06449343     0.27592594     0.19538757
 C        4.09151584     0.09238711     0.32486568
 C       -2.35381261    -0.45256971    -0.20140396
 C       -3.62846688     0.31812699     0.16038889
 C        4.36154707     1.43742063    -0.36557487
 C        5.26437702    -0.87177356     0.09608324
 C       -4.91801779    -0.40940602    -0.23726235
 C       -6.18631491     0.36800427     0.12802986
 H        1.49018087     0.42406671     1.31354881
 H        1.51309811     1.21834053    -0.25143581
 H        0.22165287    -0.69291358    -1.24627119
 H        0.18647338    -1.48242273     0.32006596
 H        2.69775336    -1.55362099     0.30920765
 H        2.80339071    -0.70258277    -1.22135596
 H       -1.07649213     0.47215273     1.27684331
 H       -1.04115692     1.26214122    -0.28941354
 H        4.01484023     0.27743429     1.40673862
 H       -2.34223268    -0.64753263    -1.28310911
 H       -2.37661733    -1.43939832     0.28222475
 H       -3.64131606     0.51262232     1.24227177
 H       -3.60626171     1.30547222    -0.32246938
 H        4.42264497     1.31031322    -1.45363637
 H        3.57779300     2.17211265    -0.15926097
 H        5.31179907     1.86594176    -0.02929307
 H        5.38361097    -1.09624363    -0.97100021
 H        6.20772634    -0.44264207     0.45067610
 H        5.10933965    -1.82145989     0.61936629
 H       -4.90520702    -0.60285497    -1.31829165
 H       -4.94039841    -1.39547609     0.24582384
 H       -6.20833384     1.34485989    -0.36827992
 H       -7.08937654    -0.17564402    -0.16768217
 H       -6.24374386     0.54653993     1.20777431
