          26
 2-Methylheptane
 C       -0.89932149    -0.53911662     0.16812561
 C       -2.25435526     0.00852255    -0.31801436
 C        0.32846513     0.27553501    -0.25844958
 C        1.65388141    -0.36915702     0.16498041
 C        2.88857252     0.43694205    -0.25453379
 C       -2.57980556     1.38583864     0.27852685
 C       -3.37929986    -0.98927470    -0.00757326
 C        4.20760515    -0.21555689     0.17072402
 H       -0.78438114    -1.56580830    -0.20628774
 H       -0.92021005    -0.61998961     1.26509912
 H       -2.19547660     0.11918578    -1.41110386
 H        0.31931623     0.39999679    -1.35078399
 H        0.27529708     1.28744212     0.16294671
 H        1.66156113    -0.50166850     1.25625057
 H        1.71939729    -1.38035879    -0.26117502
 H        2.88011077     0.57004497    -1.34469811
 H        2.82430225     1.44629859     0.17356610
 H       -2.62445455     1.33451967     1.37359669
 H       -1.83272718     2.13853146     0.01031502
 H       -3.55202290     1.74580727    -0.07495026
 H       -3.47873970    -1.14213962     1.07410692
 H       -4.34453407    -0.63020386    -0.38060762
 H       -3.18474067    -1.96587540    -0.46384336
 H        4.31589457    -1.21294515    -0.27030243
 H        5.06997350     0.38186194    -0.14220435
 H        4.25933571    -0.33007994     1.25940390
