          21
 2-Methylhex-2-ene
 C       -0.94536329     0.66215767     0.69702770
 C       -2.08520383     0.53885577    -0.33941663
 C        0.17460281    -0.32260044     0.49421834
 C        1.41192749    -0.09051857     0.03833785
 C       -2.81156012    -0.81010222    -0.31642573
 C        2.40642433    -1.21662766    -0.10640880
 C        1.94535472     1.26049233    -0.36732212
 H       -0.56837587     1.68939416     0.68109192
 H       -1.37337523     0.51000363     1.69871468
 H       -1.67403141     0.71671503    -1.34085787
 H       -2.80989659     1.34163414    -0.15322106
 H       -0.07016178    -1.35403451     0.74697765
 H       -2.13845825    -1.63455237    -0.57142338
 H       -3.63775835    -0.82442814    -1.03445769
 H       -3.23013529    -1.01681672     0.67556229
 H        3.30380405    -1.03239019     0.49941046
 H        2.75095089    -1.30983842    -1.14504525
 H        1.98211683    -2.17694592     0.19838146
 H        2.83039259     1.52263773     0.22730716
 H        1.21629602     2.06486731    -0.25822453
 H        2.27341389     1.24589069    -1.41501928
