          23
  2-Methylhexane
 C       -1.64178200     0.03179701    -0.33736124
 C       -0.32551608    -0.55884472     0.20191441
 C        0.94707427     0.19267681    -0.20801683
 C        2.23178104    -0.49487637     0.27068211
 C       -1.92632868     1.43584134     0.21628954
 C       -2.81617766    -0.91062608    -0.03717282
 C        3.50418034     0.25528847    -0.13491227
 H       -1.54683259     0.11256866    -1.43053191
 H       -0.38098172    -0.61019425     1.29949271
 H       -0.24349370    -1.59881491    -0.14347662
 H        0.97553002     0.28897528    -1.30296992
 H        0.92534737     1.21676629     0.18613222
 H        2.20018003    -0.59885602     1.36358227
 H        2.26541782    -1.51723652    -0.12906848
 H       -2.00420376     1.41376763     1.31047423
 H       -1.14122691     2.15040159    -0.04757210
 H       -2.87224239     1.82632515    -0.17419925
 H       -2.95383593    -1.03164080     1.04434527
 H       -3.75411431    -0.52170754    -0.44801704
 H       -2.64930306    -1.90568795    -0.46352249
 H        3.51522241     1.26935276     0.28049861
 H        4.40323871    -0.25905478     0.21958327
 H        3.58002770     0.34541356    -1.22448964
