          20
  2-Methylindene
 C       -0.19940108     0.69856700    -0.00000059
 C       -0.22305662    -0.71192682     0.00000565
 C       -1.42574927    -1.39828473     0.00001752
 C        1.20180556    -1.21444210    -0.00003760
 C       -1.38923459     1.42314002    -0.00001385
 C        1.19864644     1.13029589     0.00001612
 C       -2.59938344     0.72638142    -0.00001033
 C       -2.62057195    -0.66875370     0.00001981
 C        2.02154993     0.06270030     0.00001962
 C        3.51622289     0.05778203     0.00000736
 H       -1.44922546    -2.48455421     0.00000938
 H        1.42507549    -1.83797945    -0.87730494
 H        1.42516283    -1.83817085     0.87706772
 H       -1.37923807     2.50908013    -0.00004812
 H        1.51573083     2.16750644     0.00000589
 H       -3.53541561     1.27652296    -0.00003591
 H       -3.57099709    -1.19295673     0.00002418
 H        3.91586294    -0.46438085     0.87920750
 H        3.91892546     1.07444923    -0.00047632
 H        3.91578162    -0.46519617    -0.87873195
