          21
 2-Methylnaphthalene
 C        0.27863654     0.62025314    -0.00000702
 C        0.53000740    -0.78725255    -0.00000074
 C       -2.13033640     0.20722743    -0.00001130
 C       -1.06483053     1.07834586    -0.00001590
 C       -0.58092580    -1.67072633    -0.00000543
 C       -1.86512166    -1.18973993    -0.00000951
 C        1.38332459     1.51016813    -0.00000374
 C        1.87129504    -1.24652287     0.00000802
 C       -3.55711106     0.69692228     0.00002351
 C        2.67279103     1.03416697     0.00000357
 C        2.92016762    -0.35817058     0.00000969
 H       -1.24386861     2.15090654    -0.00002367
 H       -0.39630443    -2.74151893    -0.00000548
 H       -2.70213528    -1.88288565    -0.00001293
 H        1.19126736     2.57954545    -0.00000871
 H        2.05575745    -2.31727183     0.00001273
 H       -4.10147294     0.33571499     0.88059468
 H       -3.60510940     1.78900701    -0.00023915
 H       -4.10167962     0.33526763    -0.88023249
 H        3.50853676     1.72688476     0.00000546
 H        3.94293719    -0.72152823     0.00001493
