          32
  2-Methylnonane
 C       -0.88968075     0.25064377    -0.23851923
 C       -2.13350083    -0.55871217     0.15006471
 C        0.42255952    -0.43893558     0.15515056
 C       -3.47708656     0.03640654    -0.31140825
 C        1.67315780     0.36103023    -0.22738553
 C        2.98440825    -0.33049041     0.16280804
 C        4.23588346     0.46789745    -0.22021374
 C       -3.77769246     1.39057232     0.34784222
 C       -4.62141732    -0.95303738    -0.04865599
 C        5.54092930    -0.23131372     0.17276169
 H       -0.92342878     1.24304523     0.22872186
 H       -0.89528605     0.42510067    -1.32399756
 H       -2.03780232    -1.56930672    -0.27069638
 H       -2.15738054    -0.68911173     1.24220344
 H        0.42568066    -0.62110384     1.23912394
 H        0.46726944    -1.43059067    -0.31683180
 H       -3.41407727     0.19641594    -1.39814167
 H        1.66870413     0.54550253    -1.31099940
 H        1.63023181     1.35165244     0.24701424
 H        2.99000384    -0.51482056     1.24652913
 H        3.02790406    -1.32143304    -0.31111262
 H        4.23008456     0.65163038    -1.30300221
 H        4.19285966     1.45743703     0.25432346
 H       -3.82575780     1.28945147     1.43928821
 H       -3.01599111     2.14062780     0.11580480
 H       -4.74216007     1.78474507     0.00998737
 H       -4.72604644    -1.15369134     1.02469244
 H       -5.57888052    -0.55875656    -0.40584930
 H       -4.44460014    -1.91110343    -0.54928463
 H        5.62778813    -1.20925709    -0.31415242
 H        6.41571397     0.36154759    -0.11321827
 H        5.59048928    -0.39726764     1.25489764
