          18
 2-Methylpent-1-ene
 C        0.25086643    -0.11062418     1.01416086
 C        1.52767586    -0.55102138     0.26554809
 C       -0.96086132     0.09023521     0.13035576
 C        2.04098083     0.49118847    -0.73223027
 C       -1.51888535    -1.14033298    -0.54105107
 C       -1.51975945     1.29036741    -0.03421444
 H        0.01589905    -0.87235366     1.77132965
 H        0.46003040     0.81882495     1.55687514
 H        1.34378525    -1.50025753    -0.25249011
 H        2.30561026    -0.76072408     1.00965606
 H        1.28767960     0.71964328    -1.49254972
 H        2.94313642     0.13976359    -1.24288045
 H        2.28871330     1.43102269    -0.22556290
 H       -0.78856976    -1.59850907    -1.21893342
 H       -2.41578827    -0.90916280    -1.12126193
 H       -1.77778060    -1.90775722     0.19997811
 H       -1.12470497     2.17521170     0.45567171
 H       -2.39499446     1.43305604    -0.66109690
