          18
 2-Methylpent-2-ene
 C       -1.53201796     0.22078255     0.52174218
 C        0.97313176    -0.03805831     0.03296974
 C       -0.24112548    -0.52282672     0.31799818
 C       -2.60556820    -0.17718321    -0.50695273
 C        2.15187536    -0.96374309    -0.14621707
 C        1.30454176     1.42373614    -0.13358166
 H       -1.37744338     1.30331937     0.48658197
 H       -1.91547191     0.00061628     1.52852058
 H       -0.33500787    -1.60664744     0.40555208
 H       -3.55256712     0.33511582    -0.30806052
 H       -2.28677831     0.07645560    -1.52298641
 H       -2.79600323    -1.25569665    -0.47988331
 H        2.59602068    -0.85026870    -1.14422415
 H        2.94928652    -0.73340709     0.57301733
 H        1.87024508    -2.01207920    -0.01662589
 H        1.73999536     1.61000977    -1.12409968
 H        0.44032336     2.07992475    -0.01912411
 H        2.06209359     1.73482788     0.59784247
