          16
 2-Methylpenta-1,4-diene
 C        0.32438786    -0.17309848     0.79514975
 C       -1.01325597    -0.12920211     0.07605504
 C       -1.59568588     1.23628292    -0.18633347
 C        1.45741468     0.44150089     0.00985867
 C       -1.64144310    -1.24754086    -0.28549967
 C        2.54220500    -0.21361583    -0.39232513
 H        0.57452381    -1.20925437     1.04359982
 H        0.22377489     0.37141635     1.74763151
 H       -2.57750528     1.16771687    -0.66131159
 H       -1.70473480     1.80366477     0.74715857
 H       -0.94690565     1.83224450    -0.83959885
 H        1.35856618     1.49932434    -0.22989326
 H       -1.21935087    -2.22874579    -0.09125853
 H       -2.60233738    -1.22370193    -0.79065647
 H        3.33188025     0.27614419    -0.95287474
 H        2.68548150    -1.26871461    -0.17408261
