          20
 2-Methylpentane
 C        2.84547110    -0.21407090     0.15698345
 C        1.49951102     0.35674728    -0.30191535
 C        0.30658648    -0.48167367     0.17450445
 C       -1.07150363    -0.01183472    -0.32745923
 C       -1.44595477     1.38096207     0.20051113
 C       -2.15512123    -1.03451527     0.04304983
 H        3.68158150     0.39893018    -0.19468169
 H        2.90335443    -0.25976470     1.25042752
 H        2.99483104    -1.23117635    -0.22278818
 H        1.40404982     1.38681559     0.06169987
 H        1.48285855     0.41765231    -1.39861207
 H        0.45986909    -1.52084958    -0.14854664
 H        0.29654608    -0.50774492     1.27444571
 H       -1.02394251     0.04464148    -1.42526630
 H       -1.48104844     1.38461642     1.29710592
 H       -0.73062813     2.14703304    -0.11263343
 H       -2.43381326     1.68456182    -0.16235215
 H       -2.24185764    -1.13482227     1.13194261
 H       -3.13581006    -0.73241650    -0.34000391
 H       -1.92581679    -2.02526278    -0.36389331
