          27
  (2S)-2-ethyl-1,1-dimethylcyclopentane
 C        0.44933788     0.76167341     0.01256879
 C       -0.39278070    -0.44453907     0.55125282
 C        1.33613845     0.08789854    -1.06162887
 C        0.64384840    -1.60353606     0.59656814
 C        1.71634888    -1.29421821    -0.48712777
 C       -1.63624928    -0.82109201    -0.28934134
 C        1.33105071     1.31454958     1.15199935
 C       -0.35190995     1.92919669    -0.57809277
 C       -2.92295885    -0.07596491     0.09003832
 H       -0.74395753    -0.22365556     1.56751300
 H        2.20871063     0.69931541    -1.31561003
 H        0.75848001    -0.03212199    -1.98589470
 H        0.16243988    -2.57206130     0.43317174
 H        1.10907269    -1.65772038     1.58526136
 H        1.74081307    -2.05867208    -1.26888085
 H        2.71721461    -1.27403487    -0.04556456
 H       -1.82305268    -1.89385442    -0.15788233
 H       -1.43029344    -0.69005573    -1.35953130
 H        0.71358867     1.73733064     1.95255415
 H        1.98626967     2.11121368     0.78180257
 H        1.96819005     0.54495689     1.59761182
 H       -0.99710309     1.61362543    -1.40296223
 H        0.33126318     2.69040690    -0.97285262
 H       -0.97718360     2.41657545     0.17791584
 H       -3.16832607    -0.24305142     1.14516159
 H       -3.76979929    -0.43256080    -0.50603388
 H       -2.84412074     1.00313408    -0.06190278
