          21
 (2Z)-3,4-dimethylpent-2-ene
 C       -0.72336820    -0.59557358    -0.03963976
 C        0.30538361     0.52421891     0.01286086
 C       -1.65436605    -0.47487761    -1.26206057
 C       -1.54565869    -0.68295404     1.26172933
 C       -0.23079926     1.93730369     0.08448512
 C        1.62979751     0.32317321     0.00253126
 C        2.39891616    -0.96602869    -0.06287881
 H        2.26319510     1.20984064     0.04840703
 H       -0.18697875    -1.54376952    -0.14133480
 H       -2.31446766    -1.34657950    -1.32651965
 H       -2.29148228     0.41351172    -1.19987005
 H       -1.08126836    -0.41423324    -2.19271290
 H       -2.21686334    -1.54819087     1.23295903
 H       -0.89418299    -0.78711705     2.13494975
 H       -2.16635047     0.20719598     1.40877632
 H       -0.88046377     2.08440446     0.95574170
 H        0.58347035     2.66346220     0.15078896
 H       -0.83164228     2.19047532    -0.79732306
 H        3.05869916    -0.97972702    -0.94011661
 H        3.05118487    -1.07264369     0.81363988
 H        1.76506212    -1.85368784    -0.11199200
