          24
 (2Z)-3,5-dimethylhex-2-ene
 C       -1.53808315    -0.13694069     0.16093181
 C       -0.30878067    -0.21368373    -0.77903133
 C        0.98823056    -0.61229807    -0.10922811
 C       -2.81492212     0.10690652    -0.65462372
 C       -1.36268113     0.93756062     1.24152154
 C        1.06029334    -2.05090120     0.34861327
 C        2.03697857     0.20172170     0.06816353
 C        2.18380858     1.64620383    -0.31637498
 H       -1.64478940    -1.10812789     0.66287449
 H       -0.53142917    -0.94936197    -1.56563517
 H       -0.20489327     0.75151254    -1.28618038
 H       -2.76228009     1.06444708    -1.18715466
 H       -2.97050544    -0.67997056    -1.40066412
 H       -3.69856607     0.13654031    -0.00817228
 H       -1.28723216     1.93462409     0.79003347
 H       -2.21636280     0.94913816     1.92752347
 H       -0.45527388     0.76986155     1.82884452
 H        0.89430851    -2.73965732    -0.49049636
 H        2.03197095    -2.28417349     0.79204913
 H        0.28905730    -2.28185054     1.09394781
 H        2.91736530    -0.22212087     0.55243911
 H        1.30349331     2.05199837    -0.81883828
 H        2.37478244     2.26703897     0.56850072
 H        3.04505344     1.78595284    -0.98246753
