          24
 (2Z)-3-ethylhex-2-ene
 C       -1.42001316    -1.08058810    -0.62907582
 C       -2.10241895    -1.89903192     0.48244686
 C       -0.65495296     0.11914318    -0.10593626
 C       -1.16461861     1.35049173    -0.23066261
 C       -0.57324948     2.65133387     0.23225981
 C        0.68793248    -0.18009431     0.52851531
 C        1.83752399    -0.23714226    -0.49833497
 C        3.18025729    -0.61661928     0.13292219
 H       -2.18048181    -0.74684494    -1.34367468
 H       -0.73898810    -1.73964894    -1.18509547
 H       -2.62357015    -2.76681192     0.06485248
 H       -2.83437725    -1.28664023     1.01851538
 H       -1.37881408    -2.26950213     1.21587875
 H       -2.12946446     1.44519301    -0.73036276
 H        0.38422710     2.52858025     0.74353004
 H       -1.25576744     3.17126142     0.91700077
 H       -0.41115739     3.33033708    -0.61497845
 H        0.63938753    -1.14516599     1.04996794
 H        0.93517144     0.56262383     1.29476377
 H        1.91958754     0.73849866    -0.99253498
 H        1.58632479    -0.95647385    -1.28791304
 H        3.13200329    -1.60546031     0.60292198
 H        3.47096716     0.10195153     0.90769795
 H        3.97988933    -0.64179097    -0.61437534
