          24
 (2Z)-3-methylhept-2-ene
 C        1.59410131    -1.98160706    -0.19618511
 C        1.37432111    -0.51376122     0.08264720
 C        2.29687089     0.39097040    -0.26589077
 C        2.25680675     1.88031443    -0.07573747
 C        0.06080248    -0.17603245     0.75608170
 C       -1.12807010    -0.09887263    -0.22319030
 C       -2.46482024     0.17851540     0.47380222
 C       -3.64301306     0.26928514    -0.50093346
 H        1.61330198    -2.56050899     0.73691673
 H        0.78297473    -2.40336355    -0.80344489
 H        2.53499403    -2.15809917    -0.72436215
 H        3.19954729     0.02282714    -0.75421295
 H        1.35090122     2.22456580     0.42820371
 H        3.11900497     2.22484295     0.50982523
 H        2.31405482     2.39834204    -1.04192515
 H       -0.15891293    -0.94184327     1.51326066
 H        0.13277826     0.77330465     1.29701219
 H       -0.92886986     0.68644225    -0.96402559
 H       -1.20353717    -1.03678140    -0.78909927
 H       -2.65875266    -0.61114593     1.21208205
 H       -2.38828698     1.11369409     1.04472344
 H       -3.49253616     1.07393840    -1.22942366
 H       -3.76530080    -0.66404539    -1.06207234
 H       -4.58299983     0.46731413     0.02413075
