          21
 (2Z)-3-methylhex-2-ene
 C        0.55494710     0.20847841     0.99638349
 C        1.91706645     0.04029492     0.28545168
 C       -0.57940154     0.63068581     0.08675098
 C        1.93452375    -1.09005841    -0.74768293
 C       -0.50316284     2.05410858    -0.41508941
 C       -1.60800245    -0.15191424    -0.26406310
 C       -1.88174659    -1.57684128     0.12426503
 H       -2.36392804     0.28528831    -0.91730428
 H        0.67100922     0.96871379     1.78174208
 H        0.31219988    -0.72695766     1.51013160
 H        2.20084024     0.98348456    -0.19702860
 H        2.68128259    -0.14903050     1.04924077
 H        1.18321886    -0.92561433    -1.52633828
 H        2.91296512    -1.16854672    -1.23230952
 H        1.71717389    -2.05648476    -0.27849032
 H        0.40934170     2.23353522    -0.99717243
 H       -1.35752299     2.30419333    -1.04966377
 H       -0.47990433     2.76530503     0.42143250
 H       -2.85763361    -1.66515640     0.61903619
 H       -1.92721453    -2.22028378    -0.76387117
 H       -1.12796997    -1.99479294     0.79456093
