          24
 (2Z)-4,5-dimethylhex-2-ene
 C        1.39786052     0.34605573    -0.29896695
 C        0.17902026    -0.53473052     0.09547391
 C        2.65073791     0.02848767     0.53174266
 C        1.06457340     1.84144148    -0.18809194
 C        0.49590676    -2.04372710     0.03549750
 C       -1.00080277    -0.25157581    -0.80190583
 C       -2.23245488     0.13996185    -0.46775596
 C       -2.77189897     0.43308863     0.90363167
 H        1.62740933     0.12700129    -1.35306426
 H       -0.08087094    -0.28604764     1.13255240
 H        2.45221642     0.15288961     1.60360668
 H        3.01122314    -0.99122298     0.37365238
 H        3.46715696     0.70941709     0.26862302
 H        0.84988225     2.11496018     0.85257330
 H        1.90763136     2.45513155    -0.52259517
 H        0.18964759     2.10629610    -0.78729968
 H        0.83326355    -2.33307408    -0.96716191
 H        1.27568025    -2.32727313     0.74745481
 H       -0.39806439    -2.63090697     0.26538691
 H       -0.79955564    -0.42133512    -1.86139537
 H       -2.95373518     0.26684716    -1.27482857
 H       -2.02625936     0.30632886     1.69150110
 H       -3.15029272     1.46150128     0.96147946
 H       -3.62087558    -0.22235872     1.13626542
