          24
 (2Z)-4-ethylhex-2-ene
 C        0.00002136    -0.58690247    -0.12760607
 C        1.26872744    -1.45444139     0.03868400
 C       -1.26862573    -1.45452757     0.03868486
 C       -0.00001691     0.55036171     0.86208720
 C        2.57383935    -0.72272414    -0.28746208
 C       -2.57378757    -0.72289905    -0.28746048
 C       -0.00006495     1.86613297     0.63414693
 C       -0.00009435     2.57803821    -0.68906435
 H        0.00000753    -0.18734596    -1.15014635
 H        1.17373493    -2.33701729    -0.60682771
 H        1.30617295    -1.83364080     1.06935684
 H       -1.30604487    -1.83372942     1.06935776
 H       -1.17357373    -2.33709715    -0.60682676
 H       -0.00000257     0.22343569     1.90404858
 H        2.58312048    -0.37835138    -1.32802046
 H        3.43914297    -1.37850128    -0.14750793
 H        2.70708453     0.15526453     0.35178371
 H       -2.70709219     0.15508033     0.35178567
 H       -3.43904649    -1.37873514    -0.14750617
 H       -2.58309255    -0.37852662    -1.32801876
 H       -0.00008637     2.52463367     1.50262867
 H       -0.00007298     1.89466592    -1.54087624
 H        0.87846119     3.22920637    -0.78019389
 H       -0.87869668     3.22914404    -0.78018817
