          24
 (2Z)-4-methylhept-2-ene
 C       -0.28092816     0.85258820    -0.24353203
 C        1.23480814     0.67792277    -0.00342814
 C        1.74194803    -0.75692938    -0.18477629
 C       -0.66059176     2.34598798    -0.22782557
 C       -1.08473304     0.10638875     0.79123246
 C        3.24603867    -0.89560665     0.06966395
 C       -1.99252678    -0.85611255     0.61325567
 C       -2.45306242    -1.46885027    -0.67910332
 H       -0.50887585     0.45726623    -1.24087291
 H        1.77786676     1.34289941    -0.68895669
 H        1.47701265     1.02592965     1.01152235
 H        1.18912161    -1.42426874     0.48704444
 H        1.51062376    -1.09367768    -1.20447802
 H       -0.45337328     2.79187651     0.75218875
 H       -0.08748465     2.90454182    -0.97598425
 H       -1.72552890     2.48490253    -0.43727559
 H       -0.88610586     0.42550350     1.81630962
 H        3.50322002    -0.60029201     1.09328014
 H        3.58219658    -1.92778522    -0.07238943
 H        3.82512278    -0.26059610    -0.61059563
 H       -2.47480758    -1.26029569     1.50304803
 H       -1.95140312    -1.04864166    -1.55348005
 H       -2.27880458    -2.55225433    -0.68018927
 H       -3.53343116    -1.32927197    -0.81238086
