          21
 (2Z)-4-methylhex-2-ene
 C        0.36237311    -0.26845595    -0.13102516
 C        1.42175678     0.61871423     0.56432584
 C        0.90409194    -1.67375106    -0.45702874
 C       -0.86176425    -0.38122656     0.74178906
 C        2.65955802     0.92414891    -0.28662660
 C       -2.10686292     0.02737327     0.48864904
 C       -2.62639476     0.71055049    -0.74469595
 H       -0.67750030    -0.86374105     1.70333171
 H       -2.85746738    -0.14709534     1.25922268
 H        0.09339885     0.21804361    -1.07663701
 H        1.72877460     0.13584367     1.50245037
 H        0.94215268     1.56191779     0.85207333
 H        0.13718520    -2.28120407    -0.94688111
 H        1.20716965    -2.19556569     0.45879158
 H        1.77296513    -1.63006717    -1.12048457
 H        3.23328934     0.02173356    -0.51874880
 H        3.33078129     1.61235271     0.23717035
 H        2.37984326     1.39361415    -1.23684485
 H       -3.05730270     1.68873444    -0.49588718
 H       -3.43348543     0.12508536    -1.20316400
 H       -1.85594977     0.86813210    -1.50269107
