          24
 (2Z)-6-methylhept-2-ene
 C        2.58266616    -1.19963467     0.43592599
 C        1.96535425     0.20375745     0.34686251
 C        0.67080065     0.22823857    -0.48712922
 C       -0.50296719    -0.57436907     0.10798693
 C       -1.73511348    -0.49846137    -0.75108573
 C       -2.93613938    -0.00946828    -0.43424853
 C       -3.37937776     0.58074724     0.87415718
 C        2.98455246     1.20211121    -0.22088743
 H        1.90627497    -1.92086128     0.90402544
 H        3.50527921    -1.18382291     1.02598102
 H        2.83504562    -1.57728083    -0.56273494
 H        1.71096417     0.52694272     1.36735758
 H        0.88860482    -0.14340240    -1.49904662
 H        0.34774300     1.26970930    -0.61120574
 H       -0.70690104    -0.21708883     1.12320350
 H       -0.20808086    -1.62804883     0.20570304
 H       -1.60282536    -0.88648456    -1.76159619
 H       -3.70685020    -0.03589606    -1.20410037
 H       -3.74650966     1.60542330     0.73450328
 H       -2.58281385     0.60987336     1.62091816
 H       -4.21441536     0.00813702     1.29771938
 H        3.89851818     1.22401353     0.38236122
 H        2.57594031     2.21784260    -0.24973355
 H        3.27006605     0.92963734    -1.24430799
