          21
   (2Z)-hept-2-ene
 C       -1.02058808     0.16924798    -0.76472815
 C       -2.32544644    -0.58168137    -0.45662536
 C        0.01574470     0.13882806     0.37640741
 C       -3.17466729     0.05002200     0.65278236
 C        1.26579096     0.90031732     0.03198862
 C        2.51540937     0.44032931    -0.06229680
 C        3.00521446    -0.96102680     0.16807845
 H        1.10445544     1.95854797    -0.17620311
 H        3.29283646     1.15356572    -0.33481147
 H       -0.56023988    -0.26142357    -1.66234386
 H       -1.25265325     1.21423585    -1.01380847
 H       -2.09042084    -1.62130256    -0.19102152
 H       -2.92288877    -0.63236968    -1.37544735
 H        0.24379113    -0.90275645     0.62782966
 H       -0.42911620     0.58234612     1.27788783
 H       -2.65545800     0.05187661     1.61641967
 H       -4.11312224    -0.49702392     0.78893897
 H       -3.42781052     1.08882416     0.41113070
 H        3.74267226    -0.98833941     0.98047682
 H        3.51388790    -1.34715828    -0.72433426
 H        2.20281453    -1.65691321     0.42293679
