          24
 3,3,4-Trimethylpent-1-ene
 C       -0.23394824     0.42483118     0.01590103
 C        1.05028864    -0.35634941    -0.43977340
 C       -0.37583490     0.46535000     1.54615934
 C       -0.18265731     1.87763934    -0.51821840
 C        1.05358752    -1.82253820     0.02335193
 C        2.37456372     0.31481059    -0.03955283
 C       -1.43107798    -0.23088168    -0.64642130
 C       -2.52730763    -0.71730196    -0.07061813
 H        1.01377158    -0.36243731    -1.53920847
 H       -1.25889333     1.04387627     1.83561287
 H        0.49236113     0.94447743     2.00786621
 H       -0.47760694    -0.53427677     1.97746500
 H       -1.13194911     2.38644096    -0.32388116
 H       -0.00822364     1.89770943    -1.60001107
 H        0.61071273     2.45689318    -0.03724383
 H        1.20511748    -1.90024856     1.10558276
 H        1.87041419    -2.37085198    -0.45753953
 H        0.11534215    -2.32761295    -0.22091591
 H        2.47324641     1.32544069    -0.44373679
 H        3.21737596    -0.27223119    -0.41984842
 H        2.48804552     0.37259004     1.04842840
 H       -1.35953312    -0.27353249    -1.73499473
 H       -3.32968936    -1.14484445    -0.66346854
 H       -2.67725211    -0.71225381     1.00391178
