          19
 3,3-Dimethylcyclopent-1-ene
 C        0.64808658    -0.00366494    -0.00799203
 C       -0.33398573    -1.17471420    -0.32640550
 C       -1.75819487    -0.65398506    -0.00361898
 C       -0.29001472     1.19166948    -0.01203846
 C        1.75681742     0.12173811    -1.06568839
 C        1.28534900    -0.16644949     1.38867419
 C       -1.57550579     0.84601971    -0.00270889
 H       -0.08020511    -2.08585775     0.22366245
 H       -0.27125668    -1.41540600    -1.39287591
 H       -2.11629094    -1.00228472     0.97563745
 H       -2.50121778    -0.99331463    -0.73480819
 H        0.08725768     2.20995218     0.01994256
 H        2.37145479    -0.78541669    -1.09793999
 H        2.42282234     0.96407417    -0.84529510
 H        1.33408487     0.27954045    -2.06328832
 H        0.51971499    -0.31201687     2.15752087
 H        1.86809807     0.72018455     1.66307836
 H        1.96076759    -1.02971496     1.41123893
 H       -2.41078668     1.53787106     0.03768749
