          26
 3,3-Dimethylhexane
 C       -0.48803842    -0.46366119    -0.00809438
 C        0.90410518    -0.85247622    -0.58968923
 C       -0.86937412     0.97625040    -0.44511787
 C       -1.50811787    -1.46429878    -0.59168665
 C       -0.48750135    -0.59540887     1.52630149
 C        2.19797981    -0.34510326     0.07963387
 C       -2.23242037     1.50292285     0.02544416
 C        2.52472841     1.14874633    -0.04931081
 H        0.92320140    -0.57258158    -1.65274142
 H        0.96068944    -1.94910920    -0.57360637
 H       -0.83630201     1.01640008    -1.54228823
 H       -0.09939061     1.67085138    -0.09702314
 H       -2.52582681    -1.25964487    -0.24630281
 H       -1.26187349    -2.48926001    -0.29323795
 H       -1.51234073    -1.42942990    -1.68743133
 H        0.14080599     0.16480328     2.00215920
 H       -0.11180828    -1.57824374     1.83325979
 H       -1.49716926    -0.49216709     1.93564840
 H        3.02233992    -0.90978115    -0.37459320
 H        2.20258896    -0.62771245     1.13914225
 H       -3.06374231     0.89627296    -0.34592050
 H       -2.38746711     2.52346233    -0.33983293
 H       -2.30429879     1.53509427     1.11716130
 H        2.43543294     1.48886583    -1.08721311
 H        3.55236283     1.34414914     0.27550495
 H        1.87031880     1.77570244     0.56265200
