          24
 3,4,4-Trimethylpent-1-ene
 C       -0.88732484    -0.24711903    -0.00716971
 C        0.45586014     0.49605844    -0.33976873
 C       -1.22255679    -0.19771766     1.49619137
 C       -0.76308275    -1.72002388    -0.44282219
 C       -2.04657343     0.39044121    -0.79855421
 C        0.41859405     2.01569602    -0.07332082
 C        1.64911897    -0.09054890     0.37364461
 C        2.68316904    -0.68793759    -0.21289870
 H        0.61829300     0.35575096    -1.41765115
 H       -2.17699913    -0.70104711     1.68589761
 H       -0.46294848    -0.70343674     2.10025045
 H       -1.31854969     0.82956474     1.86188990
 H       -1.69370377    -2.26106184    -0.23929999
 H       -0.56114907    -1.79760592    -1.51749163
 H        0.04829903    -2.22934650     0.08401504
 H       -2.27869642     1.40171181    -0.45241128
 H       -1.81578639     0.44400268    -1.86884289
 H       -2.95682760    -0.20873005    -0.68600688
 H        0.26824584     2.23802982     0.98843037
 H        1.37005971     2.46791825    -0.36876221
 H       -0.37541385     2.51145791    -0.63754625
 H        1.66022526     0.03047946     1.45712760
 H        3.52695342    -1.06416849     0.35690935
 H        2.72832152    -0.82353887    -1.29056559
