          26
 3,4-Dimethylhexane
 C        0.61451746    -0.32818900    -0.45224281
 C       -0.84292770    -0.79657826    -0.15527139
 C        1.21306569     0.61574430     0.61501716
 C       -1.93173168     0.15033435    -0.71382645
 C        1.52876435    -1.54523211    -0.67771431
 C       -1.08892957    -1.15448236     1.31997646
 C        2.44284495     1.39666277     0.13425008
 C       -2.00548045     1.57364352    -0.14474770
 H        0.57924176     0.23108808    -1.39913943
 H       -0.97427047    -1.72903467    -0.72222976
 H        1.48030074     0.03130847     1.50495129
 H        0.45656253     1.33401485     0.94479255
 H       -2.90441409    -0.33604984    -0.56002536
 H       -1.80011287     0.21653081    -1.80193781
 H        2.55645892    -1.24854837    -0.90757267
 H        1.17001325    -2.15887777    -1.51076550
 H        1.56296416    -2.18301045     0.21366913
 H       -0.35662275    -1.88255473     1.68416967
 H       -2.08234915    -1.59895788     1.44413797
 H       -1.03560805    -0.28078117     1.97621562
 H        3.26651501     0.73535026    -0.15228725
 H        2.81643163     2.06140182     0.91995001
 H        2.19949987     2.01659083    -0.73642320
 H       -2.11655418     1.57677316     0.94446307
 H       -2.86938444     2.10231012    -0.56121172
 H       -1.11666303     2.16139464    -0.39300019
