          24
 (3E)-2,2-dimethylhex-3-ene
 C       -1.39887872     0.04007075    -0.02197096
 C       -1.50919087     0.67535189     1.37244290
 C       -1.89909438     1.04646726    -1.08295110
 C       -2.28271882    -1.22652646    -0.07868478
 C        0.02147750    -0.35468453    -0.37266346
 C        1.12194377    -0.21697481     0.36507278
 C        2.50362396    -0.62770478    -0.06528674
 C        3.48500894     0.55562683    -0.11899607
 H        0.12173443    -0.80926355    -1.36127214
 H        1.05811680     0.23559603     1.35408497
 H       -0.90653477     1.58645290     1.44602303
 H       -2.54899366     0.94543691     1.58537565
 H       -1.17745302    -0.01507630     2.15474176
 H       -1.83172698     0.62388795    -2.09147942
 H       -2.94619643     1.31451940    -0.90142092
 H       -1.30321196     1.96463379    -1.06404496
 H       -2.22348295    -1.70553991    -1.06217477
 H       -1.96634745    -1.95939343     0.67048323
 H       -3.33317156    -0.97672235     0.10947022
 H        2.89703462    -1.37749588     0.63605592
 H        2.45497527    -1.11491100    -1.04631211
 H        3.55935740     1.05090271     0.85545120
 H        4.48897337     0.22343404    -0.40230407
 H        3.15480198     1.30392097    -0.84651148
