          24
 (3E)-2,3-dimethylhex-3-ene
 C       -2.07504917    -1.26933817     0.80716206
 C       -1.48526651    -0.44884877    -0.35659992
 C       -2.53642136     0.52842094    -0.91651185
 C       -0.18660169     0.25033783     0.02889055
 C        0.95791522    -0.10945974    -0.56622912
 C        2.35167250     0.41293955    -0.34863924
 C        3.31609089    -0.68278847     0.13968345
 C       -0.28701149     1.33145135     1.07912312
 H       -2.94834243    -1.83863606     0.47061744
 H       -1.33996068    -1.97698215     1.20301962
 H       -2.40372140    -0.62705402     1.63125845
 H       -1.23710894    -1.15573346    -1.15804175
 H       -2.88343045     1.23091923    -0.15118960
 H       -2.13145798     1.11042185    -1.75052066
 H       -3.41355790    -0.01851185    -1.27881110
 H        0.90080269    -0.90544157    -1.31123194
 H        2.73262735     0.81426934    -1.29888935
 H        2.36185229     1.24839030     0.35744081
 H        4.33596214    -0.29669118     0.23757343
 H        3.00373347    -1.07304025     1.11358530
 H        3.34235396    -1.52479399    -0.56070516
 H       -0.78132968     0.96184956     1.98501816
 H        0.68823278     1.72124669     1.37382769
 H       -0.88543776     2.17839869     0.72208927
