          24
 (3E)-2-methylhept-3-ene
 C       -2.07622126     0.11354002    -0.43466177
 C        1.62940913    -0.96570107     0.39894272
 C       -0.76337192    -0.61702577    -0.28406172
 C        2.81211795    -0.38277753    -0.40460793
 C        0.35658396    -0.17111467     0.28464573
 C       -2.05830275     1.55332267     0.08950824
 C       -3.21110089    -0.69821737     0.22172514
 C        3.27733726     0.99692989     0.07325377
 H       -0.76718440    -1.63345524    -0.68387012
 H        0.38206988     0.83593754     0.69644058
 H       -2.29760388     0.15345044    -1.51315307
 H        1.92858879    -1.02826150     1.45602594
 H        1.44400777    -1.99375928     0.06576535
 H        3.65161512    -1.08647892    -0.34177992
 H        2.52960121    -0.32988291    -1.46336615
 H       -3.02426455     2.03704065    -0.08730305
 H       -1.86695106     1.57951118     1.16820970
 H       -1.28682273     2.15237628    -0.40417867
 H       -4.18442217    -0.23113524     0.03713124
 H       -3.24790594    -1.72018751    -0.16990658
 H       -3.06405445    -0.76148993     1.30559215
 H        3.56196615     0.97337143     1.13167236
 H        4.14761478     1.33773285    -0.49664034
 H        2.49319991     1.75180996    -0.04272111
