          21
 (3E)-2-methylhex-3-ene
 C        1.62298506     0.04593795    -0.43443854
 C        0.22010011    -0.49877616    -0.31005383
 C        1.80937698     1.44472896     0.16275316
 C        2.63203677    -0.95098660     0.17021011
 C       -0.82404712     0.07010559     0.29100910
 C       -2.19965287    -0.53109944     0.38171469
 C       -3.27390578     0.33870338    -0.29330311
 H        0.07883659    -1.48275501    -0.76236435
 H       -0.71377305     1.05251015     0.74943792
 H        1.84665889     0.10998411    -1.51126924
 H        2.83394373     1.79551920     0.00292297
 H        1.62441522     1.44178786     1.24286058
 H        1.13006089     2.17138854    -0.29353095
 H        3.66158713    -0.61802604     0.00069704
 H        2.52257283    -1.94654041    -0.27259488
 H        2.47926869    -1.04802384     1.25079480
 H       -2.47103311    -0.66477877     1.43878383
 H       -2.19536621    -1.53158348    -0.06682992
 H       -3.30415813     1.34094732     0.14824299
 H       -4.26849418    -0.10525235    -0.18252809
 H       -3.06845907     0.45387106    -1.36231496
