          16
 (3E)-2-methylpenta-1,3-diene
 C       -1.44000938    -1.36242531     0.00000003
 C       -1.10235636     0.10855422     0.00000005
 C       -2.06560025     1.04201727    -0.00000012
 C        0.30602139     0.50808552     0.00000018
 C        1.36412303    -0.31267746    -0.00000007
 C        2.79406289     0.13686710    -0.00000004
 H       -1.02252064    -1.86517496     0.88033400
 H       -1.02252088    -1.86517489    -0.88033410
 H       -2.52135151    -1.51760443     0.00000016
 H       -1.82793744     2.10135819    -0.00000014
 H       -3.11793942     0.77835464    -0.00000027
 H        0.48333752     1.58373551     0.00000045
 H        1.20546953    -1.38958473    -0.00000038
 H        3.33096129    -0.24386326     0.87854073
 H        2.87324207     1.22798674     0.00000064
 H        3.33096096    -0.24386211    -0.87854152
