          24
 (3E)-4-methylhept-3-ene
 C       -1.40352901    -0.59956538     0.10513994
 C        0.09985541    -0.73635601    -0.04626427
 C       -2.02006293     0.78849067    -0.08849874
 C        0.89531027     0.30029702    -0.33517129
 C        2.39045168     0.32302635    -0.50433749
 C        0.58354565    -2.15216458     0.15868556
 C       -3.54188580     0.77878099     0.09171314
 C        3.08075670     1.23165219     0.52862107
 H        0.43211556     1.27802265    -0.45700716
 H       -1.88343824    -1.30133462    -0.59551186
 H       -1.68300120    -0.97554603     1.10222607
 H       -1.77392641     1.16447513    -1.08908488
 H       -1.57352115     1.49276931     0.62407569
 H        2.62838813     0.69699265    -1.51062805
 H        2.81704012    -0.68248581    -0.44672030
 H        0.12632195    -2.82867651    -0.57534654
 H        0.28365711    -2.52339315     1.14733601
 H        1.66635918    -2.25665560     0.07800883
 H       -4.02292426     0.10868255    -0.62976387
 H       -3.96568824     1.77813714    -0.04900491
 H       -3.82071536     0.43723440     1.09498565
 H        2.68763361     2.25309431     0.47962220
 H        4.16057656     1.27977193     0.35373928
 H        2.91569142     0.86283860     1.54601770
