          18
 (3E,5E)-octa-1,3,5,7-tetraene
 C       -4.30208680    -0.20461339    -0.00000000
 C       -3.10776790     0.40453388    -0.00000001
 C       -1.83599504    -0.28139951    -0.00000001
 C       -0.63430106     0.33872714     0.00000001
 C        0.63430105    -0.33872702     0.00000001
 C        1.83599506     0.28139958     0.00000001
 C        3.10776787    -0.40453391    -0.00000001
 C        4.30208683     0.20461325    -0.00000001
 H       -4.38635462    -1.28760476     0.00000000
 H       -5.22956952     0.35646725    -0.00000000
 H       -3.06651752     1.49333490    -0.00000001
 H       -1.86676866    -1.37089182    -0.00000001
 H       -0.60821321     1.42852269     0.00000001
 H        0.60821318    -1.42852257     0.00000002
 H        1.86676874     1.37089189     0.00000000
 H        3.06651739    -1.49333492    -0.00000001
 H        5.22956949    -0.35646748    -0.00000001
 H        4.38635475     1.28760461    -0.00000000
