          21
   (3E)-hept-3-ene
 C        1.26165017    -0.91879264    -0.30656172
 C        2.49238997    -0.35456003     0.43609426
 C        0.06142727    -0.01285296    -0.28576521
 C       -2.29940944     0.61040841     0.34975339
 C        3.07181045     0.92033361    -0.18627314
 C       -1.09283483    -0.28523996     0.32202807
 C       -3.53685463    -0.03905641    -0.29333895
 H        0.16247447     0.94005821    -0.80642972
 H       -1.20267375    -1.24193248     0.83717854
 H        0.99087211    -1.88518123     0.13500200
 H        1.55050620    -1.12061631    -1.34897549
 H        2.21871143    -0.16294169     1.48102089
 H        3.26864186    -1.12975109     0.45512840
 H       -2.54026215     0.86686729     1.39147454
 H       -2.06913400     1.55485692    -0.15734746
 H        2.35491411     1.74703498    -0.15881287
 H        3.96928891     1.24635319     0.34900802
 H        3.35086533     0.75710364    -1.23379407
 H       -3.79263099    -0.97970536     0.20668592
 H       -4.40766189     0.62125847    -0.22877611
 H       -3.35595801    -0.26372075    -1.34925266
