          24
    (3E)-octa-3-ene
 C       -1.97392123     0.77866085    -0.18894128
 C       -0.71073564     1.53921528     0.26440091
 C       -2.03652061    -0.67047825     0.30636336
 C        0.55881202     1.00895954    -0.34191235
 C       -3.28715359    -1.41333776    -0.17269590
 C        1.60568459     0.53394580     0.33201416
 C        2.87127345     0.00303945    -0.28085559
 C        3.14020962    -1.46612956     0.08732095
 H        0.60264051     1.02631348    -1.43313306
 H        1.56222196     0.51160681     1.42278019
 H       -2.86050695     1.32153489     0.16416640
 H       -2.02724084     0.79131486    -1.28676554
 H       -0.63722667     1.51276121     1.35909328
 H       -0.82786549     2.59615623    -0.01472015
 H       -2.00423900    -0.67542330     1.40445563
 H       -1.13772894    -1.20504752    -0.02366840
 H       -4.20141479    -0.91567694     0.17056575
 H       -3.30922558    -2.44247370     0.20010870
 H       -3.32753890    -1.45547894    -1.26715477
 H        3.72352905     0.61010545     0.05694003
 H        2.82606487     0.11115923    -1.37100537
 H        3.20151095    -1.59534483     1.17349803
 H        4.08378055    -1.81492268    -0.34452942
 H        2.33708579    -2.11382583    -0.27843147
