          24
 3-Ethyl-3-methylpent-1-ene
 C       -0.04139347    -0.29644292     0.35072944
 C       -1.52829828    -0.73910772     0.18864155
 C        0.72447392    -0.54305340    -0.97123287
 C        0.56142000    -1.14766672     1.49149602
 C       -0.03081486     1.15342185     0.79517134
 C       -2.31526285    -0.07142917    -0.94369146
 C        2.25298314    -0.41567639    -0.90444213
 C        0.34862941     2.23217168     0.11419894
 H       -1.54173306    -1.82846965     0.04942386
 H       -2.04313252    -0.54964323     1.13971871
 H        0.47126190    -1.55285775    -1.32085248
 H        0.34272766     0.13854972    -1.73893727
 H        1.57694904    -0.83111424     1.74405719
 H       -0.04675613    -1.06259473     2.39875017
 H        0.59433629    -2.20647392     1.21052010
 H       -0.41119690     1.29874870     1.80816352
 H       -1.92663321    -0.34497470    -1.92928501
 H       -3.36512056    -0.37981698    -0.91023873
 H       -2.28172173     1.01920955    -0.86112091
 H        2.69832504    -1.19697781    -0.28155591
 H        2.68579720    -0.51153893    -1.90558229
 H        2.56267417     0.55081819    -0.49716753
 H        0.28319365     3.22301577     0.55249996
 H        0.73754993     2.18356945    -0.89757449
