          22
 3-Ethyl-3-methylpent-1-yne
 C        0.00716822     0.15153141     0.37985533
 C       -1.45232750     0.68886083     0.46993657
 C        0.81365162     0.96295824    -0.67450944
 C        0.65191403     0.28450643     1.78005734
 C       -2.28596522     0.59769139    -0.81142432
 C        2.28425575     0.56381058    -0.83174487
 C       -0.01929531    -1.26753123     0.00234732
 C       -0.04363210    -2.43234608    -0.29899686
 H       -1.39792125     1.73305576     0.80437684
 H       -1.96147111     0.13394913     1.26657764
 H        0.74434188     2.02318122    -0.39730434
 H        0.31724760     0.85968626    -1.64432920
 H        1.65520205    -0.14620241     1.80468204
 H        0.04784557    -0.23341679     2.53046981
 H        0.72080937     1.34068225     2.06360068
 H       -1.89533143     1.24055982    -1.60575877
 H       -3.31599873     0.91155308    -0.61514419
 H       -2.31219185    -0.42895824    -1.18879873
 H        2.86610743     0.76811063     0.07194015
 H        2.74432693     1.12533667    -1.65086067
 H        2.37742317    -0.50231413    -1.06008555
 H       -0.06374707    -3.46100396    -0.56417141
