          26
 3-Ethyl-3-methylpentane
 C        0.15378487    -0.17821914     0.03039316
 C        1.51543166    -0.70676151    -0.50906812
 C        0.05516512     1.33524732    -0.30055197
 C       -0.94235127    -1.00490697    -0.70940469
 C        0.08340492    -0.40457925     1.55192912
 C        2.79221432     0.01260606    -0.05467169
 C       -1.27757150     2.04877523    -0.03810156
 C       -2.32146613    -1.15109404    -0.04858072
 H        1.47535009    -0.68670918    -1.60687274
 H        1.59536559    -1.76637606    -0.23229522
 H        0.31413260     1.46832099    -1.36021659
 H        0.83468890     1.85862146     0.26579954
 H       -0.54959637    -2.01829733    -0.86458185
 H       -1.06589140    -0.58332026    -1.71612794
 H        0.89568261     0.11687398     2.06790687
 H        0.16532762    -1.47004002     1.79612913
 H       -0.85568225    -0.04247318     1.97911981
 H        2.83023887     1.04872942    -0.40310901
 H        3.67263773    -0.49791326    -0.45872487
 H        2.89561470     0.02237248     1.03503919
 H       -2.07384346     1.68967631    -0.69596812
 H       -1.16768280     3.12302695    -0.22097792
 H       -1.61527396     1.92888514     0.99628413
 H       -2.25680023    -1.68817275     0.90249694
 H       -2.98522640    -1.72818800    -0.70136217
 H       -2.80692128    -0.19239088     0.14686129
