          24
 3-Ethyl-4-methylpent-1-ene
 C        0.18795297     0.02485688    -0.27453905
 C       -1.32059451     0.41732253    -0.19494369
 C        0.51241723    -1.32998692     0.39533192
 C       -2.19179462    -0.47694652    -1.09044204
 C       -1.87784514     0.45613548     1.23665461
 C        1.06093046     1.11897109     0.28607382
 C        1.90684449    -1.85949868     0.04290463
 C        1.87943697     1.89337190    -0.42162672
 H        0.42513883    -0.06720380    -1.34418262
 H       -1.38197831     1.43671444    -0.59879324
 H        0.42792882    -1.22629323     1.48445859
 H       -0.23773511    -2.07247012     0.10012551
 H       -2.22000693    -1.51199377    -0.73288544
 H       -3.22467546    -0.11285421    -1.10907798
 H       -1.82332018    -0.48919045    -2.12192957
 H       -1.29545968     1.11533658     1.88770492
 H       -2.90871063     0.82575175     1.23362326
 H       -1.89047770    -0.54014920     1.69153964
 H        0.99827533     1.27032592     1.36442151
 H        2.68704159    -1.14950078     0.33372887
 H        2.10755082    -2.80986222     0.54769189
 H        2.00185334    -2.02855656    -1.03582950
 H        2.47478445     2.67371691     0.04187720
 H        1.98628606     1.77828873    -1.49735412
