          21
 3-Ethylpent-1-ene
 C       -0.08541086    -0.12369963     0.11939769
 C       -1.45075308    -0.70707207    -0.31813395
 C        0.09797372     1.33809444    -0.34681365
 C        1.02715226    -0.99537958    -0.40267965
 C       -2.67003232    -0.05799304     0.34708960
 C        1.35668366     2.01230631     0.20829681
 C        1.89275352    -1.68356198     0.33660862
 H       -0.04657518    -0.14131517     1.21853357
 H       -1.53935498    -0.62809679    -1.41050346
 H       -1.45145397    -1.77970631    -0.09097529
 H        0.12203803     1.35602132    -1.44547234
 H       -0.78009544     1.92340142    -0.05213426
 H        1.09507552    -1.05514199    -1.49088007
 H       -2.77857107     0.99681897     0.07760158
 H       -3.59102736    -0.56745033     0.04592930
 H       -2.60098033    -0.11694024     1.43928299
 H        2.26121668     1.46882236    -0.08037592
 H        1.44631286     3.04023664    -0.15722386
 H        1.33142145     2.04991537     1.30340280
 H        2.66275772    -2.30427512    -0.11047887
 H        1.86453005    -1.65488295     1.42286533
