          13
 3-Methylbut-1-yne
 C       -0.45615972     0.00000036    -0.39374158
 C       -1.12487105    -1.27396486     0.16061785
 C       -1.12495729     1.27391618     0.16062715
 C        0.98065646     0.00004824    -0.11476188
 C        2.15779635     0.00002173     0.13146892
 H       -0.58386775     0.00000001    -1.48537469
 H       -2.19012759    -1.28267912    -0.09178358
 H       -1.02921415    -1.31524495     1.25005725
 H       -0.66273365    -2.17353522    -0.25434681
 H       -0.66288039     2.17352070    -0.25433053
 H       -1.02930354     1.31519451     1.25006678
 H       -2.19021420     1.28256053    -0.09177459
 H        3.19908293    -0.00007414     0.34175958
