          16
 3-Methylpent-1-yne
 C        0.06054494    -0.23528886     0.35463248
 C       -0.94205653     0.76462925    -0.27428204
 C       -0.12518429    -1.67721837    -0.16160843
 C       -2.40630186     0.48491168     0.07771736
 C        1.43436090     0.21505039     0.12653510
 C        2.55895972     0.58688256    -0.08203720
 H       -0.11413728    -0.23998623     1.44082130
 H       -0.80685295     0.75642526    -1.36278905
 H       -0.67298967     1.77217633     0.06086482
 H        0.61122005    -2.34668292     0.29041595
 H        0.00539209    -1.71555259    -1.24778971
 H       -1.12243197    -2.05439237     0.08066520
 H       -2.75090276    -0.47391123    -0.32110769
 H       -3.05595991     1.26303248    -0.33479502
 H       -2.55696032     0.46880452     1.16329455
 H        3.55385162     0.91544280    -0.25724923
