          25
 (3R)-3-methyl-1-(propan-2-yl)cyclopent-1-ene
 C        2.88543655    -0.99786666     0.20290157
 C        2.01055781     0.04721492    -0.51341677
 C        0.66181847    -0.51297380    -0.90629763
 C       -0.34988897    -0.03145883    -0.17912671
 C        0.15570585     0.97725608     0.84026567
 C        1.61324343     1.24891232     0.39039686
 C       -1.79919807    -0.43289184    -0.29174887
 C       -2.33355051    -1.01639814     1.03011045
 C       -2.68036531     0.74082628    -0.76243308
 H        3.06677488    -1.86846195    -0.43689649
 H        3.85832947    -0.57535109     0.47759918
 H        2.39864482    -1.35457687     1.11744343
 H        2.56531729     0.39735333    -1.39412840
 H        0.55612730    -1.27569291    -1.67342450
 H       -0.44331843     1.89475079     0.86918498
 H        0.10956411     0.55572355     1.85406304
 H        2.29811309     1.38072364     1.23358847
 H        1.64467462     2.17225412    -0.19658291
 H       -1.86015229    -1.22012538    -1.05452281
 H       -3.36763779    -1.35722996     0.91182433
 H       -1.73006689    -1.86787105     1.35990422
 H       -2.32217799    -0.26620625     1.82847874
 H       -2.32320433     1.14520022    -1.71443345
 H       -3.71727454     0.41464357    -0.89742852
 H       -2.68355700     1.55553113    -0.03014023
