          24
  3-Methyl-4-methylidenehexane
 C        0.93988730     0.58133907     0.14344157
 C        1.47119920    -0.73945271    -0.45544510
 C       -0.55063093     0.54903964     0.44807442
 C        1.29759663     1.77432123    -0.76528657
 C       -1.52905794     0.31939754    -0.69597200
 C        1.42970659    -1.92151359     0.51791318
 C       -2.12008149    -1.10208760    -0.73422001
 C       -0.99892909     0.74325521     1.68992102
 H        1.45648457     0.73653937     1.10013162
 H        0.90906226    -0.98188118    -1.36680006
 H        2.50680812    -0.57567480    -0.77998358
 H        0.93195951     2.71494153    -0.34221965
 H        2.38382544     1.85211589    -0.88205695
 H        0.86852920     1.66744936    -1.76733113
 H       -2.35363598     1.03593470    -0.60712447
 H       -1.04680106     0.52948272    -1.65650655
 H        0.41449479    -2.10832063     0.88055194
 H        1.79468676    -2.83827218     0.04383771
 H        2.05820739    -1.72756497     1.39448477
 H       -2.63977720    -1.33109304     0.20102916
 H       -2.83804830    -1.20074045    -1.55540749
 H       -1.34361929    -1.85957847    -0.87584453
 H       -0.32295869     0.89354203     2.52631646
 H       -2.06112335     0.76058141     1.91964261
