          16
 3-Methylenepent-1-ene
 C        1.40419336     0.18642910     0.46159797
 C       -0.04825166     0.50756201     0.17790691
 C        1.97814357    -0.89023889    -0.47499659
 C       -1.01284354    -0.57828554     0.44143063
 C       -0.43135962     1.71117230    -0.26368213
 C       -2.11983255    -0.83377618    -0.25893831
 H        1.49508022    -0.16153092     1.50045890
 H        2.00190875     1.10060576     0.38470768
 H        3.01818733    -1.11638120    -0.21980489
 H        1.40376405    -1.81975900    -0.41031174
 H        1.94727247    -0.55451048    -1.51643707
 H       -0.76210741    -1.23262093     1.27737811
 H        0.29030148     2.49646629    -0.46585277
 H       -1.47657318     1.95385414    -0.42383829
 H       -2.78953675    -1.64240344     0.01413651
 H       -2.39033007    -0.24848389    -1.13249040
