          24
 3-Methylhept-1-ene
 C       -0.23994318    -0.28422250     0.68245315
 C        1.29047902    -0.40789490     0.46211142
 C       -1.11629510    -0.40787298    -0.57279697
 C       -2.62608290    -0.35681146    -0.28313401
 C        1.69725499    -1.79891870    -0.06028490
 C        1.82570789     0.67749803    -0.43714101
 C       -3.12653089     0.99279311     0.24549210
 C        2.62525107     1.66842832    -0.05228509
 H       -0.43099186     0.67981543     1.16752391
 H       -0.54226817    -1.05888939     1.40150688
 H        1.75526361    -0.27490943     1.44808356
 H       -0.86434469     0.39104175    -1.28255993
 H       -0.89449799    -1.35314587    -1.08260976
 H       -3.16668332    -0.59798214    -1.20692771
 H       -2.88311750    -1.14859885     0.43360814
 H        1.33206484    -1.97248060    -1.07788985
 H        2.78652603    -1.90051866    -0.08137320
 H        1.29311437    -2.59091784     0.57983953
 H        1.52571794     0.61926576    -1.48379270
 H       -2.88110862     1.80327039    -0.45052329
 H       -4.21349796     0.98467947     0.37566871
 H       -2.68275287     1.24338725     1.21397515
 H        2.98014429     2.42310605    -0.74693843
 H        2.95909210     1.76462773     0.97797970
