          21
 3-Methylhex-1-ene
 C       -0.58011375    -0.18070069    -0.26980420
 C        0.49510760     0.80564225     0.24707501
 C        1.87423906     0.72124491    -0.44566997
 C       -0.17707257    -1.65935829    -0.11988015
 C       -1.88703207     0.07349761     0.43616453
 C        2.91038226    -0.14087401     0.28777099
 C       -3.00983028     0.49451735    -0.13861880
 H       -0.72895248     0.02373632    -1.33929326
 H        0.62055847     0.66620712     1.33021014
 H        0.08924662     1.81582880     0.12160394
 H        2.28159308     1.73457284    -0.54185003
 H        1.74679121     0.35591404    -1.47324473
 H       -0.97751530    -2.31371522    -0.47864375
 H        0.01531239    -1.91162846     0.92967975
 H        0.72564120    -1.89004909    -0.69274489
 H       -1.87751503    -0.11225180     1.51187213
 H        3.10053719     0.25348459     1.29237984
 H        3.86476925    -0.15226152    -0.24922214
 H        2.58063901    -1.17759070     0.40062794
 H       -3.91910431     0.66003222     0.43038060
 H       -3.06506203     0.69071659    -1.20648061
