          19
 3-Methylhex-1-yne
 C       -0.66770228     0.32893702     0.75248270
 C        0.83708859     0.60606304     0.50019838
 C       -1.45535001    -0.17995674    -0.45998036
 C        1.07837346     1.73119125    -0.52797167
 C       -2.91000765    -0.51229075    -0.11221757
 C        1.55144373    -0.61418508     0.11935774
 C        2.13646811    -1.61578234    -0.19946915
 H       -0.74859067    -0.40404418     1.56452395
 H       -1.12181931     1.25739171     1.12382522
 H        1.25772099     0.94380548     1.45780004
 H       -0.95781806    -1.07052625    -0.86161217
 H       -1.43834393     0.57099007    -1.25902754
 H        0.73008290     1.44277416    -1.52294754
 H        2.14413559     1.96309067    -0.60199861
 H        0.54723063     2.63965561    -0.22519885
 H       -2.96487698    -1.29054057     0.65727033
 H       -3.45655503    -0.87263911    -0.98946925
 H       -3.43936179     0.36769066     0.27088618
 H        2.65759856    -2.49923420    -0.47610293
