          24
 3-Methylideneheptane
 C        1.39415966    -0.52946901     0.71692599
 C       -0.10506571    -0.45046484     1.07757537
 C        1.89992520     0.59854513    -0.18928704
 C       -1.03316791    -0.55238881    -0.12266877
 C       -1.67420699     0.72586966    -0.61791416
 C        3.40183729     0.50008562    -0.47501295
 C       -2.79925666     1.22717930     0.30644768
 C       -1.27907475    -1.72542525    -0.70870802
 H        1.97512324    -0.52852327     1.64924737
 H        1.58933661    -1.49481220     0.23214525
 H       -0.29126614     0.48795469     1.61440344
 H       -0.32980442    -1.25899481     1.78258150
 H        1.67895581     1.56808145     0.27792102
 H        1.34831637     0.57952630    -1.13701345
 H       -2.08030341     0.56614604    -1.62289824
 H       -0.91219433     1.51144862    -0.70440014
 H        3.98577428     0.54822581     0.45117362
 H        3.74029366     1.31365661    -1.12459933
 H        3.64789409    -0.44574750    -0.97068010
 H       -3.60358830     0.48787666     0.37228995
 H       -3.22443773     2.16278142    -0.07078335
 H       -2.43505853     1.41391671     1.32195961
 H       -0.85038633    -2.65256263    -0.33812207
 H       -1.91862232    -1.80536731    -1.58270099
