          19
 (3R,5S)-3,5-dimethylcyclopent-1-ene
 C       -0.66582899     1.25996348    -0.04896252
 C        0.66582898     1.25996348    -0.04896254
 C        1.24306361    -0.07056582     0.38933750
 C        0.00000000    -0.99805017     0.32915773
 C       -1.24306361    -0.07056582     0.38933750
 C        2.42811367    -0.55882090    -0.45202169
 C       -2.42811367    -0.55882090    -0.45202169
 H       -1.29501245     2.11060501    -0.29396198
 H        1.29501244     2.11060501    -0.29396201
 H        1.58799897     0.02082739     1.43173660
 H        0.00000000    -1.52411541    -0.63433771
 H       -0.00000000    -1.76150692     1.11283217
 H       -1.58799898     0.02082737     1.43173660
 H        3.27353824     0.13535394    -0.39106167
 H        2.77767445    -1.53898898    -0.10970687
 H        2.14488342    -0.65134174    -1.50650417
 H       -2.77767447    -1.53898897    -0.10970686
 H       -3.27353822     0.13535395    -0.39106171
 H       -2.14488339    -0.65134177    -1.50650417
