          14
 (3Z)-1,3,5-hexatriene
 C       -0.67584720    -0.74950206    -0.00000000
 C        0.67584720    -0.74950206     0.00000001
 C       -1.55211561     0.40549880     0.00000001
 C        1.55211562     0.40549879     0.00000001
 C       -2.88937646     0.32330182    -0.00000001
 C        2.88937646     0.32330182    -0.00000001
 H       -1.18095417    -1.71403864    -0.00000001
 H        1.18095416    -1.71403865     0.00000001
 H       -1.09021102     1.38993608     0.00000002
 H        1.09021102     1.38993607     0.00000001
 H       -3.51705659     1.20724034     0.00000000
 H       -3.39826983    -0.63665044    -0.00000003
 H        3.51705658     1.20724035    -0.00000001
 H        3.39826984    -0.63665043    -0.00000001
