          16
 (3Z)-1,3-hexadiene
 C        1.55350436    -0.21090930     0.56238286
 C        2.66660508    -0.49566201    -0.46210136
 C        0.61044696     0.86056642     0.09427464
 C       -0.71343691     0.76941133    -0.11021196
 C       -1.55741379    -0.39826099     0.08871559
 C       -2.87715023    -0.40954165    -0.13339759
 H        1.08422186     1.82026023    -0.11226465
 H       -1.23523571     1.65844103    -0.46284611
 H        1.01822078    -1.13735727     0.79021210
 H        2.01945826     0.11431592     1.50366831
 H        3.23257997     0.41370651    -0.69148196
 H        2.24749674    -0.87127310    -1.40068992
 H        3.37062548    -1.24118147    -0.07912314
 H       -1.07923098    -1.31050819     0.43785970
 H       -3.47688141    -1.29898243     0.02425714
 H       -3.40151602     0.47611087    -0.48184003
