          24
 (3Z)-2,3-dimethylhex-3-ene
 C        2.01008529    -0.80166461    -1.19122402
 C        1.04981198    -0.66238735     0.00738767
 C        1.81446232    -0.82022343     1.33579376
 C        0.25807994     0.63610842    -0.05419525
 C       -1.05589421     0.69885565    -0.30862584
 C       -2.04023069    -0.41118047    -0.55925698
 C       -3.15374194    -0.45392345     0.50268699
 C        1.03301604     1.91467488     0.17899408
 H        2.52114450    -1.77026909    -1.16305339
 H        1.46997511    -0.72918473    -2.14017154
 H        2.78156147    -0.02434136    -1.18295329
 H        0.34178177    -1.49460770    -0.05226392
 H        2.60960562    -0.07431916     1.43729330
 H        1.14394337    -0.71710107     2.19504615
 H        2.28398472    -1.80825436     1.38961395
 H       -1.50812001     1.69230672    -0.32869495
 H       -2.50425431    -0.25567580    -1.54388953
 H       -1.54710398    -1.38624294    -0.60943859
 H       -3.89286281    -1.22734399     0.26955731
 H       -2.74059845    -0.66413881     1.49438781
 H       -3.67933037     0.50556147     0.56047775
 H        1.88177841     2.00988137    -0.50913708
 H        0.39459906     2.79141985     0.04343923
 H        1.44896144     1.95854103     1.19281655
