          24
 (3Z)-2,4-dimethylhex-3-ene
 C        1.50169705    -0.26763268     0.13039043
 C       -0.92065525     0.58523235     0.00611677
 C        0.38595978     0.66217273    -0.27349694
 C       -1.55885647    -0.51816519     0.82518464
 C        2.53011372     0.47183993     1.00728924
 C        2.18335424    -0.86281598    -1.11669862
 C       -1.87800311     1.63623140    -0.50509074
 C       -2.27536701    -1.57781744    -0.03339594
 H        1.09483689    -1.09950983     0.71589897
 H        0.71994556     1.50818847    -0.87862705
 H       -0.81458896    -1.01504256     1.45403176
 H       -2.28918321    -0.06985492     1.51245921
 H        2.96092295     1.32380994     0.46790573
 H        2.06718938     0.85665795     1.92108776
 H        3.35344340    -0.19224908     1.29301166
 H        2.60469142    -0.07005620    -1.74622623
 H        3.00187416    -1.53397107    -0.83392973
 H        1.47151398    -1.42803925    -1.72603913
 H       -1.36864285     2.38454005    -1.11805669
 H       -2.67878204     1.19381930    -1.11109886
 H       -2.37194922     2.15557251     0.32702672
 H       -1.56741885    -2.08501795    -0.69641297
 H       -2.75160655    -2.33457165     0.59848778
 H       -3.05412222    -1.13078638    -0.65934803
