          24
 (3Z)-2,5-dimethylhex-3-ene
 C       -1.88741166     0.00000018     0.22375417
 C        1.35877725     0.00000002    -0.24799420
 C       -0.75064159     0.00000125     1.23653753
 C        0.57030399     0.00000117     1.03802109
 C       -1.92334095     1.27419304    -0.64235378
 C       -1.92334033    -1.27419399    -0.64235189
 C        2.23132940    -1.26616607    -0.33889155
 C        2.23133124     1.26616476    -0.33889257
 H       -1.07764736     0.00000220     2.27569017
 H        1.20202454     0.00000202     1.92915450
 H       -2.81431943     0.00000038     0.81144186
 H        0.67448171     0.00000016    -1.10184753
 H       -2.81995768     1.28554818    -1.27242030
 H       -1.05338139     1.34114955    -1.30262678
 H       -1.93592007     2.17300815    -0.01829126
 H       -2.81995724    -1.28555065    -1.27241814
 H       -1.93591872    -2.17300818    -0.01828802
 H       -1.05338096    -1.34115097    -1.30262508
 H        2.92955802    -1.31888230     0.50491079
 H        2.82246494    -1.26904535    -1.26123977
 H        1.61858299    -2.17250756    -0.32110942
 H        1.61858616     2.17250717    -0.32111115
 H        2.82246678     1.26904246    -1.26124080
 H        2.92955993     1.31888059     0.50490973
