          24
 (3Z)-2-methylhept-3-ene
 C       -1.99938962     0.05376941    -0.21042596
 C        1.27663188    -0.68988561    -0.64425044
 C       -0.82612747     0.82365501    -0.77777585
 C        2.14330152    -0.55682210     0.62908098
 C        0.46997724     0.54530362    -0.95469994
 C       -1.80741185    -1.43874463     0.08333748
 C       -2.52113929     0.78482612     1.04559590
 C        3.18391872     0.56632382     0.57018592
 H       -1.12814850     1.82863902    -1.07911476
 H        1.06213538     1.35468398    -1.38201923
 H       -2.79632320     0.12933557    -0.96702352
 H        1.94566918    -0.88662842    -1.49420946
 H        0.64168307    -1.56996205    -0.54284660
 H        2.65316457    -1.51351887     0.79927356
 H        1.48315130    -0.39814862     1.49107964
 H       -2.75533092    -1.87172645     0.42132438
 H       -1.07224821    -1.60707499     0.87689237
 H       -1.48959283    -1.99176662    -0.80496255
 H       -3.45155856     0.33026717     1.40282864
 H       -2.71842213     1.84193245     0.84038948
 H       -1.78465463     0.73455836     1.85512956
 H        3.85709674     0.43736090    -0.28550367
 H        3.79826396     0.58069249     1.47608141
 H        2.71050054     1.54849240     0.47596171
