          16
 (3Z)-2-methylpenta-1,3-diene
 C       -0.99925123     0.01109104    -0.00000001
 C        0.13635392     0.94151075    -0.00000006
 C       -0.80740996    -1.48735413    -0.00000005
 C        1.46624257     0.75397164    -0.00000004
 C        2.30124070    -0.49363118     0.00000007
 C       -2.24136126     0.52176120     0.00000007
 H       -0.18470754     1.98253369    -0.00000010
 H        2.06332578     1.66589453    -0.00000006
 H       -1.77429014    -1.99700938     0.00000002
 H       -0.25113614    -1.82267004     0.88212569
 H       -0.25113629    -1.82267001    -0.88212590
 H        2.96178133    -0.50601736     0.87697008
 H        2.96178180    -0.50601719    -0.87696959
 H        1.72739278    -1.41773867    -0.00000017
 H       -2.41614667     1.59304663     0.00000010
 H       -3.12008429    -0.11448362     0.00000012
