          24
 (3Z)-3,4-dimethylhex-3-ene
 C       -0.63310400     0.44409154     0.22620526
 C        0.63310419     0.44409162    -0.22620539
 C       -1.40825898    -0.83327336     0.50594961
 C        1.40825921    -0.83327318    -0.50594983
 C       -1.44016657     1.69242402     0.50380633
 C        1.44016663     1.69242419    -0.50380608
 C       -2.30650207    -1.26776231    -0.66759100
 C        2.30650164    -1.26776275     0.66759105
 H       -2.04012143    -0.67102419     1.38926884
 H       -0.73669844    -1.65573500     0.76639197
 H        2.04012217    -0.67102367    -1.38926860
 H        0.73669879    -1.65573466    -0.76639294
 H       -0.98641888     2.60734718     0.12223113
 H       -1.60091498     1.82076027     1.58312518
 H       -2.43797776     1.61231432     0.05459024
 H        2.43797756     1.61231471    -0.05458942
 H        0.98641855     2.60734729    -0.12223125
 H        1.60091566     1.82076035    -1.58312484
 H       -3.00927822    -0.47652024    -0.94849524
 H       -2.89240781    -2.15549589    -0.40686217
 H       -1.70689371    -1.50409712    -1.55243337
 H        3.00927784    -0.47652095     0.94849594
 H        2.89240731    -2.15549637     0.40686217
 H        1.70689282    -1.50409777     1.55243305
