          24
 (3Z)-3-methylhept-3-ene
 C       -2.40373387    -1.36121260    -0.39442315
 C       -1.26123771    -0.53149570     0.14243614
 C       -1.65299321     0.83289971     0.67060706
 C       -1.91278630     1.86584005    -0.44263690
 C       -0.01058264    -1.00931518     0.13084592
 C        1.25606266    -0.34740446     0.59719141
 C        2.26993205    -0.13463474    -0.54432967
 C        3.59141810     0.47090079    -0.06267642
 H       -3.14548365    -1.56313812     0.38991999
 H       -2.05745663    -2.32013311    -0.78905661
 H       -2.93939490    -0.84088563    -1.19847112
 H       -0.88508032     1.22319943     1.34436167
 H       -2.56515922     0.72950392     1.27404748
 H       -2.70136037     1.53407369    -1.12537474
 H       -1.00875717     2.03350411    -1.03654325
 H       -2.22401910     2.82596920    -0.01834291
 H        0.13742959    -2.00724153    -0.28555422
 H        1.73129735    -0.97764280     1.36421479
 H        1.05194215     0.61567362     1.07669633
 H        1.81828901     0.51217672    -1.30673872
 H        2.46289435    -1.09597969    -1.03805815
 H        4.07622677    -0.17552236     0.67772602
 H        3.43180819     1.44778298     0.40775915
 H        4.29232173     0.61173456    -0.89171367
