          24
 (3Z)-4-methylhept-3-ene
 C       -1.23593370     0.58061381     0.05804759
 C        0.18141760     1.11376113    -0.04496800
 C       -1.55640850    -0.91083722    -0.08984602
 C        1.33238422     0.47385943    -0.29126289
 C        1.66310009    -0.97327977    -0.54091591
 C        0.21641956     2.61323101     0.17607258
 C       -3.05376337    -1.18329857     0.09821503
 C        2.59704150    -1.54315302     0.54249082
 H        2.22354903     1.10511838    -0.30253565
 H       -1.63077524     0.91609416     1.03055592
 H       -1.84290079     1.13362392    -0.67685658
 H       -0.99017642    -1.49315136     0.64586725
 H       -1.25032204    -1.26630959    -1.08000894
 H        2.17586988    -1.04675746    -1.51105022
 H        0.77447854    -1.59718739    -0.61877033
 H       -0.18171430     2.87771665     1.16476081
 H       -0.41028990     3.13718934    -0.55790958
 H        1.23039195     3.01352933     0.10134669
 H       -3.39163758    -0.87128247     1.09295150
 H       -3.28107574    -2.24822392    -0.01214941
 H       -3.65167791    -0.63637838    -0.63963653
 H        3.51044530    -0.94462177     0.63088244
 H        2.89128101    -2.57153879     0.30845093
 H        2.10691466    -1.54264960     1.52151039
