          24
 (3Z)-6-methylhept-3-ene
 C       -1.87627692     1.43576388    -0.28675721
 C       -2.01341557    -0.00814128     0.21298907
 C       -0.66286246    -0.76083478     0.15929276
 C        0.37214364    -0.20271803     1.09683995
 C        1.57841527     0.29159313     0.80655902
 C        2.24089887     0.40612062    -0.53914928
 C        3.54518208    -0.40668719    -0.61913002
 C       -3.08708576    -0.76584030    -0.57874233
 H       -2.82271739     1.97843490    -0.19118131
 H       -1.58910559     1.45402717    -1.34554763
 H       -1.11179319     1.98099383     0.27438313
 H       -2.32959138     0.02564090     1.26596266
 H       -0.29985703    -0.76967932    -0.87500045
 H       -0.84880152    -1.81087555     0.42895865
 H        0.07314555    -0.20822530     2.14601075
 H        2.18928906     0.64529105     1.63825529
 H        2.47474321     1.46285689    -0.73159143
 H        1.56304394     0.09183213    -1.33851403
 H        3.34922116    -1.47517984    -0.48487443
 H        4.24962707    -0.09875469     0.16134499
 H        4.03691243    -0.26864334    -1.58744394
 H       -4.05461714    -0.25556222    -0.52363176
 H       -3.22193327    -1.78420827    -0.19836265
 H       -2.81251253    -0.84002253    -1.63810646
