          21
   (3Z)-hept-3-ene
 C        1.00303540    -0.29511652    -0.86141661
 C        1.97122072     0.78130649    -0.32143582
 C        0.16053050    -0.94570477     0.20268530
 C       -2.16063820    -0.09066797    -0.45253789
 C        3.03387160     0.24625429     0.64444518
 C       -1.16201093    -0.85920156     0.36900431
 C       -2.92559886     0.95024042     0.38377159
 H        0.71093186    -1.55608074     0.91749739
 H       -1.59852188    -1.39974841     1.21007926
 H        0.36995025     0.15625284    -1.63142817
 H        1.59750851    -1.07014537    -1.36747503
 H        1.38767203     1.56760216     0.17321962
 H        2.46928048     1.25535745    -1.17650050
 H       -2.88676619    -0.79551503    -0.88238200
 H       -1.67663858     0.40522960    -1.29936906
 H        2.58487943    -0.16646941     1.55319484
 H        3.72227808     1.04073300     0.94972945
 H        3.62880336    -0.54714575     0.17711242
 H       -3.43821955     0.47737368     1.22866287
 H       -3.68011804     1.46401121    -0.22053574
 H       -2.24338240     1.70337249     0.79069376
