          19
 4,4-dimethylpent-1-yne
 C       -0.78784681     0.02976379     0.00000001
 C        0.40480639    -0.97228151    -0.00000275
 C       -0.73095234     0.91036584     1.25944431
 C       -2.08984519    -0.78964006    -0.00000432
 C       -0.73095039     0.91037616    -1.25943697
 C        1.72569701    -0.35163427    -0.00000083
 C        2.81234991     0.16429141     0.00000028
 H        0.31728785    -1.62623406     0.87806335
 H        0.31728834    -1.62622962    -0.87807224
 H       -1.56779652     1.61682066     1.27552565
 H       -0.78941330     0.30266187     2.16972497
 H        0.19977644     1.48387142     1.29741520
 H       -2.96349688    -0.12929608    -0.00000059
 H       -2.15707851    -1.43124545    -0.88596265
 H       -2.15707837    -1.43125522     0.88594696
 H        0.19977766     1.48388333    -1.29740092
 H       -0.78940839     0.30267972    -2.16972285
 H       -1.56779545     1.61683005    -1.27551460
 H        3.77507594     0.61340978     0.00000099
