          19
 4,4-dimethylpent-2-yne
 C       -0.92329078     0.00000694     0.00003938
 C       -1.43628831    -0.10924277    -1.45385536
 C       -1.43638023    -1.20446936     0.82156772
 C       -1.43604465     1.31388070     0.63229017
 C        0.54631191    -0.00011187     0.00002891
 C        1.75143405    -0.00005300     0.00000372
 C        3.20933023    -0.00003590    -0.00003203
 H       -1.08450105    -1.03248530    -1.92340198
 H       -2.53195404    -0.11012979    -1.47004027
 H       -1.08408132     0.73311216    -2.05634589
 H       -1.08432516    -1.14988780     1.85581268
 H       -2.53202609    -1.21768292     0.83072297
 H       -1.08459895    -2.14743073     0.39297698
 H       -1.08403394     1.41434846     1.66310695
 H       -1.08375334     2.18192515     0.06753307
 H       -2.53169652     1.32863548     0.63924658
 H        3.60859781    -0.84325734     0.57507412
 H        3.60855569    -0.07648384    -1.01785317
 H        3.60859529     0.91963731     0.44266169
