          24
    (4Z)-oct-4-ene
 C       -1.59406680    -0.75287407    -0.51609055
 C        1.59406570    -0.75287283    -0.51609131
 C       -2.38771014     0.56599063    -0.65410902
 C        2.38771018     0.56599130    -0.65410868
 C       -0.66828746    -0.78506783     0.67014043
 C        0.66828702    -0.78506716     0.67014010
 C       -3.33884311     0.85459366     0.51217182
 C        3.33884448     0.85459184     0.51217169
 H       -1.16388199    -0.80781741     1.63994963
 H        1.16388201    -0.80781646     1.63994902
 H       -1.03907051    -0.92534064    -1.44333211
 H       -2.31379470    -1.58002489    -0.42805218
 H        2.31379291    -1.58002441    -0.42805440
 H        1.03906874    -0.92533773    -1.44333276
 H       -1.67933616     1.39643131    -0.76421811
 H       -2.96447208     0.52376166    -1.58657546
 H        2.96447125     0.52376303    -1.58657568
 H        1.67933691     1.39643280    -0.76421607
 H       -2.79679711     0.98492541     1.45395473
 H       -3.91252798     1.76960365     0.33345403
 H       -4.05458676     0.03580662     0.65060303
 H        4.05458737     0.03580385     0.65060122
 H        3.91253017     1.76960144     0.33345456
 H        2.79679948     0.98492298     1.45395525
