          25
 5,5-Dimethylhept-3-yne
 C        1.53873050     1.09543332    -1.26315764
 C        1.03087958     0.36164414     0.00000167
 C       -0.43946729     0.38170902     0.00000474
 C       -1.64525254     0.39573005     0.00000654
 C       -3.10654330     0.39054292    -0.00001097
 C       -3.70503184    -1.02855066     0.00000429
 C        1.48225840    -1.12990513     0.00003459
 C        2.99492001    -1.37951741    -0.00000553
 C        1.53873670     1.09548688     1.26312743
 H        1.15018622     2.11737905    -1.29288535
 H        2.63175211     1.14927826    -1.27259324
 H        1.20918244     0.58273877    -2.17190879
 H       -3.47406319     0.94111736     0.87601304
 H       -3.47404037     0.94109184    -0.87606067
 H       -3.38265437    -1.58561577    -0.88410849
 H       -3.38268090    -1.58558596     0.88414552
 H       -4.79856143    -0.98348872    -0.00001290
 H        1.03522437    -1.61429898     0.87606880
 H        1.03517265    -1.61435396    -0.87594271
 H        3.48206716    -0.95803018    -0.88459534
 H        3.48213360    -0.95793096     0.88450045
 H        3.19540194    -2.45575364     0.00004697
 H        1.15020496     2.11743883     1.29280669
 H        1.20918006     0.58283871     2.17190153
 H        2.63175900     1.14931909     1.27256349
