          24
 5,5-Dimethylhex-1-ene
 C        1.29012993    -0.05983659    -0.02291452
 C        0.03935646     0.51823608    -0.73560039
 C        0.96305811    -1.34063341     0.76658038
 C        2.33082765    -0.39845227    -1.10786986
 C        1.89669657     0.98594827     0.93212538
 C       -1.21022704     0.83426264     0.12956659
 C       -2.20426286    -0.29226001     0.22220946
 C       -3.46260492    -0.22893084    -0.20542187
 H       -0.25978792    -0.16756733    -1.53835935
 H        0.35183464     1.44427394    -1.23468230
 H        1.87556408    -1.77299235     1.19226473
 H        0.50441924    -2.10003415     0.12360805
 H        0.27937892    -1.14297565     1.59830088
 H        3.25669260    -0.77761875    -0.66098800
 H        2.58541101     0.48582929    -1.70298242
 H        1.95209762    -1.16475975    -1.79343085
 H        1.20317881     1.26331852     1.73260033
 H        2.16974434     1.90062877     0.39386750
 H        2.80332158     0.59590481     1.40793155
 H       -1.72092726     1.70716849    -0.29227934
 H       -0.89425976     1.12926184     1.13912851
 H       -1.84798869    -1.22003483     0.66627328
 H       -4.14053369    -1.07214141    -0.12009840
 H       -3.86711792     0.67344132    -0.65724443
