          24
 5-Methylhept-1-ene
 C        1.11739773     0.53909627     0.24719922
 C       -0.27819051     1.14159835    -0.01562242
 C        1.21696966    -0.93988892    -0.17241455
 C        2.18766055     1.40450213    -0.43572102
 C       -1.46638942     0.46857736     0.72351947
 C        2.55417057    -1.61341527     0.16059021
 C       -2.22697072    -0.53430586    -0.10157507
 C       -3.52575028    -0.45965145    -0.38016983
 H        1.29139508     0.58403118     1.33393201
 H       -0.47702941     1.14477868    -1.09569209
 H       -0.24244999     2.19613725     0.28305929
 H        1.02456620    -1.01901843    -1.25189318
 H        0.41862595    -1.50422382     0.32255257
 H        3.20111459     1.08071424    -0.18308220
 H        2.09324464     2.45363039    -0.13595959
 H        2.08609229     1.36186990    -1.52723623
 H       -2.16910291     1.23948409     1.05865001
 H       -1.08751369    -0.01386186     1.63653230
 H        3.38627191    -1.17886977    -0.40116402
 H        2.52155250    -2.68141692    -0.07755858
 H        2.78839901    -1.51947167     1.22739238
 H       -1.65213968    -1.36857746    -0.50105033
 H       -4.02643541    -1.20817377    -0.98583265
 H       -4.14262145     0.35542387    -0.00991589
