          19
 5-Methylhex-1-yne
 C        1.31527467    -0.04688731     0.32100733
 C        0.35357440     0.97587382    -0.31297839
 C        0.83601190    -1.49985618     0.19354308
 C        2.71781200     0.10956843    -0.28564150
 C       -1.02983299     1.11982985     0.36785658
 C       -2.01330560     0.09858223     0.01715856
 C       -2.84340678    -0.71575103    -0.29018896
 H        1.38631497     0.19354517     1.39264609
 H        0.20888376     0.74251313    -1.37521767
 H        0.83398306     1.96132322    -0.27453997
 H        1.55641826    -2.18309826     0.65649239
 H        0.73660447    -1.78502353    -0.86065164
 H       -0.13497473    -1.65745461     0.66787834
 H        3.42863206    -0.57982124     0.18190052
 H        3.10182843     1.12736839    -0.15680474
 H        2.70489909    -0.10807131    -1.36053298
 H       -1.45007706     2.09758982     0.09931636
 H       -0.89733089     1.14141813     1.45818553
 H       -3.57060559    -1.44275084    -0.55674983
