          19
 5-Methylhex-2-yne
 C        1.45638315     0.07399083    -0.33708701
 C        0.44138780    -0.86362795     0.36322185
 C        1.38320482     1.49874977     0.22353640
 C        2.87340363    -0.50041114    -0.21866279
 C       -0.95374058    -0.47459813     0.17602199
 C       -2.10029986    -0.14562924     0.00459954
 C       -3.49093648     0.24224780    -0.19695471
 H        1.18436594     0.10896536    -1.40017385
 H        0.67456477    -0.89832297     1.43749035
 H        0.58547420    -1.88666538    -0.00966886
 H        2.06399650     2.16734005    -0.31356393
 H        1.66792344     1.51531067     1.28297511
 H        0.37029380     1.90272980     0.14184159
 H        3.60018696     0.13700686    -0.73263556
 H        2.93877690    -1.50320128    -0.65468518
 H        3.18095583    -0.57218337     0.83179498
 H       -4.12852752    -0.63318393    -0.36530104
 H       -3.59961828     0.90066696    -1.06632952
 H       -3.88763789     0.77709228     0.67352082
