          23
     9H-fluorene
 C       -0.00000000     1.83584782     0.00000007
 C        1.18354355     0.89064173     0.00000006
 C       -1.18354355     0.89064173     0.00000002
 C        0.73375669    -0.44457429     0.00000007
 C       -0.73375669    -0.44457429     0.00000006
 C        2.54149069     1.17597334    -0.00000001
 C       -2.54149069     1.17597334    -0.00000006
 C        1.64889555    -1.49659249     0.00000001
 C       -1.64889554    -1.49659248     0.00000006
 C        3.45631493     0.11995418    -0.00000008
 C       -3.45631494     0.11995418    -0.00000010
 C        3.01187137    -1.20422822    -0.00000006
 C       -3.01187137    -1.20422822    -0.00000002
 H       -0.00000002     2.49478900     0.87823968
 H        0.00000002     2.49478907    -0.87823949
 H        2.89334603     2.20373696    -0.00000004
 H       -2.89334604     2.20373696    -0.00000011
 H        1.31015050    -2.52820016     0.00000001
 H       -1.31015049    -2.52820016     0.00000012
 H        4.52121219     0.32998859    -0.00000016
 H       -4.52121219     0.32998859    -0.00000018
 H        3.73558907    -2.01330563    -0.00000012
 H       -3.73558907    -2.01330564    -0.00000003
