          22
    Acenaphthene
 C        1.17381390    -0.89537762    -0.00000002
 C       -0.00000000    -0.11396163    -0.00000001
 C       -0.00000000     1.29830089    -0.00000001
 C        1.27385085     1.92569935     0.00000002
 C        2.42304363     1.16104700     0.00000004
 C        2.39250159    -0.25987999     0.00000001
 C       -1.27385085     1.92569935    -0.00000002
 C       -2.42304363     1.16104699    -0.00000003
 C       -2.39250159    -0.25987999     0.00000000
 C       -1.17381390    -0.89537762     0.00000002
 C        0.78422843    -2.36281672    -0.00000012
 C       -0.78422843    -2.36281672     0.00000012
 H       -3.32585904    -0.81506431     0.00000002
 H       -3.38856145     1.65849271    -0.00000005
 H       -1.33965220     3.00987308    -0.00000003
 H        1.33965219     3.00987308     0.00000003
 H        3.38856145     1.65849271     0.00000007
 H        3.32585904    -0.81506430     0.00000001
 H        1.18412763    -2.88420310     0.87666290
 H        1.18412733    -2.88420283    -0.87666344
 H       -1.18412732    -2.88420283     0.87666344
 H       -1.18412763    -2.88420309    -0.87666291
