          24
      Anthracene
 C        1.22195831     0.72161930    -0.00000001
 C        1.22195831    -0.72161931    -0.00000001
 C       -1.22195831     0.72161931    -0.00000001
 C       -1.22195831    -0.72161930    -0.00000001
 C        0.00000000     1.40106150    -0.00000001
 C       -0.00000000    -1.40106150    -0.00000001
 C        2.47617139     1.40459606     0.00000001
 C        2.47617139    -1.40459607    -0.00000001
 C       -2.47617139     1.40459607    -0.00000001
 C       -2.47617139    -1.40459607     0.00000001
 C        3.65476679     0.71220051     0.00000002
 C        3.65476679    -0.71220052     0.00000001
 C       -3.65476679     0.71220051     0.00000001
 C       -3.65476679    -0.71220051     0.00000002
 H        0.00000000     2.48835122    -0.00000001
 H       -0.00000000    -2.48835121    -0.00000001
 H        2.47256024     2.49092621     0.00000002
 H        2.47256025    -2.49092621    -0.00000002
 H       -2.47256025     2.49092621    -0.00000002
 H       -2.47256024    -2.49092621     0.00000002
 H        4.60073531     1.24438602     0.00000004
 H        4.60073531    -1.24438602     0.00000001
 H       -4.60073531     1.24438602     0.00000001
 H       -4.60073531    -1.24438602     0.00000004
