          27
 (Butan-2-yl)cyclopentane
 C        0.23183437    -0.10480864     0.65531240
 C        0.88620554     1.28431806     0.47783230
 C        1.48566029    -1.01340279     0.67366209
 C       -0.77843333    -0.49385800    -0.45672333
 C        2.00646744     1.06765063    -0.56229103
 C        2.44995855    -0.41273370    -0.38179030
 C       -1.85927813     0.57990340    -0.72694252
 C       -1.43402120    -1.85404165    -0.15806724
 C       -2.73160948     0.97037233     0.47385626
 H       -0.29042828    -0.16020077     1.61803810
 H        1.32796570     1.58216934     1.43669145
 H        0.18970552     2.07657558     0.19381534
 H        1.26720298    -2.06790020     0.48796396
 H        1.94489802    -0.95930029     1.66745252
 H       -0.21861518    -0.60445231    -1.39662068
 H        2.83204267     1.77166711    -0.42460467
 H        1.62357426     1.23152670    -1.57494728
 H        3.49116990    -0.49240741    -0.05647253
 H        2.38052284    -0.95509872    -1.32964609
 H       -2.50834082     0.20659001    -1.52977464
 H       -1.38497706     1.48189339    -1.12997313
 H       -0.69871332    -2.66106273    -0.10063667
 H       -2.15140484    -2.12094328    -0.94173499
 H       -1.97410709    -1.83791746     0.79507763
 H       -3.26849006     0.11005727     0.88577905
 H       -3.48107339     1.71160246     0.17826855
 H       -2.13840023     1.40858725     1.28266019
