          27
 Butylcyclopentane
 C        0.43951344     0.27527952    -0.48222247
 C        1.26471939    -0.99678207    -0.77643925
 C        1.54878827     1.33671661    -0.31455519
 C        2.50080145    -0.90031198     0.15046452
 C        2.69439639     0.61732352     0.43965898
 C       -0.44231083     0.16232084     0.77714990
 C       -1.61477551    -0.83099379     0.68609151
 C       -2.68664994    -0.51131395    -0.37054617
 C       -3.42793705     0.81046436    -0.13822028
 H       -0.19970577     0.52777183    -1.33562505
 H        1.58391794    -0.97932561    -1.82523240
 H        0.70374164    -1.92503025    -0.63388228
 H        1.20059798     2.23641005     0.20326317
 H        1.89724053     1.65239923    -1.30500564
 H        3.38424947    -1.34981949    -0.31171836
 H        2.32762636    -1.44814950     1.08198298
 H        3.67473699     0.97712446     0.11469597
 H        2.63391235     0.81370507     1.51450467
 H       -0.83141961     1.16019193     1.01677771
 H        0.18245258    -0.12242145     1.63384115
 H       -2.10004287    -0.87978010     1.67044056
 H       -1.22528434    -1.83917543     0.49716581
 H       -3.41566582    -1.33129858    -0.37626668
 H       -2.23749487    -0.50690206    -1.37143945
 H       -3.88947488     0.83431212     0.85584270
 H       -4.22348805     0.95041700    -0.87715204
 H       -2.75866467     1.67365669    -0.21143956
