          18
 cis-1,3-dimethylcyclobutane
 C        1.08801429    -0.00000002    -0.39045418
 C       -1.08801428    -0.00000000    -0.39045416
 C       -0.00000001    -1.08069340    -0.13333794
 C        0.00000001     1.08069338    -0.13333797
 C        2.34910641     0.00000001     0.46049226
 C       -2.34910643     0.00000002     0.46049225
 H        1.35843368    -0.00000002    -1.45319079
 H       -1.35843370    -0.00000001    -1.45319076
 H        0.00000000    -1.39542727     0.91733019
 H       -0.00000003    -1.97507835    -0.76300847
 H        0.00000001     1.97507836    -0.76300846
 H        0.00000004     1.39542726     0.91733016
 H        2.96530002    -0.88465130     0.26206052
 H        2.10145418    -0.00000003     1.52844504
 H        2.96529992     0.88465141     0.26206057
 H       -2.10145424     0.00000004     1.52844504
 H       -2.96529998     0.88465137     0.26206049
 H       -2.96529998    -0.88465134     0.26206052
