          28
     cis-decalin
 C        0.05866025     0.77296951     0.68214549
 C       -0.05866026    -0.77296955     0.68214550
 C        0.76360712    -1.41208223    -0.45430284
 C        1.53642659     1.21121432     0.67420443
 C       -0.76360706     1.41208218    -0.45430290
 C       -1.53642660    -1.21121440     0.67420432
 C        2.35409954     0.56063447    -0.45258390
 C       -2.23320786     0.96899587    -0.41049388
 C       -2.35409958    -0.56063437    -0.45258389
 C        2.23320788    -0.96899579    -0.41049397
 H       -0.38588539     1.12874438     1.62365831
 H        0.38588530    -1.12874439     1.62365836
 H        0.33902279    -1.14841533    -1.43119252
 H        0.69537750    -2.50451315    -0.37779954
 H        1.98887752     0.93469957     1.63673577
 H        1.59909814     2.30465627     0.60671876
 H       -0.33902290     1.14841497    -1.43119256
 H       -0.69537730     2.50451310    -0.37779977
 H       -1.59909811    -2.30465634     0.60671839
 H       -1.98887755    -0.93469988     1.63673571
 H        3.40490297     0.86172036    -0.36917412
 H        2.00774722     0.92610263    -1.42825120
 H       -2.79097537     1.41984255    -1.23968219
 H       -2.69484837     1.34183745     0.51499012
 H       -2.00774733    -0.92610244    -1.42825125
 H       -3.40490302    -0.86172025    -0.36917409
 H        2.79097535    -1.41984241    -1.23968233
 H        2.69484848    -1.34183736     0.51498999
