          32
   Decane
 C        0.65068254     0.40521800     0.00000014
 C       -0.65068253    -0.40521778    -0.00000022
 C       -1.91327083     0.46446521     0.00000021
 C       -3.21436263    -0.34595513    -0.00000020
 C       -4.47756875     0.52277997     0.00000030
 C       -5.77229495    -0.29581266    -0.00000024
 C        1.91327079    -0.46446506     0.00000018
 C        3.21436267     0.34595515    -0.00000022
 C        4.47756870    -0.52278008     0.00000050
 C        5.77229498     0.29581241    -0.00000040
 H        5.83203365     0.94141277     0.88354458
 H        0.66580195     1.06726493    -0.87730595
 H       -0.66580181    -1.06726415    -0.87730674
 H       -1.89818469     1.12652726     0.87733257
 H       -3.23029087    -1.00821583    -0.87729728
 H       -4.46184652     1.18384805     0.87691038
 H       -5.83203351    -0.94141149    -0.88354635
 H        1.89818470    -1.12652732     0.87733238
 H        3.23029105     1.00821573    -0.87729739
 H        4.46184644    -1.18384786     0.87691081
 H        6.65586091    -0.35059338     0.00000036
 H        0.66580170     1.06726460     0.87730648
 H       -0.66580180    -1.06726496     0.87730569
 H       -1.89818469     1.12652813    -0.87733150
 H       -3.23029082    -1.00821677     0.87729617
 H       -4.46184646     1.18384913    -0.87690895
 H       -5.83203361    -0.94141252     0.88354510
 H        1.89818448    -1.12652777    -0.87733168
 H        3.23029088     1.00821691     0.87729606
 H        4.46184631    -1.18384956    -0.87690852
 H        5.83203368     0.94141073    -0.88354687
 H       -6.65586094     0.35059304     0.00000008
