          38
 Dodecane
 C        0.63437649    -0.43032172    -0.00000058
 C       -0.63437654     0.43032292    -0.00000116
 C        1.92993999     0.38944219    -0.00000162
 C       -1.92993989    -0.38944123    -0.00000110
 C        3.19868222    -0.47119312     0.00000046
 C       -3.19868241     0.47119364     0.00000048
 C        4.49408132     0.34834275    -0.00000100
 C       -4.49408112    -0.34834284    -0.00000090
 C        5.76322849    -0.51163690     0.00000192
 C       -5.76322879     0.51163609     0.00000251
 C        7.05236003     0.31573447     0.00000074
 C       -7.05235981    -0.31573608     0.00000015
 H        0.62362296    -1.09246039     0.87730716
 H        0.62362269    -1.09246220    -0.87730695
 H       -0.62362282     1.09246219    -0.87730845
 H       -0.62362308     1.09246278     0.87730567
 H        1.94069803     1.05158283     0.87730029
 H        1.94069864     1.05157966    -0.87730591
 H       -1.94069856    -1.05157954    -0.87730476
 H       -1.94069754    -1.05158107     0.87730142
 H        3.18792257    -1.13333714    -0.87733015
 H        3.18792216    -1.13333333     0.87733393
 H       -3.18792292     1.13333733    -0.87733038
 H       -3.18792273     1.13333417     0.87733372
 H        4.50572430     1.01071747    -0.87728299
 H        4.50572338     1.01072200     0.87727759
 H       -4.50572392    -1.01071735    -0.87728306
 H       -4.50572267    -1.01072233     0.87727752
 H        5.75189061    -1.17272593    -0.87694977
 H        5.75188946    -1.17272160     0.87695685
 H       -5.75189107     1.17272598    -0.87694854
 H       -5.75189038     1.17271994     0.87695809
 H        7.94023451    -0.32474426     0.00000291
 H        7.10798656     0.96174814     0.88353169
 H        7.10798775     0.96174382    -0.88353329
 H       -7.94023470     0.32474209     0.00000314
 H       -7.10798707    -0.96174425    -0.88353476
 H       -7.10798598    -0.96175099     0.88353021
