          16
  (3E)-hexa-1,3-diene
 C        1.86385816     0.49225947     0.31377890
 C        2.87548399    -0.32793653    -0.50678306
 C        0.53259343    -0.18729561     0.43812102
 C       -0.63573392     0.30392608     0.00363202
 C       -1.91186569    -0.38000267     0.12785231
 C       -3.08168686     0.10629646    -0.30177521
 H        0.54102540    -1.16932027     0.91429784
 H       -0.65531139     1.28268661    -0.47685226
 H        1.73267387     1.48232066    -0.13808044
 H        2.28204064     0.65949314     1.31700097
 H        3.03194938    -1.31745673    -0.06377679
 H        2.52004139    -0.47492566    -1.53136464
 H        3.84577407     0.17679043    -0.55014760
 H       -1.88574681    -1.35728390     0.60921844
 H       -4.00792561    -0.44499230    -0.18504971
 H       -3.14962606     1.07639725    -0.78618162
