          18
 (2E)-3-methylpent-2-ene
 C       -1.31463250    -0.45163617     0.57363719
 C        0.04238431     0.11984509     0.21537497
 C       -2.35518123    -0.35159511    -0.55682493
 C        0.08259201     1.61655549     0.02645054
 C        1.10187907    -0.68887374     0.09263517
 C        2.51833291    -0.33672203    -0.26086795
 H        0.93600618    -1.75250958     0.26694069
 H       -1.70727412     0.07182101     1.45758343
 H       -1.19953450    -1.50277890     0.85997402
 H       -3.30572516    -0.79908301    -0.24896811
 H       -2.55609297     0.68764844    -0.83500353
 H       -2.00737636    -0.87653926    -1.45250482
 H        1.08925424     1.99788756    -0.15150442
 H       -0.54261128     1.93047103    -0.81837753
 H       -0.31699579     2.12609341     0.91299303
 H        3.20923471    -0.65511862     0.53046008
 H        2.83321610    -0.85959512    -1.17334520
 H        2.67043121     0.73220380    -0.42467886
