          15
    (2E)-pent-2-ene
 C        1.30996895     0.57859836    -0.12715674
 C       -0.05422605     0.01198369    -0.40394439
 C        2.34855225    -0.50620467     0.20600487
 C       -1.15967231     0.28490848     0.28716038
 C       -2.51868333    -0.29036992     0.01382727
 H        1.65892017     1.13915454    -1.00631077
 H        1.24883321     1.29986729     0.69639851
 H       -0.11569142    -0.68935607    -1.23857369
 H        3.33815412    -0.06793349     0.37074323
 H        2.06368380    -1.05573492     1.10880447
 H        2.43607454    -1.23199551    -0.61001584
 H       -1.09570813     0.98339875     1.12275603
 H       -2.90373358    -0.83569038     0.88499762
 H       -3.24938717     0.49847617    -0.20614670
 H       -2.49932434    -0.97982031    -0.83559713
