          18
    Ethylbenzene
 C        2.94872915     0.46642110    -0.00000049
 H        3.96860537     0.07041181    -0.00000046
 H        2.83972492     1.10203930     0.88481397
 H        2.83972451     1.10203823    -0.88481567
 C        1.93507537    -0.68010527     0.00000042
 H        2.12076879    -1.32149274    -0.87211373
 H        2.12076889    -1.32149141     0.87211554
 C        0.46830733    -0.28454341     0.00000017
 C       -0.50586917    -1.29245464    -0.00000005
 H       -0.19065993    -2.33306601    -0.00000013
 C       -1.86179871    -0.98591574    -0.00000020
 H       -2.59594414    -1.78591003    -0.00000038
 C       -2.27784128     0.34595834    -0.00000013
 H       -3.33547742     0.58946157    -0.00000024
 C       -1.32316757     1.35730430     0.00000009
 H       -1.63284296     2.39804652     0.00000013
 C        0.03725666     1.04396524     0.00000024
 H        0.76302164     1.84966583     0.00000040
