          15
 Ethylcyclopropane
 C       -0.33323279    -0.13255334     0.46493754
 C       -1.21788292     0.90750720    -0.17713131
 C       -1.69059496    -0.52243386    -0.06030045
 C        0.92919058    -0.59827475    -0.23144132
 C        2.13184922     0.31481627     0.03590987
 H       -0.24673506    -0.07086617     1.54815511
 H       -1.68450552     1.65794725     0.45201756
 H       -0.93941028     1.26794809    -1.16288578
 H       -1.72952440    -1.11780615    -0.96736101
 H       -2.47836287    -0.74812457     0.65055854
 H        1.16745336    -1.62177334     0.08783064
 H        0.74144509    -0.65283989    -1.31195550
 H        2.35969617     0.36256102     1.10668378
 H        3.02846685    -0.04499057    -0.47897025
 H        1.93268316     1.33632177    -0.30478407
