          26
    Fluoranthene
 C        0.73700408    -2.39308338    -0.00007168
 C        2.15803500    -2.42554353     0.00001680
 C        2.92713761    -1.27743861     0.00007784
 C        0.10211267    -1.17045282    -0.00005837
 C       -1.29925420    -0.71314202    -0.00005533
 C        0.90034548     0.00001135    -0.00001168
 C        2.30154285    -0.00003941     0.00004317
 C        0.10215119     1.17052441    -0.00003140
 C        2.92720330     1.27732104     0.00003621
 C        2.15817453     2.42547072    -0.00000711
 C        0.73713860     2.39311568    -0.00003885
 C       -1.29924290     0.71321639    -0.00004754
 C       -2.49931034    -1.41208156    -0.00000437
 C       -2.49932559     1.41211348     0.00000372
 C       -3.70104827     0.69766208     0.00006013
 C       -3.70104346    -0.69764220     0.00006621
 H        0.18274575    -3.32688408    -0.00014847
 H        2.65271461    -3.39205789     0.00003788
 H        4.01092257    -1.34857996     0.00016538
 H        4.01099193     1.34838514     0.00006089
 H        2.65292193     3.39195132    -0.00002091
 H        0.18304684     3.32701188    -0.00008732
 H       -2.50962086    -2.49793590     0.00000834
 H       -2.50974041     2.49795847     0.00001075
 H       -4.64431212     1.23458175     0.00011578
 H       -4.64430426    -1.23456921     0.00012266
