          19
      Hept-1-yne
 C       -1.14835735     0.39643369    -0.00000008
 C        0.22383718    -0.28403737     0.00000016
 C       -2.31641840    -0.59663701     0.00000039
 C        1.38765654     0.72870159     0.00000029
 C       -3.68688634     0.08747335    -0.00000041
 C        2.70061937     0.09239849     0.00000001
 C        3.77090676    -0.45551346    -0.00000037
 H       -1.23034941     1.05321206     0.87771103
 H       -1.23034945     1.05321130    -0.87771175
 H        0.31939351    -0.93458321    -0.87756442
 H        0.31939327    -0.93458314     0.87756482
 H       -2.23324087    -1.25212795     0.87698945
 H       -2.23324050    -1.25212924    -0.87698766
 H        1.30079697     1.38431123     0.87695734
 H        1.30079681     1.38431162    -0.87695645
 H       -4.49949306    -0.64585967     0.00000011
 H       -3.81195980     0.72322762    -0.88373729
 H       -3.81196008     0.72322918     0.88373530
 H        4.72075001    -0.93095817    -0.00000043
