          16
       Hex-3-yne
 C       -2.88140485    -0.40897839     0.49401993
 C       -1.98228419     0.57303426    -0.28012850
 C       -0.57657374     0.17544551    -0.29038845
 C        0.57657394    -0.17544534    -0.29038874
 C        1.98228406    -0.57303420    -0.28012861
 C        2.88140480     0.40897820     0.49402006
 H       -2.56243282    -0.48702051     1.53710643
 H       -2.83450840    -1.40834495     0.05251552
 H       -3.92246073    -0.07181098     0.47548323
 H       -2.07498427     1.57537412     0.15843760
 H       -2.34463485     0.66299722    -1.31270885
 H        2.34463490    -0.66299693    -1.31270884
 H        2.07498400    -1.57537408     0.15843728
 H        2.56243254     0.48702027     1.53710647
 H        2.83450860     1.40834478     0.05251572
 H        3.92246063     0.07181063     0.47548358
