          18
 Isopropylcyclopropane
 C       -0.57580514     0.00000003     0.44424506
 C       -1.75855422    -0.75542017    -0.10538385
 C       -1.75855422     0.75542017    -0.10538394
 C        0.75463194     0.00000000    -0.28902672
 C        1.56142961    -1.26705733     0.03104367
 C        1.56142967     1.26705730     0.03104371
 H       -0.47883926     0.00000010     1.52911910
 H       -2.41590136    -1.27177350     0.58604740
 H       -1.63755846    -1.25890010    -1.05987621
 H       -1.63755846     1.25889998    -1.05987636
 H       -2.41590136     1.27177358     0.58604725
 H        0.53577383     0.00000002    -1.36699677
 H        1.80609576    -1.31308793     1.09914904
 H        2.50468690    -1.28912195    -0.52533534
 H        0.99670197    -2.17048212    -0.21996870
 H        0.99670206     2.17048212    -0.21996862
 H        2.50468695     1.28912190    -0.52533530
 H        1.80609581     1.31308785     1.09914908
