          21
 Methylcyclohexane
 C       -2.50764431    -0.00000001     0.08346129
 C       -1.03075145    -0.00000002    -0.32354895
 C       -0.30463026    -1.26238353     0.17404076
 C        1.18192947    -1.26678390    -0.21171069
 C        1.89344881    -0.00000002     0.28495035
 C        1.18192949     1.26678391    -0.21171060
 C       -0.30463028     1.26238355     0.17404068
 H       -3.02718066    -0.88539324    -0.29926495
 H       -3.02718067     0.88539321    -0.29926500
 H       -2.61291192     0.00000003     1.17518952
 H       -0.98022222    -0.00000005    -1.42366666
 H       -0.80147694    -2.15792746    -0.21939954
 H       -0.39559909    -1.31436576     1.26933518
 H        1.27120956    -1.32512217    -1.30572723
 H        1.67366300    -2.16161188     0.18750673
 H        2.94111631    -0.00000001    -0.03768020
 H        1.90519141    -0.00000007     1.38414158
 H        1.27120971     1.32512231    -1.30572713
 H        1.67366298     2.16161184     0.18750698
 H       -0.39559925     1.31436594     1.26933508
 H       -0.80147691     2.15792744    -0.21939980
