          16
 Methylcyclopentene
 C        2.26001432    -0.01355860    -0.03846596
 C        0.76432783    -0.05927610    -0.00133703
 C       -0.01503419    -1.14336955    -0.02232200
 C       -1.48413097    -0.81181792     0.08431920
 C       -1.51222847     0.72208257    -0.15006506
 C       -0.06568225     1.20441973     0.12286933
 H        2.66409723     0.47168069     0.85994960
 H        2.69506366    -1.01463916    -0.10691142
 H        2.61898926     0.57391626    -0.89364232
 H        0.35251791    -2.16416600    -0.06841812
 H       -2.10188324    -1.35526461    -0.64050949
 H       -1.87362789    -1.08052354     1.07742948
 H       -2.25466850     1.23292779     0.46880751
 H       -1.77068596     0.92368108    -1.19457084
 H        0.04356274     1.63174924     1.13103250
 H        0.25452303     1.98941198    -0.57361507
