          12
 Methylcyclopropane
 C        0.20704784     0.00000000     0.48796841
 C        1.56972918     0.00000000    -0.16902902
 H        1.47671229     0.00000006    -1.26077349
 H        2.15089998    -0.88532989     0.11339918
 H        2.15090002     0.88532984     0.11339927
 H        0.23257368    -0.00000000     1.57514347
 C       -0.93953134    -0.75542656    -0.13491450
 H       -1.63883252    -1.27038525     0.51517506
 H       -0.75776456    -1.26139329    -1.07813228
 C       -0.93953134     0.75542656    -0.13491450
 H       -1.63883253     1.27038525     0.51517505
 H       -0.75776457     1.26139328    -1.07813228
