          25
       Non-2-yne
 C        0.71294336     0.47153685    -0.28687410
 C        1.94191781     1.18415512     0.31742488
 C        0.26842472    -0.79573212     0.45550096
 C        3.31040814     0.76649978    -0.24898807
 C       -0.98872933    -1.45256532    -0.15691273
 C        3.72152857    -0.68889832     0.00143340
 C       -2.18125759    -0.60957784    -0.09885601
 C       -3.15877914     0.09248706    -0.03708632
 C       -4.34757969     0.93328280     0.03259559
 H       -0.13659620     1.16360288    -0.29578952
 H        0.91177787     0.22848618    -1.34062146
 H        1.94173169     1.04890616     1.40813870
 H        1.83589593     2.26322342     0.15210271
 H        0.06120178    -0.54643352     1.50351180
 H        1.06985839    -1.54198239     0.46422389
 H        4.07383998     1.42694363     0.18180330
 H        3.31962356     0.96211483    -1.32987592
 H       -1.18895374    -2.39814379     0.36379815
 H       -0.78168286    -1.72180435    -1.20217600
 H        3.68964941    -0.93369757     1.06932142
 H        4.74242075    -0.87138667    -0.35027651
 H        3.06766197    -1.39364263    -0.52147435
 H       -5.24010107     0.34300689     0.26972562
 H       -4.53292041     1.44401200    -0.91924617
 H       -4.24715942     1.70332648     0.80595420
