          29
   Nonane
 C       -0.00000000     0.36547209    -0.00000015
 C        1.28233342    -0.47478928    -0.00000016
 C       -1.28233343    -0.47478927     0.00000028
 C        2.56448189     0.36531640     0.00000031
 C       -2.56448189     0.36531640    -0.00000029
 C        3.84723599    -0.47427021    -0.00000059
 C       -3.84723599    -0.47427021     0.00000047
 C        5.12299315     0.37359210     0.00000035
 C       -5.12299315     0.37359209    -0.00000022
 H        0.00000013     1.02769910     0.87728898
 H       -0.00000013     1.02769865    -0.87728962
 H        1.28233580    -1.13703548    -0.87731628
 H        1.28233553    -1.13703598     0.87731559
 H       -1.28233571    -1.13703520     0.87731661
 H       -1.28233563    -1.13703626    -0.87731525
 H        2.56540947     1.02779403    -0.87727407
 H        2.56540973     1.02779260     0.87727577
 H       -2.56540954     1.02779401     0.87727410
 H       -2.56540967     1.02779262    -0.87727574
 H        3.84655340    -1.13548562     0.87693099
 H        3.84655340    -1.13548369    -0.87693364
 H       -3.84655343    -1.13548541    -0.87693127
 H       -3.84655337    -1.13548390     0.87693336
 H        6.02098682    -0.25261301    -0.00000058
 H        5.16818263     1.02039472     0.88354254
 H        5.16818241     1.02039700    -0.88354019
 H       -6.02098683    -0.25261301     0.00000040
 H       -5.16818257     1.02039506    -0.88354216
 H       -5.16818247     1.02039665     0.88354057
