          17
      Norbornene
 C       -0.06532242     1.12738317     0.32369186
 C       -0.06532243    -1.12738317     0.32369186
 C       -0.02666386     0.00000000     1.38218564
 C        1.21851554     0.78021302    -0.50600038
 C        1.21851553    -0.78021303    -0.50600039
 C       -1.24885343     0.66873224    -0.51563958
 C       -1.24885344    -0.66873224    -0.51563957
 H       -0.10006083     2.15542199     0.68755136
 H       -0.10006084    -2.15542199     0.68755137
 H       -0.90282185     0.00000001     2.03565411
 H        0.88759755     0.00000000     1.98644897
 H        1.18042969     1.20551239    -1.51178301
 H        2.11157378     1.17651180    -0.01233223
 H        2.11157376    -1.17651183    -0.01233225
 H        1.18042967    -1.20551239    -1.51178302
 H       -1.88658473     1.32784385    -1.09286344
 H       -1.88658475    -1.32784385    -1.09286343
