          22
       Oct-1-yne
 C        3.36996672    -0.17678072     0.22379627
 C        2.26277208     0.16886512    -0.77889248
 C        1.09610529     0.97260949    -0.17962112
 C        0.29151759     0.26769504     0.92732368
 C       -0.40366961    -1.03952555     0.51675952
 C       -1.46588321    -0.88523918    -0.59643710
 C       -2.55936331     0.01218553    -0.23534339
 C       -3.45452323     0.75084227     0.08026955
 H        3.00876286    -0.83176080     1.02325586
 H        4.20163228    -0.69033730    -0.26912840
 H        3.77030307     0.72829822     0.69506586
 H        1.88671943    -0.75415542    -1.23882531
 H        2.69599744     0.75316038    -1.60021493
 H        0.41724233     1.27057174    -0.98845324
 H        1.49215836     1.91039247     0.23228343
 H       -0.46977471     0.96378242     1.29845698
 H        0.94818295     0.05434408     1.77920812
 H       -0.88898019    -1.47262957     1.39861304
 H        0.33420559    -1.77548904     0.17632491
 H       -1.87724917    -1.87393759    -0.83601015
 H       -0.99298195    -0.52496031    -1.51870334
 H       -4.24975088     1.40148374     0.34993865
