          22
       Oct-3-yne
 C        1.65453616     0.15626965     0.09575371
 C        3.09649532    -0.25476522    -0.21854343
 C        0.63341980    -0.95245777    -0.23145551
 C        4.11414317     0.84335944     0.10487579
 C       -0.74539407    -0.57260827     0.06386517
 C       -3.24872128     0.16749781     0.60585934
 C       -1.87391657    -0.23649928     0.32153654
 C       -4.01438351     0.62791791    -0.64863785
 H        1.39240179     1.05928650    -0.46904876
 H        1.56484562     0.42079883     1.15647787
 H        3.17372947    -0.52552911    -1.28020187
 H        3.34593667    -1.16384432     0.34513970
 H        0.89353675    -1.86034664     0.33038144
 H        0.72116071    -1.22233602    -1.29308323
 H        3.90977336     1.75351406    -0.46997079
 H        5.13467524     0.52386910    -0.12883119
 H        4.08337459     1.11055074     1.16706872
 H       -3.24574465     0.97640558     1.34836386
 H       -3.78569578    -0.66760286     1.07482877
 H       -3.51808141     1.48438775    -1.11344737
 H       -5.03641869     0.92049632    -0.38841717
 H       -4.06342557    -0.17485167    -1.38961129
