          13
      Pent-2-yne
 C        1.40809518     0.62225208     0.00000177
 C        2.28417422    -0.64447978     0.00000004
 C       -0.02267432     0.32774414    -0.00000125
 C       -2.62164161    -0.24921731     0.00000239
 C       -1.19792780     0.06300827    -0.00000491
 H        1.65523007     1.23634719     0.87601724
 H        1.65523410     1.23635331    -0.87600820
 H        2.08247423    -1.25556942    -0.88416163
 H        2.08246188    -1.25558013     0.88415148
 H        3.34536491    -0.37675638     0.00000904
 H       -3.12128208     0.16317517    -0.88402571
 H       -3.12129469     0.16328672     0.88397150
 H       -2.79247861    -1.33182220     0.00006955
