          47
     Pentadecane
 C        8.97014391    -0.39552263    -0.00000359
 C        7.69444046     0.45242436     0.00000038
 C        6.41161723    -0.38706041    -0.00000166
 C        5.12950733     0.45311772     0.00000175
 C        3.84708265    -0.38703722    -0.00000018
 C        2.56477091     0.45331334     0.00000219
 C        1.28237052    -0.38692028     0.00000097
 C        0.00000002     0.45336662     0.00000162
 C       -1.28237056    -0.38692017     0.00000182
 C       -2.56477090     0.45331353     0.00000030
 C       -3.84708267    -0.38703700     0.00000196
 C       -5.12950736     0.45311792    -0.00000179
 C       -6.41161720    -0.38706031     0.00000127
 C       -7.69444054     0.45242430    -0.00000429
 C       -8.97014383    -0.39552292    -0.00000041
 H        9.86818964     0.23061276    -0.00000199
 H        9.01528635    -1.04233736     0.88353376
 H        9.01528506    -1.04233099    -0.88354567
 H        7.69380977     1.11363995     0.87693309
 H        7.69380847     1.11364617    -0.87692764
 H        6.41250263    -1.04954098    -0.87727601
 H        6.41250360    -1.04954675     0.87726833
 H        5.12955946     1.11536865     0.87731591
 H        5.12955847     1.11537417    -0.87730824
 H        3.84704182    -1.04927529    -0.87728917
 H        3.84704217    -1.04927988     0.87728535
 H        2.56480414     1.11555525     0.87729481
 H        2.56480342     1.11555894    -0.87728764
 H        1.28235832    -1.04916612    -0.87728802
 H        1.28235801    -1.04916816     0.87728842
 H        0.00000029     1.11561166     0.87729168
 H       -0.00000019     1.11561206    -0.87728815
 H       -1.28235785    -1.04916789    -0.87728576
 H       -1.28235865    -1.04916618     0.87729068
 H       -2.56480373     1.11555897     0.87729025
 H       -2.56480374     1.11555559    -0.87729220
 H       -3.84704133    -1.04928015    -0.87728319
 H       -3.84704267    -1.04927458     0.87729133
 H       -5.12955931     1.11537521     0.87730756
 H       -5.12955873     1.11536801    -0.87731658
 H       -6.41250217    -1.04954824    -0.87726752
 H       -6.41250383    -1.04953926     0.87727684
 H       -7.69380990     1.11364793     0.87692236
 H       -7.69380867     1.11363808    -0.87693837
 H       -9.01528467    -1.04233969    -0.88353635
 H       -9.01528624    -1.04232924     0.88354310
 H       -9.86818970     0.23061228    -0.00000491
