          24
    Phenanthrene
 C        0.72785022     0.38510250     0.00000000
 C       -0.72785021     0.38510250     0.00000000
 C        1.42093457    -0.86001015     0.00000001
 C       -1.42093457    -0.86001015    -0.00000000
 C        0.67836303    -2.08594774     0.00000001
 C       -0.67836304    -2.08594773    -0.00000000
 C        1.49910191     1.56868000    -0.00000001
 C       -1.49910191     1.56868000     0.00000001
 C        2.83310358    -0.87319966     0.00000001
 C       -2.83310358    -0.87319966    -0.00000001
 C        2.87917888     1.53086024    -0.00000001
 C       -2.87917888     1.53086024     0.00000001
 C        3.55654058     0.29978837    -0.00000000
 C       -3.55654058     0.29978837    -0.00000001
 H        1.23145213    -3.02088951     0.00000001
 H       -1.23145214    -3.02088951    -0.00000001
 H        1.00624123     2.53367766    -0.00000002
 H       -1.00624123     2.53367766     0.00000003
 H        3.34206465    -1.83299109     0.00000001
 H       -3.34206465    -1.83299109    -0.00000002
 H        3.44280495     2.45843789    -0.00000002
 H       -3.44280495     2.45843788     0.00000002
 H        4.64148860     0.27524482    -0.00000000
 H       -4.64148860     0.27524482    -0.00000001
