          14
 Phenylacetylene
 C        0.14077532     1.21060992    -0.00000017
 H       -0.40790985     2.14595030    -0.00000027
 C        1.53094162     1.20642735     0.00000011
 H        2.07042349     2.14815076     0.00000021
 C        2.23028817     0.00000011     0.00000025
 H        3.31547359     0.00000018     0.00000046
 C        1.53094178    -1.20642722     0.00000011
 H        2.07042378    -2.14815057     0.00000021
 C        0.14077548    -1.21060998    -0.00000017
 H       -0.40790957    -2.14595042    -0.00000027
 C       -0.57232515    -0.00000007    -0.00000030
 C       -1.99814199    -0.00000017    -0.00000056
 C       -3.20275348    -0.00000025     0.00000063
 H       -4.26512160     0.00000336     0.00000088
