          19
 (Prop-2-en-1-yl)benzene
 C       -0.03017100    -0.35926651     0.21517456
 C       -1.46324364    -0.81424743     0.44012030
 C        0.99208380    -1.28512186    -0.00640461
 C        0.29571367     1.00172124     0.23842503
 C        2.30878165    -0.86710931    -0.19459816
 C        1.60901705     1.42332335     0.05218610
 C        2.62168770     0.48936798    -0.16501243
 C       -2.44955320    -0.15508903    -0.48860898
 C       -3.49919558     0.56495698    -0.10218088
 H       -1.76022418    -0.61485353     1.47785498
 H       -1.50840021    -1.90309725     0.30723732
 H        0.75510640    -2.34544009    -0.03007136
 H       -0.49155826     1.73265492     0.39771872
 H        3.08861095    -1.60292171    -0.36543191
 H        1.84301949     2.48332256     0.07496498
 H        3.64566206     0.81781078    -0.31191587
 H       -2.25526734    -0.29310551    -1.55175002
 H       -4.17953786     1.01502933    -0.81778734
 H       -3.72295173     0.72803915     0.94895304
