          21
   Propylbenzene
 C        2.69763483     0.78948768    -0.97511235
 C        2.53337708    -0.49126639    -0.15203816
 C        1.49971732    -0.37141401     0.98938546
 C        0.07838322    -0.17335549     0.50885234
 C       -0.53883720     1.08056294     0.55346003
 C       -1.84271982     1.25713788     0.09239866
 C       -2.55509441     0.17654850    -0.42137482
 C       -1.95417366    -1.08086971    -0.46882395
 C       -0.65206387    -1.25103204    -0.00721037
 H        1.75371715     1.08651019    -1.44239236
 H        3.43803906     0.65451003    -1.76988354
 H        3.03312877     1.62209467    -0.34590081
 H        2.24061357    -1.31769760    -0.81172261
 H        3.49969084    -0.77244478     0.28462333
 H        1.55005438    -1.28044244     1.60126386
 H        1.78473422     0.46169257     1.64350447
 H        0.00782408     1.92773823     0.95857938
 H       -2.30207097     2.23984176     0.13873890
 H       -3.57135218     0.31060440    -0.77798504
 H       -2.50314436    -1.93156349    -0.86107924
 H       -0.19432646    -2.23642126    -0.04104392
