          26
   Pyrene
 C       -0.71231027     0.00000000    -0.00000000
 C        0.71231028    -0.00000000     0.00000000
 C       -1.42706532    -1.23447366     0.00000000
 C        1.42706532    -1.23447366     0.00000000
 C       -1.42706532     1.23447367     0.00000000
 C        1.42706532     1.23447366     0.00000000
 C       -0.67939841    -2.46032053     0.00000000
 C        0.67939841    -2.46032053     0.00000000
 C       -0.67939841     2.46032054     0.00000000
 C        0.67939842     2.46032053     0.00000000
 C       -2.82870432    -1.20863053    -0.00000000
 C        2.82870431    -1.20863053    -0.00000000
 C       -2.82870432     1.20863053    -0.00000000
 C        2.82870432     1.20863052    -0.00000000
 C       -3.51831072     0.00000000    -0.00000000
 C        3.51831071    -0.00000000    -0.00000000
 H       -1.22950392    -3.39710334     0.00000000
 H        1.22950391    -3.39710334     0.00000000
 H       -1.22950391     3.39710335     0.00000000
 H        1.22950392     3.39710334     0.00000000
 H       -3.37429698    -2.14781788    -0.00000000
 H        3.37429697    -2.14781788    -0.00000000
 H       -3.37429698     2.14781788    -0.00000000
 H        3.37429698     2.14781787    -0.00000000
 H       -4.60381355     0.00000000    -0.00000000
 H        4.60381355    -0.00000001    -0.00000000
