          16
  Styrene
 C       -0.37932001    -1.27705352    -0.00000192
 H       -0.00241550    -2.29612518     0.00000119
 C       -1.75242445    -1.04883799     0.00003479
 H       -2.43888102    -1.88974442     0.00006443
 C       -2.24204657     0.25452476     0.00003131
 H       -3.31160933     0.43817615     0.00005666
 C       -1.34544699     1.32463544    -0.00001227
 H       -1.71839131     2.34422026    -0.00002447
 C        0.02423954     1.09459710    -0.00004684
 H        0.70468317     1.93967965    -0.00009489
 C        0.53583526    -0.21380348    -0.00003562
 C        1.97404859    -0.51595603    -0.00005944
 H        2.20777936    -1.57988555    -0.00019696
 C        2.99115491     0.34960230     0.00008190
 H        4.01834986     0.00262282     0.00004657
 H        2.84991855     1.42554267     0.00024371
