          24
 tert-butylbenzene
 C        0.72492438    -1.17796173     0.00000046
 C        0.00846813     0.02917071     0.00000055
 C        0.75063523     1.21504281     0.00000036
 C        2.14612936     1.19888651     0.00000004
 C        2.83681434    -0.00773748    -0.00000005
 C        2.11543331    -1.20056815     0.00000016
 C       -1.52830267     0.00581098    -0.00000008
 C       -2.13564531     1.42005289     0.00000687
 C       -2.03075163    -0.73421823    -1.26117017
 C       -2.03075333    -0.73423039     1.26116214
 H        0.24558642     2.17337994     0.00000012
 H        2.69031023     2.13855434    -0.00000019
 H        3.92201235    -0.02142179    -0.00000030
 H        2.63679438    -2.15304926     0.00000006
 H        0.18866006    -2.12172860     0.00000042
 H       -3.22837828     1.35174186     0.00000828
 H       -1.84124451     1.99031982     0.88687902
 H       -1.84124786     1.99032805    -0.88686116
 H       -3.12602848    -0.76753307     1.27324787
 H       -1.66594825    -1.76453391     1.30038942
 H       -1.69603729    -0.22684140     2.17175603
 H       -3.12602675    -0.76752186    -1.27325727
 H       -1.69603513    -0.22681988    -2.17175868
 H       -1.66594506    -1.76452081    -1.30040692
