          18
  trans-1,2-dimethylcyclobutane
 C       -0.76706359    -1.34327262     0.11607829
 C       -0.69024768     0.18971749     0.36223744
 C        0.69024768     0.18971748    -0.36223742
 C        0.76706357    -1.34327263    -0.11607830
 C       -1.80457668     1.08651458    -0.15618493
 C        1.80457670     1.08651456     0.15618493
 H       -1.31431300    -1.56875062    -0.80565888
 H       -1.16564121    -1.97109808     0.91739290
 H       -0.52833073     0.37771688     1.43187777
 H        0.52833071     0.37771688    -1.43187775
 H        1.31431298    -1.56875064     0.80565887
 H        1.16564118    -1.97109810    -0.91739291
 H       -1.98581077     0.90966146    -1.22290240
 H       -2.74580586     0.90355283     0.37501306
 H       -1.55655488     2.14715419    -0.03186319
 H        1.98581087     0.90966138     1.22290237
 H        2.74580585     0.90355285    -0.37501314
 H        1.55655488     2.14715417     0.03186326
