          41
       Tridecane
 C       -0.00000007     0.37874953     0.00000048
 C        1.28254113    -0.46126126     0.00000367
 C       -1.28254105    -0.46126163    -0.00000304
 C        2.56438018     0.37981722     0.00000566
 C       -2.56438025     0.37981659    -0.00000602
 C        3.84755848    -0.45917056     0.00000530
 C       -3.84755854    -0.45917122    -0.00000587
 C        5.12867258     0.38254239     0.00000352
 C       -5.12867247     0.38254199    -0.00000464
 C        6.41265684    -0.45514408    -0.00000120
 C       -6.41265705    -0.45514399     0.00000110
 C        7.68708414     0.39473442    -0.00000596
 C       -7.68708393     0.39473515     0.00000692
 H        0.00000218     1.04109075    -0.87722410
 H       -0.00000249     1.04109058     0.87722518
 H        1.28282378    -1.12340874     0.87735889
 H        1.28282739    -1.12340946    -0.87735101
 H       -1.28282304    -1.12340937    -0.87735806
 H       -1.28282757    -1.12340957     0.87735183
 H        2.56383455     1.04214164    -0.87722482
 H        2.56383340     1.04213999     0.87723737
 H       -2.56383516     1.04214140     0.87722415
 H       -2.56383313     1.04213893    -0.87723805
 H        3.84832847    -1.12135328     0.87736438
 H        3.84832700    -1.12135387    -0.87735335
 H       -3.84832833    -1.12135418    -0.87736477
 H       -3.84832739    -1.12135425     0.87735299
 H        5.12866958     1.04507778    -0.87723404
 H        5.12867408     1.04507547     0.87724281
 H       -5.12866911     1.04507811     0.87723237
 H       -5.12867395     1.04507435    -0.87724447
 H        6.41301945    -1.11633561     0.87694754
 H        6.41301290    -1.11633520    -0.87695027
 H       -6.41302070    -1.11633559    -0.87694759
 H       -6.41301272    -1.11633503     0.87695023
 H        7.73121118     1.04162729     0.88352615
 H        8.58609893    -0.23000494    -0.00000984
 H        7.73120396     1.04162788    -0.88353800
 H       -7.73121142     1.04162804    -0.88352514
 H       -8.58609906    -0.23000373     0.00001163
 H       -7.73120260     1.04162864     0.88353900
