          18
 (2Z)-4-methylpent-2-ene
 C        0.79957736     0.00000003    -0.26532492
 C        1.66644935     1.26662753    -0.13619311
 C        1.66644930    -1.26662752    -0.13619328
 C       -0.29042013    -0.00000007     0.77586337
 C       -1.61314242    -0.00000008     0.59854108
 C       -2.37534412     0.00000010    -0.69640546
 H        0.07954507    -0.00000021     1.80283205
 H       -2.23813691    -0.00000027     1.49125375
 H        0.34990241     0.00000010    -1.26469315
 H        2.46749501     1.27146201    -0.88356172
 H        2.13437609     1.31944336     0.85406117
 H        1.06710614     2.17224241    -0.27004765
 H        1.06710605    -2.17224236    -0.27004794
 H        2.13437603    -1.31944350     0.85406100
 H        2.46749498    -1.27146195    -0.88356188
 H       -3.02975743     0.87845950    -0.76291433
 H       -3.02975605    -0.87846025    -0.76291544
 H       -1.72623520     0.00000117    -1.57483903
