          15
    (2Z)-pent-2-ene
 C        1.03213122    -0.19343335     0.56727166
 C       -0.00473924     0.79450773     0.10798569
 C        2.21533717    -0.29647716    -0.41101103
 C       -1.29317518     0.57581784    -0.16389370
 C       -2.05275501    -0.71675378    -0.06815311
 H        1.41546156     0.12212498     1.54822960
 H        0.59237065    -1.18441602     0.71619745
 H        0.37064721     1.80989282    -0.02464315
 H        2.98029908    -0.98294892    -0.03408342
 H        1.88388333    -0.65855707    -1.38936040
 H        2.68732648     0.68052533    -0.56236458
 H       -1.88739329     1.42728766    -0.49443113
 H       -2.50417154    -0.97505319    -1.03442660
 H       -2.88092368    -0.63069103     0.64689713
 H       -1.42870880    -1.55684180     0.24459303
