          13
           Methylidenecyclobutane
 C        1.91958492    -0.00000207     0.09618039
 C        0.60485161    -0.00001287    -0.06708192
 C       -0.45302161     1.09419568    -0.11327812
 C       -0.45303936    -1.09419338    -0.11327236
 C       -1.52409639     0.00000326     0.18811602
 H        2.48488829    -0.92456145     0.16830771
 H        2.48486097     0.92457535     0.16829423
 H       -0.56888932     1.52670264    -1.11392425
 H       -0.35292839     1.91526874     0.60250474
 H       -0.35295937    -1.91529993     0.60247232
 H       -0.56891575    -1.52662685    -1.11395444
 H       -2.41786990    -0.00000139    -0.43925816
 H       -1.83074698     0.00005457     1.23671933
