          17
    2-Methylbutane
 C       -1.73263599    -0.82911089     0.00201051
 H       -1.90903356    -0.86541188    -1.08005708
 C       -0.48111699    -0.00073839     0.32465443
 H       -2.62616795    -0.39988307     0.46788969
 H       -1.63158067    -1.86070607     0.35617084
 C       -0.66847060     1.45454377    -0.12827001
 H       -0.34987438    -0.00006566     1.41719688
 C        0.77079941    -0.65233298    -0.29230809
 H        0.67747389    -0.63466650    -1.38753574
 C        2.10100422    -0.01167814     0.11903025
 H        0.78557849    -1.71266307    -0.00820414
 H        2.18340621     1.02261178    -0.22904438
 H        2.21538305    -0.00480872     1.20920240
 H        2.94803853    -0.56529779    -0.29878804
 H       -1.56897130     1.89050460     0.31741003
 H        0.17799848     2.08691967     0.15514466
 H       -0.77818281     1.51160075    -1.21844866
