          16
           4-Methylcyclopentene
 C        0.80707703    -0.00001949     0.50640284
 C       -0.13325441    -1.23312713     0.35639412
 C       -0.13324252     1.23313658     0.35638848
 C        1.89835854    -0.00000232    -0.57095735
 H        1.28796266    -0.00001554     1.48961070
 C       -1.36238658    -0.66605518    -0.31245869
 H       -0.38994060    -1.67371610     1.33031906
 H        0.33617763    -2.03628770    -0.22596915
 C       -1.36237671     0.66606635    -0.31244809
 H       -2.15240099    -1.29301120    -0.71285392
 H       -2.15240366     1.29304489    -0.71278457
 H       -0.38985066     1.67381352     1.33029801
 H        0.33627854     2.03616743    -0.22603926
 H        1.45180718    -0.00064127    -1.57216671
 H        2.53822848    -0.88526363    -0.48870647
 H        2.53738975     0.88592371    -0.48938918
