          16
          Methylidenecyclopentane
 C       -0.86340672    -0.00001247     0.00000615
 C        0.02744313     1.22885657     0.13142937
 C        0.02746686    -1.22887342    -0.13134982
 C        1.43806977     0.73087154    -0.24193322
 H       -0.31690830     2.06751107    -0.48103148
 H        0.02190563     1.57533541     1.17396649
 C        1.43810590    -0.73083917     0.24187751
 H        1.56927456     0.75947045    -1.33071194
 H        2.23685616     1.33328041     0.19962128
 H        2.23686409    -1.33323055    -0.19975206
 H        1.56942856    -0.75941742     1.33064453
 H       -0.31681943    -2.06747290     0.48122672
 H        0.02187764    -1.57549163    -1.17383959
 C       -2.19296585    -0.00000347    -0.00003387
 H       -2.76533789     0.91960247     0.07859713
 H       -2.76537861    -0.91958240    -0.07867494
