          18
  Ethylcyclobutane
 C       -1.34568018     0.60027700     0.26658596
 C       -2.48912964    -0.35787961    -0.08603603
 C       -0.01535797     0.20277179    -0.35999273
 C        1.26493637     1.00616280     0.00740380
 C        0.70779458    -1.08406721     0.13848641
 C        2.05815685    -0.32836482     0.01265895
 H       -1.60670461     1.61823470    -0.05376782
 H       -1.22663657     0.64515793     1.35802932
 H       -2.26643810    -1.37814827     0.24509176
 H       -2.65643561    -0.39163445    -1.16857723
 H       -3.42796031    -0.05231966     0.38667652
 H       -0.12200423     0.16094362    -1.45184473
 H        1.18704107     1.43207253     1.01378543
 H        1.58895917     1.79451696    -0.67747049
 H        0.58027254    -2.00410319    -0.43793605
 H        0.46022527    -1.29383540     1.18523082
 H        2.79959673    -0.47688001     0.80171690
 H        2.53829310    -0.51717754    -0.95215866
