          15
     Quadricyclane
 C       -0.77525930     0.69684629    -0.75734257
 C       -0.77524919     0.69681897     0.75738182
 C       -1.15094442    -0.56380743    -0.00003073
 C        0.77473041     0.69740217     0.75736355
 H       -1.42504229     1.21448053     1.45026718
 C        0.77470411     0.69741959    -0.75736788
 H       -1.42508321     1.21455278    -1.45016985
 C        1.15138173    -0.56293646    -0.00001846
 H        1.42409527     1.21563381    -1.45021810
 H        1.42416776     1.21556447     1.45021083
 C        0.00059552    -1.55231834     0.00000482
 H        2.18570650    -0.88798391    -0.00005653
 H        0.00083385    -2.19268433     0.88985695
 H        0.00082547    -2.19279193    -0.88977499
 H       -2.18501341    -0.88966715    -0.00000286
