          17
            1,3-Cycloheptadiene
 C        1.59734176    -0.44601796    -0.06646716
 C        1.29776472     1.01989131    -0.21922825
 C        0.73347872    -1.46355071     0.07448261
 C       -0.72847487    -1.46599760     0.07397777
 C       -0.00242645     1.51760247     0.42723945
 H        1.30234409     1.28255099    -1.28845587
 H        2.13516558     1.58365663     0.21239921
 C       -1.30143291     1.01578792    -0.21832687
 H       -0.00420866     2.61334290     0.38822333
 H       -0.00161618     1.24270961     1.48852459
 C       -1.59574346    -0.45134212    -0.06685293
 H       -1.30806331     1.27946108    -1.28728118
 H       -2.14044722     1.57606459     0.21473241
 H       -2.65368136    -0.70806815    -0.07285769
 H       -1.16360897    -2.45833052     0.17876410
 H        2.65617272    -0.69903417    -0.07162385
 H        1.17190054    -2.45434282     0.18012936
