          19
            1-Methylcyclohexene
 C        0.31865425     1.20692825     0.09032573
 C       -1.18667485     1.29314491     0.10537580
 C       -1.84731633    -0.01704109    -0.34672609
 H       -1.51454484     2.12277680    -0.53458836
 H       -1.52998728     1.55589726     1.11817860
 C       -1.15882486    -1.21960117     0.30778408
 H       -1.76534876    -0.10635745    -1.43802655
 H       -2.91692181    -0.00490267    -0.10996419
 C        0.32387261    -1.27859440    -0.08590961
 H       -1.65970199    -2.15383067     0.03057250
 H       -1.24000043    -1.12998037     1.39913314
 C        1.01177544     0.06823966    -0.00679205
 H        0.42720621    -1.67399538    -1.10857059
 H        0.85550377    -1.99631077     0.55377451
 C        2.51634247     0.04435637    -0.05320333
 H        0.86029580     2.14916191     0.16216882
 H        2.87609159    -0.44731681    -0.96717259
 H        2.93145566    -0.52736635     0.78746374
 H        2.93994030     1.05211784    -0.02221166
