          19
      Cycloheptene
 C       -1.65776099    -0.00574027    -0.17746969
 C       -0.98683491     1.29676327     0.28066262
 C        0.39986889     1.56779871    -0.33295231
 H       -1.64563128     2.13336803     0.01586353
 H       -0.90267873     1.30146801     1.37513618
 C        1.51543679     0.67237551     0.15637539
 H        0.31753930     1.48922861    -1.42828730
 H        0.67249708     2.60939908    -0.13168522
 C       -0.97774590    -1.30355762     0.28047024
 H       -2.69239381    -0.00943364     0.18791846
 H       -1.72525572    -0.00574209    -1.27541485
 C        0.41093600    -1.56509520    -0.33279629
 H       -0.89356011    -1.30765481     1.37493316
 H       -1.63068180    -2.14474547     0.01568397
 C        1.52015673    -0.66173257     0.15639255
 H        0.69075077    -2.60465512    -0.13081420
 H        0.32849753    -1.48784429    -1.42823271
 H        2.41071726    -1.16384983     0.52978695
 H        2.40240900     1.18079531     0.52978249
