          21
            (3E)-3-Methylhex-3-ene
 C        3.10718030    -0.34251577     0.35430567
 C        1.97058464     0.03665855    -0.61168292
 H        2.94045422     0.09293603     1.34470466
 H        3.17260995    -1.42909191     0.47784252
 H        4.07497064     0.01128649    -0.01583720
 C        0.63858085    -0.50176550    -0.16758753
 H        1.94132974     1.12358813    -0.73286075
 H        2.20602627    -0.37263252    -1.60479701
 C       -0.47846304     0.16418363     0.15019140
 C       -1.72072369    -0.59109688     0.57823896
 H       -2.06215146    -0.20674464     1.55045108
 C       -2.88692189    -0.49627958    -0.42263430
 H       -1.46716711    -1.64574307     0.73155255
 H       -3.22318033     0.53616968    -0.55955483
 H       -2.59033110    -0.88451763    -1.40246682
 H       -3.74577104    -1.07816448    -0.07290912
 H        0.60642680    -1.59008267    -0.08891544
 C       -0.61696397     1.66703774     0.12044855
 H       -0.98454713     2.03700708     1.08644606
 H       -1.34869039     1.98701431    -0.63149614
 H        0.32198009     2.17836298    -0.09739809
