          21
         2,4-Dimethylpent-2-ene
 C       -2.47756726    -0.97757118    -0.04398084
 H       -3.11554182    -0.85255696     0.84119969
 H       -3.11544884    -0.77247766    -0.91416618
 H       -2.16356025    -2.02360076    -0.09168346
 C       -1.29714409    -0.03732742    -0.00099583
 C       -0.04545403    -0.50927218    -0.02189432
 C        1.26016691     0.24261173     0.01259479
 H        1.06561212     1.31942990     0.06649199
 C        2.07000670    -0.02537036    -1.27041478
 C        2.07536035    -0.15138226     1.25907784
 H        1.51920379     0.29442546    -2.16021190
 H        2.28633413    -1.09486659    -1.37871203
 H        3.02721190     0.50737181    -1.24943059
 C       -1.67333708     1.42195548     0.06458173
 H        0.07682659    -1.59360758    -0.07114695
 H       -2.28467044     1.70245736    -0.80326391
 H       -0.81203482     2.09104089     0.09735867
 H       -2.28936278     1.62253342     0.95104405
 H        1.52756780     0.07614248     2.17860494
 H        3.03167048     0.38252880     1.28817054
 H        2.29361289    -1.22593589     1.25802586
