          21
      2-Methyl-3-methylidenepentane
 C        1.12049804    -0.27982467     0.35365870
 C       -0.25724366     0.27372637     0.00657213
 C       -1.41142116    -0.60758944     0.44200904
 C       -0.43382624     1.43241915    -0.62982796
 C        1.55163138    -1.35390320    -0.66812666
 C        2.21445896     0.78727907     0.49136298
 C       -2.81479798    -0.16016067     0.03011778
 H        1.02514461    -0.78095144     1.32826693
 H       -1.23639083    -1.62744514     0.07163515
 H       -1.36834542    -0.70022862     1.53774361
 H       -1.41894041     1.80089785    -0.89154518
 H        0.39858671     2.06406321    -0.91818253
 H        2.50229193    -1.81037160    -0.37208197
 H        1.68331699    -0.90574063    -1.65879976
 H        0.81253768    -2.15531978    -0.75930872
 H        3.14363886     0.33274146     0.85065898
 H        1.92228471     1.57192452     1.19543406
 H        2.43736457     1.26226321    -0.47002408
 H       -2.91134305    -0.09732188    -1.05847931
 H       -3.06121918     0.82210295     0.44552014
 H       -3.56338148    -0.87140127     0.39237277
