          21
 Ethylcyclopentane
 C       -0.80043557    -1.22670329     0.15214387
 C        0.30515567    -0.24244400    -0.26835384
 C       -2.10004080    -0.49756538    -0.22426560
 C       -0.26569911     1.12517013     0.17532553
 C        1.69368372    -0.57424797     0.28562658
 H        0.36118702    -0.25276758    -1.36793977
 C       -1.81315501     0.99983661     0.07127225
 H        0.12604122     1.95510675    -0.41929363
 H        0.02893182     1.31717561     1.21480418
 H       -2.22172950     1.64329611    -0.71331912
 H       -2.28767537     1.31310946     1.00620352
 H        1.65046244    -0.55702261     1.38379363
 C        2.80059565     0.36977229    -0.19796059
 H        1.95257599    -1.60443901     0.00744440
 H       -0.75324475    -1.38440405     1.23879313
 H       -0.70325164    -2.20852337    -0.32267208
 H       -2.30033076    -0.63793852    -1.29289320
 H       -2.97441429    -0.87455157     0.31423502
 H        2.61259934     1.40232493     0.11396344
 H        2.87475938     0.36313152    -1.29153421
 H        3.77606279     0.07537622     0.20237710
