          21
      Cycloheptane
 C       -0.31267802    -1.52767898     0.39947870
 C        0.96925970    -1.24909553    -0.40688617
 C        1.77605796     0.00098160    -0.00016373
 C       -1.54206694    -0.75961189    -0.11646404
 C        0.96777937     1.24991431     0.40709663
 C       -1.54296863     0.75809554     0.11632929
 C       -0.31431781     1.52740190    -0.39937458
 H       -0.53676518    -2.59948219     0.33749086
 H       -0.15008597    -1.31593918     1.46530257
 H        1.63843758    -2.11516203    -0.33971375
 H        0.69135311    -1.17666580    -1.46653329
 H        2.44014056    -0.25620840     0.83472448
 H        2.43914209     0.25924197    -0.83553437
 H       -1.63858779    -0.95742327    -1.19362095
 H       -2.44507936    -1.17643931     0.34752312
 H        0.68996525     1.17683973     1.46676020
 H        1.63595251     2.11678409     0.34024856
 H       -2.44638733     1.17385407    -0.34781248
 H       -1.63989536     0.95568747     1.19348428
 H       -0.53947929     2.59897527    -0.33733790
 H       -0.15139907     1.31585487    -1.46517294
