          23
    3-Methylhexane
 C       -0.57070248    -0.14239297    -0.21137548
 C       -1.71291122     0.76357473     0.29009843
 C        2.02282135    -0.25109052    -0.36758862
 C       -3.10095718     0.42659797    -0.26650714
 C        0.78845087     0.42016152     0.24856960
 H       -0.58678839    -0.11532726    -1.31224314
 C       -0.76485874    -1.60136115     0.22943117
 C        3.33396782     0.41803287     0.05852042
 H        0.85033218     0.35628873     1.34519504
 H        0.82162546     1.49198191     0.00829821
 H        1.93850518    -0.22565103    -1.46255570
 H        2.05523065    -1.31095186    -0.08898949
 H        3.35632934     1.47228693    -0.23994252
 H        3.46107780     0.38171406     1.14645035
 H        4.20059783    -0.07475304    -0.39386586
 H       -3.10012297     0.43819719    -1.36265340
 H       -3.44543713    -0.56123287     0.05418476
 H       -3.84401186     1.15622689     0.07133286
 H       -1.71606692    -2.00851918    -0.12526625
 H        0.02685765    -2.25015448    -0.15583992
 H       -0.75651505    -1.67944857     1.32398349
 H       -1.47176507     1.80189884     0.02788538
 H       -1.73996445     0.72829952     1.38848807
