          23
    3-Ethylpentane
 C        1.49562778     0.86233283    -0.22921351
 C        0.12229928     0.25456509     0.12523868
 C       -0.12059405    -1.08426075    -0.62085388
 C       -0.98698787     1.29160220    -0.14431419
 C        2.69407309     0.09210223     0.33595939
 C       -0.76150170    -2.18726947     0.23154439
 C       -2.40552649     0.86901009     0.25284979
 H        1.58295702     0.93333319    -1.32251567
 H        1.53495594     1.89383130     0.14382532
 H        0.12651348     0.04620993     1.20644991
 H       -0.74158408    -0.89454177    -1.50645836
 H        0.83125421    -1.46485923    -1.00867818
 H       -0.73327247     2.21591562     0.39082872
 H       -0.97244999     1.54919890    -1.21302760
 H        3.63806361     0.56590656     0.04785877
 H        2.65847136     0.06082322     1.43089120
 H        2.72533190    -0.94240663    -0.02172659
 H       -1.73199630    -1.88283567     0.63417169
 H       -0.11990752    -2.44284081     1.08234948
 H       -0.91551245    -3.10038842    -0.35339694
 H       -2.45889349     0.60205467     1.31446980
 H       -3.11507039     1.68514000     0.08106701
 H       -2.75405560     0.00761667    -0.32518524
