          23
          2,2,3-Trimethylbutane
 C        0.64311540     0.00017659     0.00130960
 C       -0.85985955    -0.00006037    -0.43874264
 C       -1.63983963     1.25264657    -0.00160082
 C        1.34878725    -1.25450145    -0.55427305
 H       -1.18314306     2.17873471    -0.35949644
 H       -1.72178896     1.31694955     1.08891396
 H       -2.65944329     1.21692147    -0.39975641
 C        0.80297656     0.02014631     1.53399208
 C        1.35727843     1.23419832    -0.58860872
 H       -0.84280948    -0.00062897    -1.53890873
 C       -1.64045614    -1.25247137    -0.00172731
 H        1.22882649     1.28470860    -1.67615266
 H        2.43261169     1.18731000    -0.38441247
 H        0.98726573     2.17102359    -0.16264208
 H        0.35814776     0.91522347     1.97982312
 H        1.86483083     0.01508453     1.80417027
 H        0.34348459    -0.85490413     2.00420519
 H        1.21337960    -1.33921851    -1.63888028
 H        0.97735538    -2.17549045    -0.09623918
 H        2.42546491    -1.20537358    -0.35802697
 H       -2.66367370    -1.21000107    -0.38985002
 H       -1.71268572    -1.32439533     1.08910408
 H       -1.19073167    -2.17754666    -0.37067001
