          18
            1,3-Dimethylbenzene
 C       -2.52740833     1.06015096    -0.01010949
 C       -1.22196824     0.30056189     0.00771716
 C        0.00039712     0.97699380     0.01633152
 C       -1.20787722    -1.09769846    -0.00040564
 C        1.22293632     0.29897507     0.00846203
 C       -0.00090991    -1.79066279    -0.00429501
 C        2.52768217     1.05969710    -0.01072516
 C        1.20741706    -1.09838399     0.00058302
 H       -2.40504329     2.07529471     0.37837062
 H       -3.29184691     0.55635012     0.58970476
 H       -2.92329845     1.14638214    -1.02981975
 H        0.00087764     2.06471156     0.03311889
 H       -2.14699825    -1.64413081     0.00282343
 H       -0.00120605    -2.87657228    -0.00292094
 H        2.42746756     2.03879843     0.46707561
 H        2.87133236     1.23370595    -1.03823388
 H        3.31964917     0.50865963     0.50539250
 H        2.14586377    -1.64587325     0.00449238
