          20
        Bicyclo[2.2.2]oct-2-ene
 C        0.66822498    -0.00165696     1.44265392
 C       -0.66754076     0.00250997     1.44294874
 C       -1.28935100     0.00378647     0.06649438
 C        1.28938958    -0.00372865     0.06593128
 C        0.78058757     1.25151285    -0.69481780
 C       -0.77353560     1.25549305    -0.69540852
 H        1.17233595     1.23750105    -1.71838794
 H        1.17154822     2.15432356    -0.21655308
 H       -1.16023546     2.16104834    -0.21888395
 H       -1.16445973     1.24186390    -1.71930001
 C        0.77321783    -1.25590893    -0.69501008
 H        2.38215843    -0.00694595     0.10625322
 C       -0.78093642    -1.25193785    -0.69378075
 H        1.16009775    -2.16122321    -0.21817831
 H        1.16363048    -1.24282528    -1.71910546
 H       -1.17169170    -2.15451014    -0.21491020
 H       -1.17305564    -1.23843237    -1.71721664
 H       -2.38210070     0.00702995     0.10736840
 H        1.27713044    -0.00329213     2.34124126
 H       -1.27602699     0.00462939     2.34182171
