          22
        (Prop-2-en-1-yl)cyclopentane
 C        0.52364521     1.06035604    -0.16913618
 C        0.16695047    -0.35225217     0.32452585
 C        2.03444658     1.17880490     0.10763976
 H        0.32632652     1.12223285    -1.24831356
 H       -0.06559854     1.84734475     0.30958300
 C        1.36039130    -1.19157308    -0.17327547
 H        0.18420848    -0.34312730     1.42523693
 C       -1.20212347    -0.88017222    -0.13289374
 C        2.59824708    -0.26532556    -0.04725374
 H        1.47364539    -2.13098051     0.37677060
 H        1.19299994    -1.45812320    -1.22475711
 H        3.20834809    -0.53700354     0.81943902
 H        3.24749515    -0.35482721    -0.92301449
 H        2.52654341     1.89515552    -0.55635940
 H        2.19597785     1.53696763     1.13032906
 H       -1.24772308    -0.87284525    -1.22983309
 H       -1.28962003    -1.93195444     0.17777214
 C       -2.36080220    -0.10479304     0.42866676
 C       -3.28579390     0.52976040    -0.28644826
 H       -2.42024711    -0.07295733     1.51755372
 H       -3.26749973     0.52629689    -1.37325274
 H       -4.09977573     1.07380897     0.18177771
