          22
             1-Ethylcyclohex-1-ene
 C        2.18829315     0.17273557    -0.54290677
 C        1.52414870     1.26521376     0.30188558
 C       -0.00250223     1.21454806     0.14845347
 H        1.89821849     2.25601293     0.02088063
 H        1.78777823     1.11517579     1.35721432
 C        1.71901825    -1.21708286    -0.08959895
 H        3.27992364     0.24344945    -0.48336004
 H        1.91859280     0.32114659    -1.59690116
 C        0.23429150    -1.26415520     0.16833956
 H        2.25722571    -1.51524085     0.82367180
 H        1.98706936    -1.97148822    -0.84101021
 C       -0.55798277    -0.19137641     0.26546255
 H       -0.28968394     1.64492354    -0.82236290
 H       -0.47957019     1.85665651     0.90170977
 H       -0.20468583    -2.25433862     0.28538153
 C       -2.04458955    -0.32104384     0.50173023
 H       -2.29195857    -1.37315642     0.68314489
 C       -2.90630375     0.20871191    -0.65905729
 H       -2.31639293     0.22707083     1.41587906
 H       -2.67943803    -0.32583123    -1.58732855
 H       -2.73364076     1.27486835    -0.83641202
 H       -3.97152533     0.07779120    -0.44341518
