          22
       cis-Bicyclo[4.2.0]octane
 C       -0.35138607    -1.48713443    -0.15122272
 C       -1.76337408    -0.90739580     0.01379655
 H       -0.32187693    -2.54031904     0.15176094
 C        0.70868120    -0.69485737     0.63537002
 H       -0.10447840    -1.47370509    -1.22152455
 H       -2.06621399    -0.94572335     1.07001910
 C       -1.80145874     0.54605753    -0.47931853
 H       -2.48538668    -1.51746320    -0.54113526
 H       -2.82141691     0.94418474    -0.43140685
 H       -1.51004500     0.57010484    -1.53845836
 C       -0.86261406     1.43540707     0.35124743
 H       -1.30168111     1.55336195     1.35187934
 H       -0.80712074     2.44430686    -0.07786155
 C        0.54371401     0.85443508     0.50573689
 C        1.55800448     0.81519627    -0.67314025
 H        1.03737615     1.33346970     1.35923315
 C        2.05756226    -0.55165023    -0.12707645
 H        0.76669235    -1.07309670     1.66147379
 H        2.27936067     1.63367197    -0.74411517
 H        1.06293914     0.70916489    -1.64323196
 H        2.30824581    -1.33289743    -0.85071085
 H        2.90236720    -0.42481995     0.55639199
