          22
           Bicyclo[2.2.2]octane
 C        0.77895661    -0.97574140     1.07340033
 C       -0.77911776    -0.97988377     1.06943130
 C        1.29782443    -0.00085702    -0.00065419
 H        1.16953184    -1.98083238     0.87828057
 H        1.16305099    -0.67902682     2.05590625
 C       -1.29779158     0.00091497     0.00071271
 H       -1.16981604    -0.69409410     2.05252622
 H       -1.16325040    -1.98529981     0.86332229
 C        0.77794699    -0.44272638    -1.38187291
 C       -0.78008735    -0.43535977    -1.38306251
 H        1.16905658     0.22858570    -2.15465245
 H        1.16091121    -1.44231563    -1.61653724
 H       -1.17215160    -1.42930005    -1.62643996
 H       -1.16380959     0.24580392    -2.15098099
 C       -0.77788676     1.41663832     0.31478977
 H       -2.39368043     0.00163334     0.00133220
 C        0.78017972     1.41703448     0.30727613
 H       -1.16070158     1.74144346     1.28888707
 H       -1.16912615     2.12507088    -0.42403899
 H        2.39371066    -0.00157100    -0.00120592
 H        1.17213979     1.75038707     1.27477569
 H        1.16384537     2.11928407    -0.44142035
