          22
  1-Methylbicyclo[4.1.0]heptane
 C        0.96334959     0.16345903    -0.00829610
 C        0.10338841     1.41896923    -0.10438008
 C       -1.36915971     1.15023037    -0.44794793
 C       -1.94909018     0.08132593     0.48493401
 C       -1.25261757    -1.27660429     0.29284476
 C        0.27113085    -1.17381534     0.19279783
 C        0.92339210    -0.83994555    -1.13363396
 C        2.29800239     0.38454068     0.67791984
 H        0.13769658     1.92998397     0.86874869
 H        0.54681035     2.11488560    -0.82922971
 H       -1.93600591     2.08387506    -0.36080805
 H       -1.47024254     0.82701322    -1.49266404
 H       -1.81916595     0.41620893     1.52313633
 H       -3.02734401    -0.03077061     0.32467849
 H       -1.51655402    -1.93871953     1.12468934
 H       -1.64699800    -1.75812904    -0.61177486
 H        0.81391053    -1.88911815     0.80535402
 H        0.26648120    -0.65192376    -1.97815506
 H        1.84650838    -1.34580979    -1.39995256
 H        2.16187946     0.73959591     1.70681538
 H        2.88509058    -0.53879027     0.71787752
 H        2.89610089     1.13521547     0.14615790
