          24
        (3Z)-2,2-dimethylhex-3-ene
 C        0.18539873    -0.97810671    -0.39195208
 C        1.23456405     0.06881567    -0.01849858
 C       -1.12730862    -1.01829791    -0.14649610
 C        0.90822962     1.43963661    -0.65191116
 C        1.35987226     0.21028023     1.51473038
 C        2.59538622    -0.40393413    -0.57101401
 C       -2.01628400    -0.03544380     0.56718832
 C       -3.15603690     0.47328994    -0.33298594
 H        0.58864599    -1.82695226    -0.94380408
 H       -1.66443119    -1.88930617    -0.52614224
 H        1.70191712     2.16256589    -0.42906498
 H        0.82455250     1.35528241    -1.74019976
 H       -0.03177690     1.85321476    -0.27788897
 H        2.15678727     0.91878221     1.77014555
 H        0.43438926     0.57044778     1.97115160
 H        1.60385143    -0.75237279     1.97558115
 H        3.38664594     0.31380218    -0.32958856
 H        2.56187841    -0.51393895    -1.66057915
 H        2.87843895    -1.37270198    -0.14471985
 H       -1.44917539     0.81400461     0.95404229
 H       -2.45865822    -0.53312267     1.44229428
 H       -3.82722642     1.13857478     0.21946899
 H       -2.76033813     1.02392791    -1.19227581
 H       -3.75286532    -0.35981232    -0.72003496
