          24
      2,4,4-Trimethylpent-1-ene
 C        1.10579004     0.01556657    -0.01506228
 C       -0.15807721    -0.01512690     0.90141473
 C       -1.51282209    -0.10298254     0.22255729
 C       -2.07900646    -1.27617637    -0.06977580
 C       -2.22908929     1.19794045    -0.05008541
 H       -1.59661553    -2.21974154     0.16593692
 H       -3.05151477    -1.33697573    -0.54904784
 H       -2.42934171     1.72780416     0.89057753
 H       -3.18447006     1.03305177    -0.55547593
 H       -1.62912180     1.87773108    -0.66420103
 C        1.03709498     1.15767473    -1.04419268
 C        1.26538495    -1.32294176    -0.75653819
 C        2.32920228     0.23494133     0.89492888
 H        2.26835456     1.19612901     1.41792319
 H        3.25668467     0.23026007     0.31158845
 H        2.40743744    -0.55354280     1.65190886
 H       -0.13655221     0.88459217     1.53072670
 H       -0.04426916    -0.86933249     1.57962698
 H        2.16301275    -1.31101134    -1.38484456
 H        0.40529113    -1.52720829    -1.40031881
 H        1.36420060    -2.15678392    -0.05195477
 H        1.96816188     1.20951452    -1.61961901
 H        0.89496453     2.12950472    -0.55788514
 H        0.21953415     1.00890420    -1.75613889
