          24
      2,4,4-Trimethylpent-2-ene
 C       -0.25155950     0.67936037     0.00005554
 C       -1.46570634     0.11398268     0.00002504
 C       -2.70447367     0.97990894    -0.00010020
 C       -1.77054497    -1.36396429     0.00016192
 C        1.14719053     0.06170293     0.00000107
 C        1.39260996    -0.78953923    -1.26614969
 C        2.16881957     1.21906612    -0.00201913
 C        1.39400748    -0.78621121     1.26802707
 H       -0.24360065     1.76946448     0.00024853
 H       -3.33077516     0.77310692     0.87807415
 H       -3.32999486     0.77397939    -0.87904876
 H       -2.45906439     2.04497040     0.00049845
 H       -2.37474594    -1.62926904     0.87785100
 H       -2.37431466    -1.62965452    -0.87772077
 H       -0.88519901    -1.99747581     0.00045151
 H        0.72455739    -1.65239899    -1.32281727
 H        2.42271655    -1.16504680    -1.28061255
 H        1.23899496    -0.19200696    -2.17059890
 H        3.19459734     0.83525856    -0.00103229
 H        2.04613282     1.85424323     0.88217810
 H        2.04648426     1.85089664    -0.88865770
 H        1.24058649    -0.18679444     2.17127019
 H        2.42444384    -1.16082483     1.28257314
 H        0.72670551    -1.64946710     1.32732382
