          24
    cis-1,4-dimethylcyclohexane
 C        1.39937008    -0.00003224    -0.26079656
 C        0.58276968     1.26036550     0.07257596
 C        0.58258089    -1.26029993     0.07236280
 C        2.75827923    -0.00023160     0.44589935
 H        1.57980338     0.00027049    -1.34738939
 C       -0.78523554     1.26245643    -0.62759291
 H        1.14661108     2.15673052    -0.21422318
 H        0.44957975     1.32129446     1.16177049
 C       -0.78545617    -1.26220421    -0.62788234
 C       -1.61973771     0.00021057    -0.32429077
 H       -1.35049558     2.16054661    -0.34956501
 H       -0.62258022     1.32302998    -1.71250094
 H       -2.47958157     0.00050400    -1.00741330
 C       -2.18709157    -0.00022814     1.10437095
 H        1.14629006    -2.15684597    -0.21404899
 H        0.44912093    -1.32030570     1.16153174
 H        3.34642536    -0.88544751     0.17971279
 H        2.63357668    -0.00075381     1.53559762
 H        3.34628193     0.88533062     0.18052766
 H       -0.62313205    -1.32332601    -1.71284806
 H       -1.35080015    -2.16015973    -0.34959912
 H       -2.81193627    -0.88374953     1.27493844
 H       -2.80787364     0.88569280     1.27732426
 H       -1.40211919    -0.00324447     1.86687600
