          24
  trans-1,4-dimethylcyclohexane
 C        0.74632887    -1.26002994    -0.17917689
 C       -0.74630174    -1.26001943     0.17918778
 C       -1.46600137    -0.00000108    -0.33095503
 C       -0.74633010     1.26002824     0.17918655
 C        0.74630122     1.26002153    -0.17917555
 C        1.46600512     0.00000047     0.33095632
 C        2.94941845     0.00001250    -0.05145256
 C       -2.94942045    -0.00001246     0.05143157
 H        1.23170296    -2.15725101     0.22461546
 H        0.85822551    -1.31402043    -1.27229314
 H       -0.85827818    -1.31395413     1.27227567
 H       -1.23167987    -2.15726786    -0.22454920
 H       -1.39684994     0.00001031    -1.43001230
 H       -1.23170397     2.15725134    -0.22460167
 H       -0.85823047     1.31401175     1.27230278
 H        1.23167812     2.15726664     0.22457016
 H        0.85827784     1.31396703    -1.27226286
 H        1.39686912    -0.00001255     1.43001440
 H        3.46233357    -0.88559149     0.33955592
 H        3.07307436     0.00048917    -1.14124493
 H        3.46260019     0.88511135     0.34036553
 H       -3.07309699    -0.00048364     1.14122158
 H       -3.46232847     0.88558919    -0.33959135
 H       -3.46259377    -0.88511369    -0.34039201
