          26
   3-Methylheptane
 C        1.13246220     0.13923198    -0.18975766
 C       -0.18653822    -0.47110612     0.32366506
 C       -1.46732657     0.18254192    -0.21075995
 H       -0.19246199    -0.43704874     1.42323119
 H       -0.20366957    -1.53678460     0.05631922
 C        2.32224504    -0.74505149     0.23379158
 C        1.30945350     1.59314015     0.27421219
 H        1.09401192     0.13625043    -1.29037848
 C        3.67111317    -0.35848735    -0.38361369
 C       -4.02440481     0.11712609    -0.28200406
 C       -2.74337669    -0.53455250     0.24771182
 H       -2.70490500    -1.58357880    -0.07509847
 H       -2.77036651    -0.55712399     1.34542062
 H       -1.51910069     1.23206468     0.10544323
 H       -1.43647623     0.19735522    -1.30975219
 H       -4.91698215    -0.41651762     0.06012919
 H       -4.04056873     0.12453564    -1.37779245
 H       -4.10838596     1.15652729     0.05505532
 H        3.61581224    -0.34788209    -1.47838091
 H        4.44931449    -1.07401399    -0.09888099
 H        4.00502359     0.63176584    -0.05914573
 H        2.40381912    -0.73194214     1.32996328
 H        2.09578729    -1.78396882    -0.03895483
 H        2.23045169     2.03391694    -0.11793818
 H        1.35411973     1.64735125     1.36932475
 H        0.48231569     2.22778793    -0.05627326
