          26
   4-Methylheptane
 C        1.26259330    -0.41451933     0.23037371
 C        0.00004756     0.34298960    -0.22601147
 C       -1.26252785    -0.41457931     0.23031134
 C       -0.00015833     1.80005793     0.26227706
 H        0.00012882     0.35387660    -1.32720787
 C        2.58792373     0.10681443    -0.34047705
 C        3.78673985    -0.75572833     0.06870501
 C       -3.78706355    -0.75459883     0.07018667
 C       -2.58748404     0.10501153    -0.34286975
 H       -2.51942316     0.13512355    -1.43887929
 H       -2.76004388     1.13842602    -0.01992101
 H       -1.31230284    -0.39999709     1.32930835
 H       -1.15511621    -1.47144310    -0.05077895
 H       -4.72104595    -0.36690590    -0.34922402
 H       -3.67089722    -1.78863384    -0.27371428
 H       -3.89765404    -0.78125094     1.16019619
 H        3.66933386    -1.78814506    -0.27960439
 H        4.72110312    -0.36722694    -0.34908934
 H        3.89728404    -0.78716284     1.15858233
 H        2.76126003     1.13850220    -0.01261717
 H        2.51977087     0.14207250    -1.43631725
 H        1.15638610    -1.47095925    -0.05283133
 H        1.31117720    -0.40208865     1.32945221
 H        0.87951650     2.34588926    -0.09051337
 H       -0.88037621     2.34526642    -0.09005588
 H        0.00005747     1.84072500     1.35884003
