          26
             2,2-Dimethylhexane
 C       -0.08306260     0.68488704    -0.00053897
 C       -1.46853602    -0.01020061    -0.00000039
 C       -2.54791040     1.08929062    -0.00051750
 C       -1.64777127    -0.88150390    -1.25745816
 C       -1.64759712    -0.87984126     1.25864425
 C        1.15790884    -0.21788977    -0.00035576
 C        2.46765270     0.58148059    -0.00017293
 H        2.48868052     1.24244960    -0.87705696
 H        2.48828546     1.24271906     0.87652338
 C        3.71542598    -0.30695804     0.00030671
 H        1.14632048    -0.87690476    -0.87794627
 H        1.14610880    -0.87692916     0.87721367
 H       -0.03291296     1.34692548     0.87576220
 H       -0.03322495     1.34616091    -0.87742727
 H       -0.93942095    -1.71540084    -1.28115444
 H       -2.65663629    -1.30783568    -1.29270010
 H       -1.50399339    -0.29262780    -2.17070542
 H       -2.46060400     1.73022500     0.88415208
 H       -2.46081844     1.72934611    -0.88584557
 H       -3.55395732     0.65496310    -0.00018116
 H        4.63283472     0.29046800     0.00024291
 H        3.74007983    -0.95448762     0.88412438
 H        3.74035512    -0.95512638    -0.88303365
 H       -1.50420711    -0.28959497     2.17106555
 H       -2.65628782    -1.30655119     1.29435744
 H       -0.93894698    -1.71344973     1.28371358
