          21
 (5Z)-5-ethylidenebicyclo[2.2.1]hept-2-ene
       C      1.69942225     0.69491915     0.08932906
       C      0.39706031     1.44024780    -0.35848026
       C      1.85910368    -0.48620023    -0.85949717
       C      0.88671096    -1.36061309    -0.58112123
       C      0.06168896    -0.78367202     0.57147353
       C     -0.68644120     0.40469325    -0.04704610
       H      0.42305582     1.72717897    -1.41392202
       H      0.25195771     2.35366515     0.23047963
       H      2.56575591    -0.52670155    -1.67964927
       H      0.62518731    -2.25835619    -1.12775027
       C      1.17550470    -0.03539597     1.34889814
       H      2.56945205     1.34139076     0.21099219
       H      0.78696992     0.64273106     2.11633452
       H      1.91152676    -0.71526772     1.78591001
       H     -0.54966603    -1.49158576     1.12925280
       C     -1.99162890     0.54248463    -0.27177241
       C     -3.07578115    -0.45144181     0.03608787
       H     -3.61668457    -0.73867598    -0.87495467
       H     -3.82323293    -0.02477313     0.71746805
       H     -2.68842049    -1.36508625     0.49357073
       H     -2.33321736     1.47195908    -0.72891348
