          20
     (1S,2S)-1,2-diethenylcyclobutane
 C        0.77434289    -1.81388638    -0.00021371
 C       -0.77417462    -1.81416885     0.00013103
 C        0.74108288    -0.27835537     0.26708540
 H        1.17939780    -2.03149229    -0.99382404
 H        1.29382709    -2.43839184     0.73047032
 C       -0.74148686    -0.27868266    -0.26727552
 H       -1.17902713    -2.03170676     0.99381287
 H       -1.29349050    -2.43898810    -0.73041452
 C       -1.73961945     0.60069251     0.40341837
 H       -0.73421204    -0.08692433    -1.34652893
 C        1.73889467     0.60140537    -0.40359813
 H        0.73417935    -0.08642464     1.34629955
 C       -2.49464505     1.51548267    -0.20075855
 H       -1.83446292     0.46134490     1.48163274
 H       -2.43300384     1.68748782    -1.27211457
 H       -3.20238983     2.12859207     0.34770416
 C        2.49547572     1.51454462     0.20115679
 H        1.83226571     0.46376394    -1.48216180
 H        2.43535657     1.68479003     1.27288968
 H        3.20310571     2.12795109    -0.34711867
