          30
             Butylcyclohexane
 C        0.50725791    -0.62846462     0.72073772
 C        0.81558588     0.86894851     0.91633576
 C        0.91347077    -1.07563795    -0.69520130
 C       -0.92759680    -1.05296527     1.11325651
 H        1.16931739    -1.16344966     1.42037594
 C        2.29526544     1.17713040     0.63837831
 H        0.55193656     1.17133029     1.93752362
 H        0.19582574     1.47475286     0.24428879
 C        2.70762064     0.71853347    -0.76802117
 H        2.91816077     0.66159814     1.38310279
 H        2.48806568     2.24942590     0.76073208
 C        2.39098531    -0.76843659    -0.98442594
 H        3.77458878     0.90827875    -0.93344457
 H        2.16546153     1.31526293    -1.51531476
 H        0.29051215    -0.55790148    -1.43758524
 H        0.71863604    -2.14829208    -0.82114762
 H        3.02206414    -1.37257701    -0.31749418
 H        2.64617339    -1.06673895    -2.00809249
 C       -2.08745902    -0.79163727     0.13261853
 H       -1.17233508    -0.59430095     2.08182198
 H       -0.90527794    -2.13579494     1.29550104
 C       -2.50078244     0.67057797    -0.08567998
 H       -2.96175229    -1.33410375     0.51834244
 H       -1.86554640    -1.25252308    -0.83870349
 H       -2.61816849     1.16533962     0.88771589
 C       -3.80265760     0.79677027    -0.88470310
 H       -1.70793140     1.21516165    -0.61027137
 H       -4.63414453     0.30613842    -0.36602357
 H       -3.70844759     0.32785935    -1.87090062
 H       -4.07836050     1.84476554    -1.04034040
