          48
             Decyclcyclohexane
 C        2.70683675    -1.04616503     0.13618235
 C        3.07629014    -0.46582861    -1.24311222
 C        3.50719273    -0.34008539     1.24563225
 C        1.18839737    -1.11934104     0.42300292
 H        3.04989620    -2.09310330     0.12084692
 C        4.58844346    -0.55507715    -1.50201887
 H        2.52700364    -1.00026835    -2.02829078
 H        2.76620971     0.58396415    -1.30874854
 C        5.38875295     0.13762200    -0.38934432
 H        4.88455500    -1.61239886    -1.55482014
 H        4.83221901    -0.11531715    -2.47628018
 C        5.02056880    -0.42170287     0.99254374
 H        6.46470178     0.02943350    -0.56940246
 H        5.17597936     1.21593559    -0.41023853
 H        3.21206361     0.71694447     1.29761219
 H        3.26309195    -0.77802051     2.22188439
 H        5.34047002    -1.47144628     1.05418048
 H        5.56501094     0.11565682     1.77794424
 C        0.44305108     0.14940701     0.88210647
 H        0.68681501    -1.52192922    -0.46860275
 H        1.04363464    -1.87234191     1.20942303
 C        0.31625109     1.28989320    -0.14196807
 H       -0.56242984    -0.16386108     1.18689777
 H        0.91058070     0.54505244     1.79312287
 H        0.01308152     0.88191089    -1.11624916
 C       -0.66924232     2.40535339     0.27783725
 H        1.30328116     1.73640747    -0.30092028
 C       -2.09580962     2.27676620    -0.28437393
 H       -0.71110829     2.45929132     1.37465115
 H       -0.27379194     3.37348809    -0.05226615
 C       -2.89122771     1.04605874     0.17021354
 H       -2.65921985     3.17849266    -0.00763253
 H       -2.04412338     2.28184398    -1.38256848
 H       -2.91693963     1.01284940     1.26903075
 C       -4.32942307     1.04175174    -0.36705172
 H       -2.37551500     0.13433140    -0.15238290
 H       -4.81484800     1.98306753    -0.07639102
 H       -4.30539557     1.04237096    -1.46621564
 C       -5.19465725    -0.13084608     0.12028319
 H       -5.21209943    -0.13694802     1.21958643
 H       -6.23235846     0.04129880    -0.19596155
 C       -4.75274688    -1.51077362    -0.38512224
 H       -3.73532195    -1.72837970    -0.03828355
 C       -5.68893402    -2.63656671     0.06589300
 H       -4.70293338    -1.49262297    -1.48244897
 H       -5.73498711    -2.69820391     1.15915282
 H       -6.70979094    -2.47182252    -0.29715970
 H       -5.35543401    -3.61003384    -0.30784405
