          27
 (1a,3a,5a)-1,3,5-Trimethylcyclohexane
 C       -1.22059449    -0.83402506     0.32642690
 C       -2.42137696    -1.65391819    -0.15766424
 C       -1.31258669     0.63057299    -0.13199018
 C        0.11003448    -1.45172537    -0.13346185
 C       -0.11174285     1.47407408     0.32644417
 C        1.33235902    -0.64039953     0.32621084
 C       -0.22188884     2.92370708    -0.15827327
 C        1.20253425     0.82134212    -0.13214125
 C        2.64322898    -1.26978180    -0.15754893
 H       -1.22755062    -0.83964662     1.42738698
 H       -3.36536845    -1.22677648     0.19822263
 H       -2.36660337    -2.68894905     0.19719698
 H       -2.46166446    -1.68060341    -1.25333110
 H       -1.37003365     0.65817835    -1.23128923
 H       -2.24510202     1.07868440     0.23523985
 H        0.18848556    -2.48399033     0.23195566
 H        0.11459821    -1.51308369    -1.23286116
 H       -0.11229967     1.48372194     1.42740826
 H        1.34014950    -0.64496463     1.42717691
 H       -0.22593831     2.97148503    -1.25396252
 H        0.62031033     3.52786475     0.19660397
 H       -1.14531511     3.39386407     0.19734617
 H        1.25545577     0.85742533    -1.23145263
 H        2.05677878     1.40485727     0.23535034
 H        3.51161134    -0.70446646     0.19818955
 H        2.68733028    -1.29081748    -1.25318922
 H        2.74554995    -2.30095318     0.19805134
