          34
    1,1'-bi(cyclohexane)
 C        2.75997778    -1.17688244     0.80553002
 C        1.30141530    -0.68094953     0.93997094
 C        0.78048553    -0.13554063    -0.40149406
 H        0.66830998    -1.49449879     1.30976455
 H        1.24997804     0.11155651     1.69659456
 C        1.59067224     1.12730976    -0.79778295
 C        3.04043049     1.10879570    -0.26166332
 H        1.60034520     1.20817722    -1.89172048
 H        1.08379660     2.02817761    -0.43232231
 C        3.58222708    -0.32409504    -0.19141873
 H        3.68116482     1.73693193    -0.89014221
 H        3.07338718     1.55094153     0.74240026
 H        3.53424018    -0.76975309    -1.19316348
 H        4.64037352    -0.32635190     0.09130650
 H        3.23659135    -1.16149517     1.79256735
 H        2.76559006    -2.22366531     0.47988257
 C       -0.74631603     0.11335087    -0.46421393
 H        0.99133540    -0.90719446    -1.15663451
 C       -1.54930866    -1.19605999    -0.59220072
 C       -1.29988843     0.95154422     0.70480078
 H       -0.92820044     0.68685369    -1.38788923
 C       -3.05594856    -0.93642735    -0.74436895
 H       -1.18048495    -1.77371756    -1.44899115
 H       -1.38120707    -1.81971866     0.29701306
 C       -2.80312308     1.22710594     0.54562556
 H       -1.13642192     0.41219951     1.64758092
 H       -0.75580394     1.89913335     0.79263613
 C       -3.59891090    -0.07813209     0.40665934
 H       -3.17167488     1.80860511     1.39891541
 H       -2.96546421     1.84721354    -0.34730627
 H       -3.52716214    -0.64525962     1.34554872
 H       -4.66282333     0.13701384     0.25304563
 H       -3.23725940    -0.41815242    -1.69662891
 H       -3.59900350    -1.88722796    -0.80049817
