          27
     Cyclononane
 C        0.00193982     2.13167290    -0.00020106
 C       -1.07622421     1.31268216     0.72726677
 C        1.07903439     1.31107471    -0.72737676
 C       -1.97727895     0.46023404    -0.20342767
 C       -1.89850119    -1.06809207    -0.03593213
 C       -0.60020963    -1.76169359    -0.49739684
 C        0.59696474    -1.76338531     0.49678818
 C        1.89652829    -1.07140620     0.03622328
 C        1.97768198     0.45682726     0.20399520
 H       -0.49068926     2.79321177    -0.72567154
 H        0.49560361     2.79230146     0.72540947
 H       -0.60579098     0.67469629     1.48331470
 H       -1.70326708     2.01232058     1.29192633
 H        0.60820862     0.67408906    -1.48399820
 H        1.70777828     2.00979555    -1.29127572
 H       -3.02205591     0.75223499    -0.04517933
 H       -1.76379093     0.70808702    -1.25187505
 H       -2.72803902    -1.49975712    -0.61069834
 H       -2.09611892    -1.33145959     1.01263990
 H       -0.85447789    -2.80516648    -0.71593984
 H       -0.29041814    -1.33848842    -1.46053848
 H        0.28788057    -1.34104915     1.46059421
 H        0.84969478    -2.80756965     0.71374769
 H        2.72509091    -1.50442672     0.61138229
 H        2.09445870    -1.33480275    -1.01230093
 H        1.76356231     0.70473703     1.25229183
 H        3.02314145     0.74701709     0.04689769
