          36
   Cyclododecane
 C       -2.90529195     0.85670296     0.07418586
 C       -1.77036382     1.56756649    -0.69208193
 C       -2.56648041    -0.43570902     0.84862969
 C       -0.55263450     1.97096183     0.17515672
 C        0.80186693     1.65541489    -0.48617181
 C        1.98410323     1.52352056     0.49647286
 C        3.09515250     0.56311939     0.02111488
 C       -0.83889766    -1.79312459    -0.63604816
 C       -2.21992096    -1.70804857     0.04469818
 C        0.36562402    -1.58785200     0.29349384
 C        2.88810971    -0.94555535     0.29165734
 C        1.72209986    -1.65007379    -0.43837017
 H       -3.71520517     0.63659791    -0.63474623
 H       -3.32856119     1.56683373     0.79792548
 H       -2.19492677     2.45410147    -1.17832351
 H       -1.43310592     0.92409994    -1.51146621
 H       -3.45262871    -0.67614271     1.44999739
 H       -1.77621559    -0.23765252     1.58192512
 H       -0.59620735     1.43361295     1.12901872
 H       -0.60873736     3.03332962     0.44167171
 H        1.03766102     2.41051531    -1.24721324
 H        0.69639696     0.71892329    -1.03859416
 H        2.41824734     2.51412931     0.67884120
 H        1.61669962     1.18094447     1.47314033
 H        4.03342162     0.84705092     0.51399857
 H        3.26673172     0.71417655    -1.05412790
 H       -0.75711896    -2.77929434    -1.11357217
 H       -0.77902249    -1.06859333    -1.45646395
 H       -2.30620340    -2.55878876     0.73451173
 H       -2.99401157    -1.86615868    -0.71865723
 H        0.35134323    -2.34356621     1.09091701
 H        0.27115593    -0.62683501     0.80358109
 H        2.78196517    -1.10318718     1.37434449
 H        3.82299243    -1.44614832     0.01052224
 H        1.98361547    -2.70410584    -0.59476216
 H        1.62162439    -1.22533845    -1.44599300
