          39
  Cyclotridecane
 C        1.72417319     2.44822354     0.07193379
 C        0.24585857     2.58092721    -0.34096125
 C        2.39217480     1.12393570    -0.37601684
 H        1.82097303     2.56485702     1.16000597
 H        2.26921704     3.29178037    -0.36759304
 C       -0.73158356     1.62386553     0.36081838
 H        0.18179478     2.42095709    -1.42681894
 H       -0.08658374     3.61389718    -0.17243229
 C       -2.10813666     1.58480797    -0.32140623
 H       -0.30391317     0.62009323     0.38785082
 H       -0.85159554     1.92732301     1.41010742
 C       -3.16320314     0.65230322     0.31187565
 H       -1.98014156     1.31672289    -1.37972538
 H       -2.50954779     2.60720599    -0.32499116
 C       -3.17327009    -0.83395059    -0.11117438
 H       -4.15265184     1.05533999     0.06179565
 H       -3.08945422     0.71097638     1.40712815
 C       -2.01803977    -1.71880054     0.40640713
 H       -3.22326863    -0.89811175    -1.20722726
 H       -4.11876685    -1.25542082     0.25157759
 C       -0.79926168    -1.81324566    -0.52715842
 H       -2.39407105    -2.73261985     0.59288796
 H       -1.69550898    -1.34150874     1.38638100
 C        0.47148595    -2.31450883     0.17958360
 H       -0.59359993    -0.82951737    -0.96231943
 H       -1.03801996    -2.46203395    -1.38053989
 C        1.78087419    -2.05241568    -0.60556344
 H        0.37116194    -3.38235599     0.40880550
 H        0.53173824    -1.81634913     1.15476524
 C        2.87602291    -1.35183924     0.22504882
 H        1.55777301    -1.44611258    -1.49184166
 H        2.18607934    -2.99433998    -0.99227085
 C        2.51305634     0.05852273     0.72740124
 H        3.79572482    -1.29451414    -0.37268295
 H        3.11612659    -1.98195311     1.09180413
 H        3.27710407     0.38554637     1.44463031
 H        1.58039580     0.01441849     1.30130237
 H        3.39791549     1.33035725    -0.76253623
 H        1.83025306     0.72032284    -1.22744609
