          48
 Cyclohexadecane
 C        1.06518551    -2.54785494     0.80226105
 C        1.99506442    -1.70509353    -0.08162881
 C        0.19620703    -3.56701435     0.04314346
 C       -1.23961311     2.35426476     0.40579955
 C       -2.69652418     2.15967152    -0.04167982
 C       -3.45517443     1.09182161     0.77786347
 C        3.00205403    -0.87314895     0.73236172
 C        3.77730932     0.19028497    -0.08238089
 C       -0.37518681     3.16875935    -0.56783288
 C        1.12667066     3.13224948    -0.22886509
 C        3.20267650     1.61561455     0.02558250
 C        1.75502164     1.75042080    -0.45793822
 C       -2.02678003    -0.96450975     0.00720987
 C       -2.10830408    -2.40984256    -0.50964914
 C       -3.41585777    -0.33361711     0.19359707
 C       -0.79480296    -3.03963776    -1.01515563
 H        1.67742633    -3.10466714     1.52524172
 H        0.43764522    -1.87799330     1.40316206
 H        1.39962139    -1.04482573    -0.72134886
 H        2.54893325    -2.36361292    -0.76576377
 H        0.87529981    -4.26934519    -0.45944109
 H       -0.36295542    -4.16705277     0.77403271
 H       -0.78664751     1.37074850     0.55635779
 H       -1.22867050     2.83737599     1.39282506
 H       -3.22140914     3.12075500     0.02530012
 H       -2.72018834     1.88219699    -1.10487366
 H       -3.06524800     1.08027994     1.80511766
 H       -4.50966543     1.38077891     0.86302685
 H        2.47834824    -0.37870823     1.56256956
 H        3.71053332    -1.56448936     1.20518819
 H        3.81531730    -0.11357014    -1.13746176
 H        4.81923178     0.22095384     0.25727653
 H       -0.51821884     2.78382392    -1.58768645
 H       -0.72579063     4.20870464    -0.58537028
 H        1.26953549     3.42845187     0.82008236
 H        1.65821346     3.88008985    -0.83133731
 H        3.25656342     1.93386208     1.07655782
 H        3.84533870     2.30857959    -0.53374790
 H        1.14821919     1.00008206     0.05735982
 H        1.69994726     1.50139135    -1.52741037
 H       -1.44564986    -0.37018956    -0.70899394
 H       -1.47902043    -0.92784194     0.95680745
 H       -2.82367337    -2.42381610    -1.34346027
 H       -2.54615896    -3.05351869     0.26637600
 H       -4.01612050    -0.98863002     0.83994109
 H       -3.92641948    -0.32619532    -0.78013855
 H       -0.28985316    -2.33404241    -1.68795310
 H       -1.06909280    -3.89590750    -1.64424321
