          51
             Cycloheptadecane
 C       -3.38653416     0.29768025    -0.34006593
 C       -3.39495868     1.80662429    -0.00822148
 C       -2.85382481    -0.60560062     0.78200055
 C       -2.17339177     2.61889092    -0.47364133
 C       -0.83005472     2.32624465     0.21347352
 C        0.23676065     3.36001692    -0.18499564
 C       -2.96493918    -2.11285835     0.49067540
 C       -2.17304185    -2.62248731    -0.72948859
 C        1.60662479     3.27487363     0.52164540
 C        2.66063881     2.34126935    -0.10503669
 C       -0.66495073    -2.32409553    -0.70146885
 C        2.52586141     0.84525411     0.21011376
 C        3.65434396     0.01662510    -0.42268259
 C        3.72110234    -1.46986107    -0.02752587
 C        2.47074542    -2.30456159    -0.37954909
 C        1.44951544    -2.40234818     0.76444063
 C        0.11812093    -3.07184437     0.39311687
 H       -4.41236839    -0.02180592    -0.56688848
 H       -2.81559762     0.13567423    -1.26347825
 H       -4.27666506     2.25997088    -0.47742938
 H       -3.53264242     1.94194556     1.07364160
 H       -1.81566682    -0.34306866     1.01650218
 H       -3.42397555    -0.39240889     1.69604385
 H       -2.05483796     2.49111660    -1.55912152
 H       -2.40377526     3.68292039    -0.32459853
 H       -0.49356456     1.31246852    -0.03222785
 H       -0.96371281     2.35063281     1.30418681
 H        0.39014656     3.32486837    -1.27292419
 H       -0.18564028     4.35314821     0.01855068
 H       -4.02330265    -2.36613741     0.34145319
 H       -2.65345053    -2.66348987     1.38688908
 H       -2.59892838    -2.18793183    -1.64213420
 H       -2.32655952    -3.70655794    -0.81609423
 H        2.03364395     4.28525917     0.52551607
 H        1.46173864     3.01151960     1.57882549
 H        2.66414602     2.48660969    -1.19476045
 H        3.65172829     2.66648770     0.23944221
 H       -0.24244534    -2.56589790    -1.68364842
 H       -0.51565454    -1.24372219    -0.57496914
 H        1.55558642     0.47505747    -0.13853544
 H        2.53446373     0.70876691     1.30072485
 H        3.57219353     0.08738805    -1.51675712
 H        4.61540125     0.48314582    -0.16565492
 H        4.59600214    -1.90199576    -0.52815196
 H        3.92184367    -1.55379068     1.04962156
 H        1.99833170    -1.88022805    -1.27447319
 H        2.77348260    -3.32248043    -0.65725844
 H        1.91164537    -2.95096010     1.59606448
 H        1.23342397    -1.39965808     1.15250546
 H        0.29178090    -4.10854068     0.07322319
 H       -0.49079717    -3.13661229     1.30269428
