          30
       (1E,5E,9E)-cyclododeca-1,5,9-triene
 C        1.46043219    -1.45692940     0.69216216
 C        0.57084132    -1.74584282    -0.25576319
 C        2.60506831    -0.47477550     0.60245175
 C       -0.62336001    -2.64361450    -0.08141947
 C        2.60393546     0.47739390    -0.60300627
 H        3.55570988    -1.02810744     0.60628888
 H        2.62503634     0.11467830     1.52973330
 C        1.45813328     1.45824093    -0.69201645
 H        2.62375691    -0.11210081    -1.53027978
 H        3.55389978     1.03188118    -0.60775192
 C        0.56893082     1.74697375     0.25634907
 C       -0.62632355     2.64330178     0.08185052
 C       -1.95316918     1.91042430     0.43317680
 H       -0.66677143     3.00460559    -0.95299897
 H       -0.54855734     3.53239459     0.72324054
 C       -2.06743789     0.59829673    -0.29036940
 H       -2.79152179     2.57616489     0.18763612
 H       -1.99346529     1.73458449     1.51504711
 C       -2.06774637    -0.60076411     0.29009186
 C       -1.95105261    -1.91268683    -0.43340630
 H       -1.99106583    -1.73694828    -1.51532148
 H       -2.78852010    -2.57971890    -0.18836384
 H       -0.54424311    -3.53280915    -0.72252993
 H       -0.66363115    -3.00476081     0.95350934
 H        1.36162060    -1.95113940     1.66008197
 H        0.64144937    -1.25275393    -1.22420036
 H        1.35795532     1.95173134    -1.66017199
 H        0.64042996     1.25471553     1.22512123
 H       -2.05496967     0.65377746    -1.38038738
 H       -2.05816111    -0.65641180     1.38014364
