          25
  1,4-Dimethylbicyclo[2.2.1]heptane
 C        1.14762069    -0.00010554     0.13492868
 C        0.77922316    -1.24904884    -0.70745089
 C       -0.77920406    -1.24892675    -0.70752984
 H        1.20809724    -1.20037055    -1.71379317
 H        1.17277546    -2.15585347    -0.23529554
 C        0.77931144     1.24867596    -0.70782707
 C       -1.14766002     0.00012378     0.13468146
 H       -1.20790427    -1.20046351    -1.71396388
 H       -1.17288163    -2.15551170    -0.23504630
 C       -0.77917635     1.24908712    -0.70756400
 H       -1.20807036     1.20120494    -1.71395270
 H       -1.17213270     2.15573723    -0.23462664
 H        1.17314177     2.15544714    -0.23583898
 H        1.20782819     1.19974720    -1.71432904
 C       -0.00009766     0.00046199     1.17164976
 C       -2.57304054    -0.00022243     0.66708376
 H       -0.00018367     0.89121738     1.81094571
 H       -0.00067873    -0.88924437     1.81240758
 C        2.57303392    -0.00008365     0.66721717
 H        3.30252366     0.00005514    -0.15152170
 H        2.76896901     0.88554190     1.28247833
 H        2.76888619    -0.88587073     1.28223715
 H       -2.76982340     0.88607879     1.28111772
 H       -3.30253202    -0.00197088    -0.15162400
 H       -2.76814089    -0.88528773     1.28342725
