          25
 trans-2,3-dimethylbicyclo[2.2.1]heptane
 C       -0.29729698     1.28870995     0.22902750
 C        0.97035846     0.42020866     0.45500077
 C        0.66479887    -0.86536049    -0.39289917
 H        1.04326152     0.15255993     1.51698754
 C        2.27588117     1.11197851     0.05319280
 C       -1.45369523     0.68358771     1.05683838
 C       -0.78289509    -0.61491169    -0.89200190
 C        0.92427667    -2.18489552     0.33474184
 H        1.31317867    -0.84725124    -1.27963680
 C       -1.78263118    -0.63743817     0.28769957
 H       -1.68395280    -1.52836659     0.91284871
 H       -2.81053656    -0.62754872    -0.08818245
 H       -2.31733293     1.35622675     1.07071736
 H       -1.16437519     0.50668453     2.09757590
 C       -0.71757946     0.89490188    -1.20459803
 H       -1.06954287    -1.26822401    -1.72073205
 H       -1.68139889     1.32160962    -1.50193092
 H        0.02549340     1.14607523    -1.96796774
 H       -0.13516493     2.35432144     0.41205608
 H        2.23992367     1.46540327    -0.98360712
 H        3.12679965     0.42598201     0.13621903
 H        2.48289114     1.97721233     0.69277760
 H        0.34985292    -2.26249528     1.26373568
 H        1.98328368    -2.27876290     0.60011681
 H        0.66448029    -3.04577365    -0.29180442
