          23
    2-Methylidenebicyclo[2.2.2]octane
 C       -0.48205509     1.06021333     1.25578934
 C       -1.33721688    -0.24188946     1.25922042
 C        0.41889624     1.09048265    -0.00106982
 H        0.13968142     1.12042440     2.15434587
 H       -1.12503562     1.94771436     1.25610558
 C       -1.02139229    -1.07354130     0.00101697
 H       -2.40624133    -0.00375942     1.28497160
 H       -1.12930309    -0.83731023     2.15512445
 C        1.29660384    -0.14075908    -0.00148164
 C        0.47790658    -1.42730438    -0.00269716
 H        0.72490456    -2.03952655     0.87398914
 H        0.72079879    -2.03516913    -0.88358777
 C       -0.48498382     1.05976733    -1.25572314
 H        1.03465116     1.99533653    -0.00208084
 C       -1.34284557    -0.24056720    -1.25488350
 H        0.13477542     1.11696068    -2.15585124
 H       -1.12620413     1.94851919    -1.25622425
 H       -1.61915202    -1.99144934     0.00185195
 H       -1.14144504    -0.83574156    -2.15244066
 H       -2.41154989    -0.00033351    -1.27430460
 C        2.62689407    -0.10414485    -0.00035267
 H        3.17029390     0.83617248     0.00040141
 H        3.22629394    -1.01057656    -0.00014324
