          23
    2-Methylbicyclo[2.2.2]oct-2-ene
 C        1.37293305    -0.28459169    -1.25239949
 C        0.54371283     1.02966679    -1.25945810
 C        0.99673999    -1.11340126     0.00542967
 C       -0.36970793     1.06547062    -0.00517492
 C       -1.22243482    -0.18844348     0.00088465
 C        0.54316335     1.04157637     1.24980541
 C       -0.50003767    -1.31470823     0.00664640
 C       -2.71861731    -0.09816479     0.00037533
 C        1.37372343    -0.27185658     1.25456903
 H        1.17531129    -0.87344155    -2.15288849
 H        2.44777670    -0.06960803    -1.24084872
 H        1.20013121     1.90743892    -1.25354830
 H       -0.06913353     1.09869239    -2.16345065
 H        1.53778133    -2.06383109     0.01010427
 H       -0.98436917     1.97131826    -0.00972827
 H        1.19881250     1.91986275     1.23688688
 H       -0.07039157     1.11781094     2.15273748
 H       -0.94077886    -2.30774709     0.01168276
 H       -3.18190768    -1.08940541     0.00471768
 H       -3.08588967     0.45259915     0.87660442
 H       -3.08573780     0.44486083    -0.88072814
 H        1.17821807    -0.85196776     2.16116822
 H        2.44829388    -0.05569025     1.23921821
