          38
 trans-anti-trans-Tetradecahydroanthracene
 C       -2.53927299     1.46959997    -0.11048469
 C       -3.80403062     0.65528922    -0.41025612
 C       -1.24670980     0.67546062    -0.36473114
 H       -2.55766500     1.77961430     0.94482730
 H       -2.52724684     2.39467786    -0.70076361
 C       -3.80909032    -0.65412520     0.39021557
 H       -3.84700068     0.42385646    -1.48385826
 H       -4.69782040     1.24818987    -0.18346516
 C       -2.54085809    -1.46853935     0.10588888
 H       -4.70012102    -1.24686349     0.15238328
 H       -3.86517117    -0.42280656     1.46322275
 C       -1.25130271    -0.67468611     0.37586641
 H       -2.54626398    -1.77819830    -0.94968689
 H       -2.53627700    -2.39380607     0.69597338
 C       -0.00030526     1.50933655     0.01421506
 H       -1.20221511     0.45148820    -1.44205106
 C        0.00014559    -1.50945044     0.01329070
 H       -1.21986045    -0.44955981     1.45339566
 C        1.25130531     0.67458040     0.37661988
 H       -0.24680332     2.16269092     0.86128211
 H        0.24156109     2.18141511    -0.81944573
 C        1.24684406    -0.67543276    -0.36418116
 H       -0.24159178    -2.18028485    -0.82142588
 H        0.24594614    -2.16393285     0.85969978
 C        2.54072364     1.46850414     0.10577572
 H        1.22051694     0.44970512     1.45422203
 C        2.53930916    -1.46957747    -0.10973071
 H        1.20257814    -0.45071885    -1.44133668
 C        3.80926000     0.65435363     0.38952116
 H        2.53639383     2.39395308     0.69557438
 H        2.54517431     1.77765169    -0.94990938
 C        3.80398230    -0.65540865    -0.41039411
 H        2.52712089    -2.39503673    -0.69940584
 H        2.55819903    -1.77888804     0.94579448
 H        3.86618956     0.42348546     1.46259891
 H        4.70002367     1.24716743     0.15087632
 H        3.84644382    -0.42451084    -1.48410467
 H        4.69788613    -1.24815256    -0.18363197
