          34
    Diadamantane
 C       -1.80972803     1.29981337     0.64262119
 C       -1.80966562    -0.09346053    -1.44691159
 C       -0.27096464    -0.09323328    -1.44776712
 C        0.27073798     1.20727613    -0.80464767
 C        1.80972805    -1.29981348    -0.64262106
 C        1.80966572     0.09346048     1.44691152
 C        0.27096465     0.09323333     1.44776718
 C       -0.27073803    -1.20727608     0.80464770
 C        0.27104985    -1.30045430    -0.64314133
 C        2.32916675     0.00010589    -0.00012245
 C        1.80950889     1.20658875    -0.80430040
 C       -2.32916674    -0.00010586     0.00012233
 C       -1.80950897    -1.20658872     0.80430027
 C       -0.27104987     1.30045435     0.64314140
 H       -2.18550870     1.39004300     1.67025126
 H       -2.18510351     2.17080764     0.08954534
 H       -2.18521125     0.75166919    -2.03856964
 H       -2.18476370    -1.00797809    -1.92473399
 H        0.09410950    -0.15960984    -2.48171289
 H       -0.09460320     2.06926315    -1.37926084
 H        2.18550886    -1.39004348    -1.67025112
 H        2.18510324    -2.17080752    -0.08954469
 H        2.18476393     1.00797796     1.92473407
 H        2.18521128    -0.75166944     2.03856937
 H       -0.09410938     0.15960987     2.48171300
 H        0.09460305    -2.06926312     1.37926093
 H       -0.09415982    -2.22917334    -1.10228397
 H        3.42560288     0.00012784     0.00000406
 H        2.18516689     2.14131375    -0.36777557
 H        2.18508084     1.16364922    -1.83504823
 H       -3.42560285    -0.00012780    -0.00000420
 H       -2.18508098    -1.16364920     1.83504806
 H       -2.18516686    -2.14131373     0.36777533
 H        0.09415976     2.22917336     1.10228409
