          28
 cis-3,7,7-Trimethylbicyclo[4.1.0]heptane
 C        0.74114154    -1.14381859    -0.03556446
 C        1.96020921    -0.26731075    -0.40296648
 C        1.71829305     1.23804230    -0.06628810
 H        2.08074346    -0.35013505    -1.49122812
 C        3.24537067    -0.79279125     0.24631260
 C        0.28191289     1.55879859     0.41107589
 H        1.94257027     1.84339329    -0.95200528
 H        2.42603591     1.56297950     0.70605761
 C       -0.51508082    -0.60151286    -0.69819098
 H        0.63622049    -1.18132444     1.05486992
 H        0.92629589    -2.17622791    -0.35363765
 C       -0.75880716     0.88105925    -0.46619289
 H        0.13160582     2.64374974     0.41715529
 H        0.17242302     1.24037702     1.45251147
 C       -1.75490718    -0.14459614     0.04674959
 H       -0.68633969    -0.97680811    -1.70498032
 H       -1.08776492     1.46824575    -1.32070764
 C       -1.94709668    -0.41043398     1.52797847
 C       -3.05775820    -0.23788099    -0.73217659
 H       -1.02208879    -0.36493982     2.10566155
 H       -2.37943331    -1.40617880     1.68411641
 H       -2.64063577     0.31948691     1.96292282
 H       -2.90269191    -0.04168280    -1.79787721
 H       -3.79156926     0.48903131    -0.36279699
 H       -3.50381814    -1.23562996    -0.63824571
 H        3.17557676    -0.75118807     1.34036163
 H        4.11483007    -0.19661989    -0.05157600
 H        3.44062697    -1.83377866    -0.03522677
