          28
           Spiro[4.5]undecane
 C       -0.26876404    -0.00201002    -0.26348581
 C       -1.50956319     0.10506515    -1.20369656
 C       -0.88944811    -0.23506328     1.15893336
 C       -2.71063060     0.40223382    -0.29330854
 H       -1.36700376     0.85499524    -1.98848840
 H       -1.67063209    -0.85625665    -1.70820492
 C       -2.40255289    -0.44436352     0.94851488
 H       -2.73468202     1.46612525    -0.02466520
 H       -3.67175315     0.16305325    -0.75873796
 H       -2.99485329    -0.17014850     1.82692341
 H       -2.61366190    -1.49955517     0.73319066
 H       -0.42839848    -1.07710712     1.68353304
 H       -0.72693124     0.64805907     1.78764002
 C        0.55482716     1.30599913    -0.30964953
 C        0.63991207    -1.17389437    -0.69776045
 C        1.85180441     1.23338099     0.50902511
 H        0.81609017     1.51732291    -1.35638431
 H       -0.06509372     2.14557347     0.02966566
 C        1.95829140    -1.25721152     0.08729939
 H        0.08671431    -2.11762984    -0.60534765
 H        0.87019822    -1.05751880    -1.76680361
 C        2.73131964     0.06783687     0.03645289
 H        2.39696571     2.18107846     0.42849536
 H        1.61493176     1.10280438     1.57367345
 H        3.05685283     0.25859407    -0.99610241
 H        3.64147828     0.00179882     0.64377144
 H        1.74984277    -1.51057974     1.13545373
 H        2.57340830    -2.07410398    -0.30808946
