          25
     cis-Octahydro-1H-indene
 C        0.27560605     0.79881380     0.37126426
 C        0.26558377    -0.77450694     0.40261713
 C        1.63638500     1.18848941    -0.24602545
 C       -0.95055481     1.38221270    -0.34184092
 C        1.66360332    -1.20961317    -0.10267889
 C       -0.90107375    -1.35987035    -0.40100767
 C        2.56427037     0.01787525     0.11249391
 C       -2.24731426     0.75565395     0.19460324
 C       -2.25680487    -0.79538818     0.06007745
 H        0.25426205     1.15758357     1.40870726
 H        0.14857652    -1.09890081     1.44442007
 H        2.00002649     2.15827119     0.10816387
 H        1.54298735     1.25929655    -1.33827768
 H       -0.87059681     1.20582505    -1.42276450
 H       -0.97820258     2.47099883    -0.21428964
 H        1.61285111    -1.43902724    -1.17541844
 H        2.03202101    -2.11041906     0.39783368
 H       -0.90549482    -2.45362439    -0.32083354
 H       -0.75127216    -1.13762554    -1.46586832
 H        2.86528598     0.08679586     1.16583723
 H        3.47991001    -0.00923389    -0.48631782
 H       -3.11137515     1.18787673    -0.32103706
 H       -2.35468977     1.03556089     1.24982825
 H       -2.52142385    -1.24556255     1.02416533
 H       -3.03464168    -1.11147086    -0.64357041
