          25
   trans-Octahydro-1H-indene
 C        0.96728863    -1.49436004    -0.14719386
 C        2.23925081    -0.72459061     0.25868382
 C        2.23842942     0.72479315    -0.26115593
 H        3.13128470    -1.24939303    -0.10248122
 H        2.31066708    -0.71157341     1.35531006
 C       -0.27212354    -0.71354971     0.28711544
 H        0.97732534    -2.49950767     0.29202955
 H        0.94816130    -1.62926265    -1.23845749
 C        0.96757927     1.49424819     0.14869802
 H        2.30643430     0.71192037    -1.35801698
 H        3.13157963     1.24957620     0.09728296
 C       -0.27222710     0.71398535    -0.28505238
 H        0.97685783     2.50020085    -0.28868851
 H        0.95063757     1.62682953     1.24026160
 C       -1.65742293    -1.24051369    -0.11520208
 H       -0.24690761    -0.62187699     1.38582194
 C       -1.65766732     1.24003580     0.11730565
 H       -0.24707624     0.62241660    -1.38376177
 C       -2.59530889     0.00018805    -0.00293910
 H       -1.99218162    -2.07910816     0.50297817
 H       -1.62527218    -1.60163518    -1.15069729
 H       -1.99132958     2.08188457    -0.49706055
 H       -1.62705928     1.59566873     1.15476576
 H       -3.25467711    -0.07629817     0.86651748
 H       -3.24595880     0.07734255    -0.87889446
