          28
         Bicyclo[5.3.0]decane
 C       -0.77539511    -1.44924212     0.70616235
 C       -1.73249548    -1.21012618    -0.47486319
 C       -2.60316999     0.05481163    -0.35774952
 H       -2.39897619    -2.07429368    -0.57960064
 H       -1.15554213    -1.17626918    -1.40606708
 C       -1.88260564     1.30764202     0.17716375
 H       -3.46094220    -0.15530105     0.29377061
 H       -3.02535776     0.27423015    -1.34660643
 C       -0.43942331     1.49246746    -0.32303302
 H       -1.86765449     1.28555469     1.27443509
 H       -2.48130570     2.18640742    -0.08960069
 C        0.58875545    -0.73809458     0.63492510
 H       -0.57035726    -2.52471991     0.78346883
 H       -1.27958394    -1.17900514     1.64398694
 C        0.63162539     0.81686550     0.55803090
 H       -0.20219548     2.56353180    -0.34543003
 H       -0.35037683     1.15195314    -1.36365778
 C        1.51775442    -1.18386669    -0.50902584
 H        1.11462365    -1.00480047     1.56411995
 C        2.06904574     1.13142932     0.03142628
 H        0.50254106     1.22511184     1.56796175
 C        2.70781841    -0.22262686    -0.37308572
 H        1.03093012    -1.04868140    -1.48296202
 H        1.80299852    -2.23854796    -0.43413033
 H        2.67288593     1.64993776     0.78201922
 H        2.00931569     1.80187660    -0.83267758
 H        3.31017311    -0.14852316    -1.28324862
 H        3.37354163    -0.57964461     0.42132725
