          26
  Tricyclo[4.3.1.0(3,8)]decane
 C       -1.82707005     0.00196017    -0.64971778
 C       -1.42029410     0.16306734     0.82556696
 C       -0.47304492    -0.38520945    -1.27733518
 H       -2.56403795    -0.80296094    -0.75752478
 H       -2.25589175     0.90852954    -1.09075119
 C       -0.46907997     1.37189814     0.96899302
 C        0.38598515     0.89500081    -1.36980078
 C        0.78746986     1.30604402     0.05936688
 H        1.28420841     0.73397198    -1.97781502
 H       -0.18775311     1.68690000    -1.86582178
 C        1.86120975     0.30575476     0.56255655
 C        1.63416208    -1.11882728     0.00434501
 H        2.85350464     0.65685853     0.25721512
 H        1.86950067     0.29385889     1.65835474
 C        0.14158541    -1.39096843    -0.23349638
 H        2.17620221    -1.23955645    -0.94141911
 H        2.04974204    -1.86686590     0.68914356
 H       -0.15317057     1.47831914     2.01476992
 H       -1.03256997     2.28178075     0.72215819
 H        1.23388922     2.30705121     0.04958709
 C       -0.69777294    -1.17533533     1.06400544
 H       -2.27831958     0.29417461     1.49361174
 H       -0.08037078    -1.17831598     1.96815009
 H       -1.43745191    -1.97500349     1.18039301
 H        0.01881879    -2.41716368    -0.59370473
 H       -0.58126840    -0.84467638    -2.26439537
