          44
     Tricyclo[8.2.2.2(4,7)]hexadecane
 C       -2.44527490     1.19475117     1.13834538
 C       -2.29707354    -0.33991666     1.22076425
 C       -1.38166638     1.83475222     0.22085387
 C       -2.26513763    -1.04695892    -0.16875931
 C       -2.32350443    -0.02570151    -1.35162281
 C       -1.25691561    -2.25367906    -0.32337492
 C       -1.61469483     1.35239808    -1.23243385
 C        0.02320176     1.47356033     0.73685090
 C        2.92407716     0.27831845     0.93226041
 C        1.99351039    -0.90853456     1.26208479
 C        1.39131555    -1.68049947     0.04547784
 C        2.46138475     1.15564611    -0.25154858
 C        1.22290613    -0.85634355    -1.25276217
 C        2.28528940     0.22819429    -1.46879981
 C        1.24816286     2.09252018     0.01945147
 C        0.07439562    -2.42592281     0.46710778
 H       -2.37274335     1.61532056     2.14879953
 H       -3.44555248     1.45482124     0.76788517
 H       -3.12009124    -0.74370603     1.82068031
 H       -1.39181763    -0.57199591     1.78779104
 H       -1.50187762     2.92533490     0.25139301
 H       -3.23014064    -1.55681275    -0.25902754
 H       -3.38761698     0.18591985    -1.50385926
 H       -2.00024974    -0.52575177    -2.27169607
 H       -1.83440959    -3.14198619    -0.03928065
 H       -1.06050699    -2.38400215    -1.39424179
 H       -2.24176072     2.08371099    -1.75482940
 H       -0.66757718     1.35121824    -1.77863025
 H        0.09080616     0.39622121     0.68349623
 H        0.07404412     1.71424809     1.80691067
 H        3.91885314    -0.10797168     0.67264199
 H        3.06312121     0.88529045     1.83563987
 H        1.18872573    -0.55754821     1.91099035
 H        2.54883976    -1.62957564     1.87498973
 H        2.12808950    -2.45586545    -0.19818190
 H        3.29685844     1.82803810    -0.48894666
 H        1.23159369    -1.54628245    -2.10574454
 H        0.24220695    -0.38834712    -1.27508098
 H        2.02959224     0.81444190    -2.36058580
 H        3.25568753    -0.24289427    -1.67947965
 H        0.94594299     2.52063044    -0.94508761
 H        1.60486373     2.94383652     0.61205554
 H       -0.11875494    -2.22814489     1.52816312
 H        0.27788549    -3.50239249     0.42592372
