          30
     1,4,5,8-Tetramethylnaphthalene
 C       -1.42435805    -1.26026141     0.10563498
 C       -0.69528743    -2.42623342     0.07443191
 C       -0.73014181     0.00005328     0.00002576
 C        0.69516142    -2.42626813    -0.07434246
 C        1.42422775    -1.26030871    -0.10563953
 C        0.73008972     0.00001978     0.00001946
 C       -1.42420900     1.26040016    -0.10558100
 C        1.42428280     1.26033357     0.10572658
 C       -0.69517017     2.42636687    -0.07409327
 C        0.69528167     2.42633331     0.07475180
 C        2.91641736     1.42455998     0.32464094
 H       -1.21392015    -3.37676937     0.15806383
 H        1.21379259    -3.37681721    -0.15802170
 C        2.91627052    -1.42489238    -0.32501540
 C       -2.91641136    -1.42475368     0.32509280
 C       -2.91616774     1.42478735    -0.32546704
 H       -1.21376393     3.37693623    -0.15765114
 H        1.21388776     3.37687647     0.15856523
 H       -3.27023063     0.86142549    -1.19317337
 H       -3.13221905     2.47884196    -0.51720128
 H       -3.52402435     1.12325030     0.53056371
 H        3.27125584     0.86014795     1.19131804
 H        3.13250182     2.47843410     0.51729487
 H        3.52351306     1.12408497    -0.53236380
 H       -3.13233739    -2.47894181     0.51628683
 H       -3.52427902    -1.12303079    -0.53092558
 H       -3.27076861    -0.86184339     1.19299364
 H        3.13190936    -2.47895363    -0.51712570
 H        3.52394191    -1.12403524     0.53144750
 H        3.27091154    -0.86123215    -1.19228021
