          44
      9,10-Diphenylanthracene
 C       -0.72276721    -1.22053909    -0.01220974
 C       -1.42668712     0.00033129    -0.00004369
 C       -0.72222759     1.22089450     0.01215096
 C       -2.92293128     0.00054207    -0.00003887
 C        0.72223059    -1.22090044    -0.01217086
 C       -1.40011148    -2.48115016    -0.03162077
 C        0.72276991     1.22053477     0.01222476
 C       -1.39899455     2.48181393     0.03141990
 C       -3.63844503     0.09832084    -1.19999640
 C       -3.63830894    -0.09735912     1.19999596
 C        1.42669188    -0.00033612     0.00004005
 C        1.39899015    -2.48182267    -0.03152663
 C       -0.71111631    -3.66105581    -0.04753194
 C        1.40010734     2.48114822     0.03172723
 C       -0.70944838     3.66140052     0.04739930
 C       -5.03192614     0.09797179    -1.20046175
 C       -5.03178991    -0.09748851     1.20058665
 C        2.92293339    -0.00054332     0.00003625
 C        0.70943881    -3.66140710    -0.04746693
 C        0.71110706     3.66105103     0.04760343
 C       -5.73265428     0.00010982     0.00009090
 C        3.63844622    -0.09930998     1.19991384
 C        3.63831502     0.09835419    -1.19991535
 C        5.03192639    -0.09895114     1.20038272
 C        5.03179547     0.09848697    -1.20050345
 C        5.73265768    -0.00009832    -0.00008698
 H       -2.48340926    -2.48496512    -0.03504373
 H       -2.48229285     2.48614125     0.03458032
 H       -3.09432399     0.17414918    -2.13630166
 H       -3.09406707    -0.17320955     2.13622994
 H        2.48228770    -2.48615675    -0.03478944
 H       -1.24842891    -4.60412373    -0.06259814
 H        2.48340426     2.48496991     0.03525195
 H       -1.24631421     4.60472466     0.06231415
 H       -5.56964985     0.17375308    -2.14048968
 H       -5.56941132    -0.17352203     2.14065205
 H        1.24630156    -4.60473191    -0.06245142
 H        1.24841616     4.60411982     0.06274197
 H       -6.81798419    -0.00012793     0.00012792
 H        3.09432404    -0.17590927     2.13615559
 H        3.09407368     0.17497482    -2.13608671
 H        5.56964822    -0.17549875     2.14034969
 H        5.56941856     0.17529177    -2.14050519
 H        6.81798756     0.00014274    -0.00012100
