          30
     2,7-Dimethylphenanthrene
 C       -3.57841702     0.25768734    -0.00034153
 C       -5.08676684     0.23778432    -0.00065884
 C       -2.83432096    -0.90538068    -0.00037158
 C       -2.88102299     1.48564831     0.00031238
 C       -1.42155795    -0.89342287     0.00005848
 C       -1.50372166     1.52880761     0.00072169
 C       -0.72630686     0.34836575     0.00040132
 C       -0.67889118    -2.11871077     0.00009698
 C        0.72633303     0.34837808     0.00036010
 C        0.67891545    -2.11868858     0.00036788
 C        1.42156154    -0.89340236     0.00037846
 C        1.50371414     1.52882973    -0.00004173
 C        2.83431485    -0.90533149     0.00005280
 C        2.88102229     1.48572231    -0.00030141
 C        3.57839604     0.25775120    -0.00024582
 C        5.08676234     0.23770409    -0.00049559
 H       -5.47248777    -0.78512297    -0.00330224
 H       -5.49201554     0.74783246     0.88114030
 H       -5.49175169     0.75233437    -0.87994182
 H       -3.33967387    -1.86824014    -0.00073396
 H       -3.44446244     2.41496547     0.00057648
 H       -1.01564608     2.49663413     0.00144032
 H       -1.23113572    -3.05427593    -0.00012666
 H        1.23129917    -3.05417673     0.00035999
 H        1.01551681     2.49658638    -0.00044708
 H        3.33975133    -1.86817101    -0.00019345
 H        3.44442029     2.41505938    -0.00073488
 H        5.49205871     0.74606494     0.88226248
 H        5.47221560    -0.78528345    -0.00498394
 H        5.49174200     0.75386409    -0.87881133
