          30
     4,5-Dimethylphenanthrene
 C       -1.03327044     2.39123551    -1.06437694
 C       -1.54938337     1.15457516    -0.35482829
 C       -0.73330506     0.03537554    -0.01408891
 C       -2.92924282     1.06420620    -0.19016245
 C        0.73327041     0.03537227     0.01405838
 C       -1.40022551    -1.21035770     0.21727080
 C       -3.55523367    -0.11046058     0.23464583
 C        1.40015253    -1.21035847    -0.21725959
 C        1.54943577     1.15451448     0.35484406
 C       -0.65784613    -2.43760879     0.15892006
 C       -2.79671407    -1.25232857     0.38641932
 C        0.65782786    -2.43763148    -0.15854702
 C        2.79660726    -1.25235867    -0.38664964
 C        1.03344382     2.39089191     1.06485296
 C        2.92926740     1.06416776     0.18988696
 C        3.55516803    -0.11049089    -0.23508324
 H       -1.68307527     2.60415755    -1.91932457
 H       -1.04146926     3.28275724    -0.43013194
 H       -0.01994200     2.25583509    -1.44401271
 H       -3.53795647     1.92656344    -0.44907727
 H       -4.63216659    -0.13862302     0.36601209
 H       -1.19948968    -3.36903099     0.29570183
 H       -3.26716176    -2.20749529     0.60048623
 H        1.19962580    -3.36900349    -0.29505386
 H        3.26695663    -2.20755544    -0.60081106
 H        0.01955622     2.25597622     1.44312228
 H        1.68241467     2.60255016     1.92075974
 H        1.04317737     3.28296401     0.43137684
 H        3.53803112     1.92648604     0.44880782
 H        4.63207052    -0.13868051    -0.36669215
