          30
    9,10-Dimethylphenanthrene
 C        0.68640871     1.65427526     0.00042395
 C        1.51477315     2.92103148     0.00098025
 C        1.41766369     0.39822920     0.00030959
 C       -0.68640435     1.65429789    -0.00016481
 C        0.72651869    -0.84526134    -0.00011288
 C        2.83330582     0.37828991     0.00030042
 C       -1.51481391     2.92106298    -0.00161984
 C       -1.41766871     0.39824794     0.00005689
 C       -0.72651724    -0.84524946    -0.00000846
 C        1.48109673    -2.03884415    -0.00051761
 C        3.54438759    -0.80399315    -0.00007577
 C       -2.83331466     0.37824714     0.00038750
 C       -1.48106739    -2.03884070     0.00002140
 C        2.86063009    -2.02707577    -0.00049036
 C       -3.54437097    -0.80405264     0.00050366
 C       -2.86059767    -2.02712197     0.00023667
 H        2.16498773     2.96629454    -0.88031607
 H        2.16834070     2.96311522     0.87991260
 H        0.91376814     3.82720789     0.00382193
 H        3.38043706     1.31201266     0.00051693
 H       -2.16723639     2.96304272    -0.88140521
 H       -0.91404224     3.82741894    -0.00384785
 H       -2.16625172     2.96634687     0.87877244
 H        0.97347588    -2.99544275    -0.00095052
 H        4.62961302    -0.78405572    -0.00007565
 H       -3.38050146     1.31192480     0.00073125
 H       -0.97341720    -2.99541623    -0.00013247
 H        3.41103673    -2.96245001    -0.00079942
 H       -4.62959696    -0.78414724     0.00079595
 H       -3.41096534    -2.96251882     0.00023009
