          36
     3,4,5,6-Tetramethylphenanthrene
 C        1.03524842    -2.07136465    -1.05716435
 C        1.55915916    -0.86827136    -0.30046795
 C        0.73422133     0.25337969     0.01366928
 C        2.94007429    -0.81082215    -0.06171820
 C       -0.73428717     0.25334779    -0.01361947
 C        1.38535448     1.49795998     0.28010230
 C        3.83005251    -1.99614950    -0.35515746
 C        3.52305518     0.37772459     0.40498946
 C       -1.38542898     1.49795361    -0.28009961
 C       -1.55908404    -0.86842520     0.30044780
 C        0.64969538     2.72679261     0.18958149
 C        2.77066088     1.52587102     0.51647165
 C       -0.64967145     2.72676608    -0.19006538
 C       -2.77077312     1.52589946    -0.51616218
 C       -1.03505282    -2.07181148     1.05658411
 C       -2.94006538    -0.81081668     0.06204849
 C       -3.52314700     0.37778721    -0.40436211
 C       -3.83009781    -1.99619818     0.35514949
 H        1.07551722    -2.99958000    -0.47714837
 H        0.00975331    -1.92590823    -1.39405016
 H        1.65435739    -2.23490315    -1.94655501
 H        4.84224226    -1.82159676     0.01868049
 H        3.45583345    -2.91819651     0.10330357
 H        3.90728557    -2.19169955    -1.43250883
 H        4.59094112     0.40351583     0.60207624
 H        1.18629423     3.65696408     0.35240063
 H        3.24154969     2.47389197     0.75999112
 H       -1.18607292     3.65699217    -0.35333553
 H       -3.24174786     2.47389270    -0.75959836
 H       -1.65585529    -2.23763999     1.94432679
 H       -1.07221819    -2.99928969     0.47522548
 H       -0.01044827    -1.92521940     1.39571029
 H       -4.59111413     0.40351192    -0.60108494
 H       -3.90279879    -2.19575567     1.43206309
 H       -4.84366016    -1.81917601    -0.01375301
 H       -3.45883330    -2.91691109    -0.10845029
