          36
     2,4,5,7-Tetramethylphenanthrene
 C        1.00046853    -2.41088535    -1.09765466
 C        1.54011484    -1.17016853    -0.41228380
 C        0.73110072    -0.05414584    -0.04254192
 C        2.92272467    -1.07294702    -0.30644435
 C       -0.73111096    -0.05407494     0.04235396
 C        1.40896505     1.18958712     0.15421760
 C        3.58482831     0.09943828     0.09051813
 C       -1.40896209     1.18967718    -0.15435305
 C       -1.54011063    -1.17014905     0.41209494
 C        2.81175195     1.23184522     0.26343920
 C        0.66507968     2.41646077     0.12682736
 C        5.08495651     0.12504382     0.24414812
 C       -2.81178125     1.23189685    -0.26343909
 C       -0.66503313     2.41652492    -0.12698259
 C       -1.00043902    -2.41078095     1.09764328
 C       -2.92269645    -1.07291894     0.30635227
 C       -3.58484784     0.09948932    -0.09044278
 C       -5.08502346     0.12491867    -0.24362289
 H        1.03092830    -3.29959200    -0.46011790
 H        1.61891209    -2.62788212    -1.97449877
 H       -0.02603656    -2.27648086    -1.44079119
 H        3.52048088    -1.93526541    -0.59485381
 H        3.28630119     2.19136591     0.45309372
 H        1.21212605     3.34835589     0.23688278
 H        5.58243560    -0.37466830    -0.59415837
 H        5.39842086    -0.39522062     1.15762593
 H        5.46282812     1.14955054     0.30185378
 H       -3.28638298     2.19136616    -0.45311736
 H       -1.21192772     3.34850059    -0.23708028
 H       -1.03005597    -3.29948208     0.46008362
 H       -1.61933627    -2.62804462     1.97409109
 H        0.02579695    -2.27597367     1.44142478
 H       -3.52042037    -1.93522126     0.59489200
 H       -5.39863475    -0.39396406    -1.15784145
 H       -5.46334628     1.14935485    -0.29954629
 H       -5.58191576    -0.37635484     0.59408544
