          36
      7,12-Dimethylbenz-a-anthracene
 C       -2.32163364    -0.52033570     0.09261909
 C       -1.87466417     0.83298132    -0.10997684
 C       -3.71476535    -0.74059255     0.31273835
 C       -1.37617907    -1.57422920     0.02857562
 C       -2.85514003     1.87005791    -0.11591802
 C       -0.49212693     1.12816667    -0.27112502
 C       -4.18438869     1.61330722     0.09554082
 C       -4.61970728     0.28763013     0.31844362
 C       -0.01139580    -1.26465371    -0.05393963
 C       -1.81463860    -3.02459994     0.03579646
 C        0.45352028     0.10566250    -0.09072536
 C        0.96321946    -2.32304299    -0.17101257
 C        1.90110031     0.33934323     0.03486160
 C       -0.12043750     2.52435161    -0.73200671
 C        2.28835874    -2.07758241    -0.27212689
 C        2.80643004    -0.74757142    -0.12808448
 C        4.19614191    -0.53237529    -0.05883206
 C        2.46270355     1.57987545     0.40992903
 C        4.71330295     0.71471543     0.23287142
 C        3.83233241     1.76848614     0.50105948
 H       -4.07081958    -1.74442426     0.50495592
 H       -2.53810560     2.89594966    -0.25313145
 H       -4.90103931     2.42840576     0.10508874
 H       -5.67058690     0.08523444     0.49948166
 H       -2.89593769    -3.13427828    -0.01797711
 H       -1.47414081    -3.55042882     0.93550093
 H       -1.40581284    -3.56328984    -0.82518786
 H        0.61567103    -3.34728143    -0.20277989
 H        0.85769578     2.53771651    -1.21157426
 H       -0.10661849     3.26707625     0.07601829
 H       -0.84740061     2.87331391    -1.47025503
 H        2.99359148    -2.89471403    -0.39462948
 H        4.85817008    -1.38017715    -0.21125846
 H        1.81776853     2.40243940     0.68074681
 H        5.78628945     0.86653383     0.29008667
 H        4.21851667     2.73902456     0.79613096
