          30
       Tetracene
 C       -3.70628006    -1.40684974     0.00004888
 C       -4.88142514    -0.71450641     0.00001927
 C       -2.44690311    -0.72496851    -0.00001491
 C       -4.88139449     0.71453380    -0.00006415
 C       -3.70623127     1.40686215    -0.00004618
 C       -2.44687028     0.72498470     0.00001518
 C       -1.23384377    -1.40395728    -0.00003925
 C       -1.23378811     1.40396409     0.00007396
 C       -0.00001645    -0.72526140    -0.00003617
 C        0.00001643     0.72526177     0.00005927
 C        1.23378805    -1.40396400    -0.00005569
 C        2.44687031    -0.72498453    -0.00000792
 C        1.23384377     1.40395736     0.00005676
 C        2.44690304     0.72496866     0.00002142
 H        1.23374485    -2.49112529    -0.00012720
 H        1.23385363     2.49111978     0.00009166
 H       -1.23385351    -2.49111982    -0.00007630
 H       -1.23374499     2.49112527     0.00014394
 H       -3.70303490    -2.49315772     0.00015102
 H       -3.70298900     2.49316131    -0.00006617
 H       -5.82833922    -1.24497226     0.00009778
 H       -5.82831401     1.24499011    -0.00008763
 C        3.70623120    -1.40686230     0.00003289
 C        3.70628013     1.40684964    -0.00006413
 C        4.88139455    -0.71453404     0.00004533
 C        4.88142519     0.71450613    -0.00003926
 H        3.70298875    -2.49316149     0.00005107
 H        5.82831401    -1.24499042     0.00005816
 H        3.70303518     2.49315757    -0.00016973
 H        5.82833932     1.24497195    -0.00012945
