          30
        Chrysene
 C       -0.42826438    -0.56374086     0.00006047
 C        0.42826442     0.56374098    -0.00006122
 C       -1.86749400    -0.38014826    -0.00001553
 C        0.15634590    -1.86816924     0.00027624
 C        1.86749398     0.38014829     0.00001551
 C       -0.15634592     1.86816928    -0.00027799
 C       -2.40134755     0.94185807     0.00005837
 C       -2.78743417    -1.45703365    -0.00024772
 C        1.50528271    -2.04951312     0.00014315
 C        2.40134753    -0.94185804    -0.00005935
 C        2.78743419     1.45703362     0.00024971
 C       -1.50528270     2.04951315    -0.00014531
 C       -3.80188965     1.13670441     0.00018881
 C       -4.14919736    -1.24212590    -0.00013149
 C        3.80188959    -1.13670445    -0.00018934
 C        4.14919741     1.24212582     0.00013421
 C       -4.66682004     0.06666286     0.00015343
 C        4.66682004    -0.06666294    -0.00015213
 H       -0.48475352    -2.74061576     0.00063962
 H        0.48475344     2.74061579    -0.00064234
 H       -2.42712856    -2.47832069    -0.00071127
 H        1.92225944    -3.05259208     0.00027984
 H        2.42712860     2.47832066     0.00071465
 H       -1.92225945     3.05259211    -0.00028317
 H       -4.18256978     2.15417498     0.00026298
 H       -4.82662227    -2.09019649    -0.00029569
 H        4.18256968    -2.15417502    -0.00026445
 H        4.82662233     2.09019642     0.00030021
 H       -5.74010343     0.22707304     0.00026536
 H        5.74010342    -0.22707316    -0.00026361
