          25
           4,6-Dimethylindane
 C       -0.30287486     1.35881284    -0.00904132
 C       -1.61498261     0.87644764     0.01732186
 C        0.73215399     0.42016696    -0.04216811
 C       -1.91270628    -0.49138219     0.00586037
 C       -0.85798513    -1.40839695    -0.04246283
 C        0.45389947    -0.94882671    -0.06270526
 C       -0.01570705     2.84036234    -0.00456726
 H       -2.43464350     1.59093997     0.04923432
 C       -3.34639573    -0.96404771     0.07188242
 H       -1.07016174    -2.47469416    -0.05938573
 C        2.22628258     0.66076338    -0.09128841
 C        1.73623321    -1.75007316    -0.14018408
 C        2.81826350    -0.72327867     0.27682414
 H        1.90375627    -2.10016324    -1.16862757
 H        1.72923125    -2.64121653     0.49590239
 H        2.96415753    -0.77411487     1.36130695
 H        3.78803431    -0.91078143    -0.19176357
 H        2.56199831     1.45337033     0.58622096
 H        2.53556238     0.96701829    -1.10150814
 H       -0.93920767     3.42440621     0.03317935
 H        0.53770660     3.14530510    -0.90093964
 H        0.59876340     3.12820888     0.85705745
 H       -3.46408750    -1.94784292    -0.39229698
 H       -4.02180556    -0.26722661    -0.43398417
 H       -3.69129155    -1.05185129     1.11003224
