          25
           4,7-Dimethylindane
 C       -1.42763567     0.81810111    -0.00069230
 C       -0.69723879     2.00828687     0.05249607
 C       -0.69851272    -0.37454124    -0.04215535
 C        0.69753776     2.00816483     0.05240006
 C        1.42777908     0.81788329    -0.00077648
 C        0.69846375    -0.37468796    -0.04211678
 C       -2.93626368     0.81895951    -0.01217163
 H       -1.22891516     2.95523503     0.09503757
 C        2.93643649     0.81856170    -0.01224992
 C       -1.23075309    -1.79007947    -0.12073807
 C        1.23049374    -1.79031680    -0.12043301
 C       -0.00027142    -2.65512676     0.24780320
 H        1.58081325    -2.01217669    -1.13918025
 H        2.08314341    -1.97064242     0.54307865
 H       -0.00042542    -2.83836973     1.32771831
 H       -0.00032146    -3.62983551    -0.24719923
 H       -2.08363510    -1.97030980     0.54251387
 H       -1.58073087    -2.01172297    -1.13963906
 H       -3.33214421     1.83722074     0.03275034
 H       -3.33319696     0.34536275    -0.91832106
 H       -3.34727884     0.26239787     0.83893052
 H        1.22924081     2.95510795     0.09478404
 H        3.33228982     1.83692222     0.03009491
 H        3.34737887     0.26419441     0.84032863
 H        3.33335967     0.34260947    -0.91715931
