          31
    1,1,4,6-Tetramethylindane
 C       -0.51311188     1.42337681     0.00485574
 C       -1.88632498     1.15909294    -0.00792829
 C        0.39462974     0.36949353     0.02702345
 C       -2.31444744    -0.17348677    -0.01434410
 C       -1.41971669    -1.24750494    -0.00014214
 C       -0.05355932    -0.95304184     0.02749120
 C       -2.89207925     2.28665405     0.01145909
 C       -1.91198187    -2.67399020    -0.01565553
 C        1.91859200     0.43817311     0.00506455
 C        1.11690212    -1.91173482     0.03572461
 C        2.30251052    -1.00610750     0.44482948
 H        1.27001092    -2.35069032    -0.96056320
 H        0.98087457    -2.75462833     0.72215358
 H        2.41042320    -1.02885321     1.53516762
 H        3.25678077    -1.32916309     0.01725689
 C        2.49245777     1.49640488     0.95784215
 C        2.40501596     0.71871034    -1.43395857
 H       -3.38218071    -0.38106661    -0.03002498
 H       -3.00433041    -2.71744734    -0.02972786
 H       -1.56533430    -3.22852290     0.86478915
 H       -1.54305499    -3.21709704    -0.89410206
 H        2.12169037     1.35269029     1.97776479
 H        2.22336425     2.51014680     0.64142251
 H        3.58690223     1.44115466     0.98280247
 H       -3.79520140     2.02788243    -0.54994947
 H       -2.47478199     3.20124801    -0.42035882
 H       -3.20612318     2.52509824     1.03563128
 H       -0.16588664     2.45361004     0.00233831
 H        2.05260399    -0.04860484    -2.13086362
 H        3.50022981     0.73976031    -1.47616810
 H        2.03370672     1.68511248    -1.79076817
