          20
  Acenaphthylene
 C        1.16031756    -0.94439259    -0.00004129
 C        2.38646744    -0.31507284     0.00010115
 C        0.00000352    -0.13410681    -0.00013682
 C        2.42521168     1.10820490     0.00007142
 C        1.28101854     1.88334632    -0.00004099
 C        0.00001748     1.26037741    -0.00010830
 H        3.39429120     1.59776852     0.00013446
 H        3.31852205    -0.87295769     0.00025476
 H        1.35792125     2.96680489    -0.00006909
 C       -1.16033935    -0.94435119    -0.00005885
 C       -1.28095799     1.88336867    -0.00001253
 C       -2.38647909    -0.31501134     0.00007152
 C       -2.42517795     1.10826168     0.00009356
 H       -3.31852549    -0.87290637     0.00017949
 H       -1.35788757     2.96682638     0.00000191
 H       -3.39422709     1.59788682     0.00023154
 C        0.68073123    -2.33569465     0.00000401
 C       -0.68080897    -2.33567173    -0.00001083
 H        1.31750425    -3.21105565     0.00005497
 H       -1.31764751    -3.21098826     0.00002105
