          26
       9,10-Dihydroanthracene
 C       -1.25548662    -0.70101324    -0.26987387
 C       -1.25548511     0.70101072    -0.26987668
 C        0.00000047    -1.42726240    -0.70589023
 C       -2.40422749    -1.38782515     0.12423881
 C        0.00000021     1.42725148    -0.70591188
 C       -2.40422212     1.38782706     0.12424003
 C        1.25547431    -0.70101201    -0.26983704
 C       -3.55081727    -0.69650604     0.50861038
 C        1.25547255     0.70101190    -0.26983784
 C       -3.55081397     0.69651216     0.50861289
 C        2.40422582    -1.38782061     0.12424557
 C        2.40421963     1.38782361     0.12425282
 C        3.55082714    -0.69650694     0.50859090
 C        3.55082299     0.69651260     0.50859714
 H        0.00000590    -1.51126264    -1.80517720
 H        0.00002703    -2.45469558    -0.32799400
 H       -2.39855834    -2.47455569     0.13293443
 H        0.00002124     2.45469705    -0.32805134
 H        0.00000585     1.51120316    -1.80520228
 H       -2.39854865     2.47455746     0.13293673
 H       -4.43706697    -1.24361512     0.81414356
 H       -4.43706051     1.24362400     0.81415018
 H        2.39857083    -2.47455148     0.13291909
 H        2.39856106     2.47455421     0.13293288
 H        4.43708160    -1.24362017     0.81410335
 H        4.43707386     1.24362760     0.81411678
