          32
           2,2-Metacyclophane
 C       -0.53104085    -2.44783174     0.58640901
 C        0.53055971    -2.44786291    -0.58655572
 C        1.41557152    -1.22352726    -0.53326830
 C       -1.41610416    -1.22346455     0.53310805
 C       -0.90009078    -0.00009304     0.97506249
 C       -2.62171062    -1.20970554    -0.17501712
 C       -1.41557096     1.22352729     0.53326748
 C        0.90009215     0.00009319    -0.97506417
 C        1.41610470     1.22346455    -0.53310858
 C        2.62102460    -1.21018558     0.17508141
 C        0.53104131     2.44783157    -0.58641044
 C       -0.53055944     2.44786316     0.58655407
 C        2.62170977     1.20970544     0.17501895
 C       -2.62102536     1.21018549    -0.17507993
 C       -3.24507541     0.00041974    -0.48056671
 C        3.24507403    -0.00041981     0.48056956
 H        0.01361957    -2.49100737     1.53620553
 H       -1.12403480    -3.36534335     0.50403754
 H       -0.01403558    -2.49160816    -1.53639327
 H        1.12359870    -3.36529211    -0.50377538
 H        0.01717396    -0.00057151     1.55505863
 H       -3.05769517    -2.14468896    -0.51683445
 H       -0.01717170     0.00057165    -1.55506176
 H        3.05659436    -2.14535543     0.51696703
 H        1.12403503     3.36534335    -0.50403936
 H       -0.01361892     2.49100656    -1.53620708
 H       -1.12359876     3.36529206     0.50377293
 H        0.01403566     2.49160943     1.53639167
 H        3.05769358     2.14468878     0.51683732
 H       -3.05659588     2.14535527    -0.51696467
 H       -4.19118333     0.00073820    -1.01343650
 H        4.19118094    -0.00073835     1.01344112
