          32
           2,2-Paracyclophane
 C       -0.69610898    -1.57078898     1.19361254
 C       -1.41017951    -1.40878173     0.00087412
 C        0.69614772    -1.57080454     1.19369636
 C       -0.69606638    -1.57451832    -1.19128322
 C       -2.79765306    -0.80717605    -0.00002892
 C        0.69628132    -1.57440256    -1.19117601
 C        1.41029009    -1.40874618     0.00103581
 C        2.79772922    -0.80703744     0.00027092
 C       -0.69628595     1.57081259    -1.19362335
 C       -1.41029047     1.40874894    -0.00088305
 C       -0.69614285     1.57439706     1.19124864
 C       -2.79772919     0.80703540     0.00007870
 C        0.69597077     1.57077926    -1.19368602
 C        1.41017921     1.40877919    -0.00102727
 C        0.69620483     1.57452529     1.19121019
 C        2.79765327     0.80717829    -0.00031972
 H       -1.22649184    -1.55090689     2.14225684
 H        1.22638503    -1.55105420     2.14243254
 H       -1.22615433    -1.55735893    -2.14014201
 H       -3.35605408    -1.14202603    -0.87983538
 H       -3.35750242    -1.14209085     0.87884899
 H        1.22656557    -1.55718187    -2.13993525
 H        3.35727953    -1.14141270     0.87952454
 H        3.35650125    -1.14211999    -0.87922085
 H       -1.22662519     1.55106736    -2.14230278
 H       -1.22632434     1.55716958     2.14006492
 H       -3.35615912     1.14175396     0.87992533
 H       -3.35762348     1.14177279    -0.87881982
 H        1.22625184     1.55088872    -2.14238677
 H        1.22639508     1.55737382     2.14001225
 H        3.35716016     1.14173095    -0.87955186
 H        3.35639571     1.14239157     0.87913252
