          56
           6,6-Paracyclophane
 C        0.26623526     2.95597417     1.18077855
 C        1.06230585     3.22774163     0.06860110
 C       -1.06956091     2.56610979     1.04317714
 C        0.45899062     3.14146459    -1.19406584
 C       -1.65216030     2.42857820    -0.21659122
 C       -0.86287339     2.74776314    -1.33141650
 H        0.69634648     3.03441560     2.17588744
 H       -1.64779636     2.35546044     1.93679467
 H        1.04361145     3.36732268    -2.08232778
 H       -1.29521003     2.66560694    -2.32580106
 C       -0.22040766    -3.15715660     1.02243744
 C        1.16757204    -3.10468404     1.06732122
 C       -0.91438391    -2.99392358    -0.18158789
 C        1.92258236    -2.88081697    -0.08960084
 C       -0.16067766    -2.81571005    -1.34517418
 C        1.23209391    -2.75827940    -1.29887348
 H       -0.77958898    -3.31825791     1.94050391
 H        1.67594987    -3.22917839     2.02018913
 H       -0.66716063    -2.70504129    -2.30058895
 H        1.79130934    -2.60762931    -2.21857574
 C        2.53831697     3.54553212     0.18040689
 C        3.42610621    -2.73051683     0.00801705
 C        3.42159578     2.39327356    -0.35366803
 H        2.79814405     3.75985896     1.22399212
 H        2.76177222     4.45481154    -0.39178961
 C        3.83769901    -1.39148052     0.66525502
 H        3.87838883    -2.80800512    -0.98800065
 H        3.83563369    -3.55590372     0.60340615
 C        3.42681599     1.14157284     0.54284165
 H        4.44816858     2.75467131    -0.49040050
 H        3.05974280     2.12250146    -1.35336997
 C        3.62921742    -0.16467675    -0.23762097
 H        4.88907392    -1.44528681     0.97400477
 H        3.25506928    -1.26974401     1.58711213
 H        2.47142674     1.06829025     1.07724899
 H        4.20069396     1.24661069     1.31517383
 H        2.74529603    -0.31858907    -0.86942571
 H        4.48158294    -0.06871753    -0.92413836
 C       -3.06287227     1.92186240    -0.45833932
 C       -3.81875588     1.28242857     0.72396978
 H       -3.00071048     1.19077205    -1.27274747
 H       -3.67653976     2.73877375    -0.86376880
 C       -4.83741242     0.21234686     0.26288942
 H       -4.32859394     2.06555980     1.29572094
 H       -3.11125403     0.81856955     1.42046243
 C       -4.30448299    -1.23407664     0.33251514
 H       -5.16344347     0.44007019    -0.76062696
 H       -5.74032251     0.26505775     0.88217888
 C       -2.93723895    -1.46773780    -0.32448746
 H       -4.22233147    -1.52073201     1.39064902
 H       -5.04958946    -1.91163190    -0.10532804
 C       -2.42581793    -2.92466747    -0.18532946
 H       -2.79970049    -3.34613885     0.75540828
 H       -2.84476424    -3.54205198    -0.98918811
 H       -2.19878087    -0.80327382     0.13575436
 H       -2.96961246    -1.19473391    -1.38692388
