          50
         1,1'-Bi(adamantane) 
 C        1.37050565    -0.94143107    -1.09689845
 C        0.79485152     0.00000898     0.00009692
 C        2.91326934    -0.94222088    -1.09827240
 C        1.37048173     1.42091711    -0.26624027
 C        1.37078775    -0.48002380     1.36361208
 C        3.43057586     0.48154406    -1.36961464
 C        3.43129192    -1.42653717     0.26757211
 C        2.91324341     1.42236926    -0.26695395
 C        3.43088946     0.94540132     1.10161827
 C        2.91352739    -0.47993384     1.36498710
 H        3.08793840     1.62421443     1.89309537
 H        4.52826219     0.96155285     1.12016291
 H        1.01854488    -1.49239879     1.58945435
 H        1.01729642     0.16599261     2.17457146
 H        1.01739008    -1.96661893    -0.94107041
 H        1.01715781    -0.63258071    -2.08675475
 H        3.26515235    -0.82449827     2.34522197
 H        4.52869923    -1.45008063     0.27186172
 H        3.08928736    -2.45167747     0.46000380
 H        3.26467902    -1.61883063    -1.88690549
 H        4.52795797     0.48979436    -1.39286317
 H        3.08755399     0.82721214    -2.35334192
 H        3.26471253     2.44361180    -0.45864150
 H        1.01731071     1.79957947    -1.23158132
 H        1.01776239     2.12299353     0.49703950
 C       -3.43088931    -0.94538500    -1.10163281
 C       -2.91324353    -1.42237278     0.26693262
 C       -2.91352687     0.47995374    -1.36498054
 H       -4.52826205    -0.96153580    -1.12017762
 H       -3.08793863    -1.62418682    -1.89311977
 C       -3.43057641    -0.48156410     1.36960712
 C       -3.43129183     1.42654088    -0.26755177
 C       -2.91326963     0.94220481     1.09828583
 H       -4.52869916     1.45008349    -0.27184083
 H       -3.08928826     2.45168435    -0.45996826
 H       -3.08755417    -0.82724711     2.35332905
 H       -4.52795851    -0.48981505     1.39285592
 C       -1.37048163    -1.42092083     0.26621764
 H       -3.26471194    -2.44361842     0.45860500
 C       -0.79485131    -0.00000865    -0.00009629
 H       -1.01776568    -2.12298435    -0.49707523
 H       -1.01731002    -1.79959989     1.23155200
 C       -1.37078714     0.48004606    -1.36360395
 H       -3.26515093     0.82453331    -2.34521045
 H       -1.01729319    -0.16595578    -2.17457407
 H       -1.01854905     1.49242635    -1.58942873
 C       -1.37050575     0.94141233     1.09691509
 H       -1.01738626     1.96660239     0.94110970
 H       -1.01716498     0.63253861     2.08676632
 H       -3.26467987     1.61880373     1.88692796
