          21
   5-Ethenylbicyclo[2.2.1]hept-2-ene
 C       -0.07512349     1.23615698    -0.63323775
 C       -1.43215723     0.97514533     0.10118510
 C        0.73661483    -0.08318479    -0.38401577
 H       -0.20794943     1.44423850    -1.69748700
 H        0.43798740     2.09602068    -0.19012724
 C       -0.26790418    -0.90752368     0.52237859
 C       -2.11596586    -0.16287073    -0.64225889
 C       -1.42597127    -1.28040506    -0.38963614
 H       -1.56820528    -2.25897262    -0.83257209
 H       -2.94339532    -0.04042547    -1.33104155
 C       -0.92430530     0.22013757     1.35106243
 H        0.20627428    -1.72537263     1.06619634
 H       -1.73459972    -0.14405868     1.98768099
 H       -0.21731833     0.80010993     1.95393806
 H       -2.02992916     1.87287113     0.26655527
 C        2.06640207     0.14686033     0.27033864
 C        3.23902818    -0.25032051    -0.21793436
 H        0.90225952    -0.62069823    -1.32193626
 H        2.04530728     0.67909172     1.22223187
 H        3.31244058    -0.77925684    -1.16468805
 H        4.17112678    -0.06137575     0.30460548
