          21
 3,3-Dimethylbicyclo[3.2.0]hepta-1,4-diene
 C        2.43480779     0.79432585    -0.00004524
 C        2.43478238    -0.79436225    -0.00000331
 C        0.90860850    -0.72497426     0.00001658
 H        2.88458179    -1.25061143    -0.88668989
 H        2.88467996    -1.25065381     0.88661087
 C        0.90862527     0.72498772    -0.00010034
 H        2.88466271     1.25060556     0.88660096
 H        2.88470801     1.25056489    -0.88668852
 C       -0.33962003     1.20948764    -0.00027944
 C       -0.33964704    -1.20945037    -0.00006544
 C       -1.28991278     0.00002373    -0.00006892
 H       -0.69994259     2.23150383    -0.00042297
 H       -0.69994872    -2.23147494    -0.00009570
 C       -2.17810481     0.00012395     1.26494647
 C       -2.17888092    -0.00014480    -1.26449321
 H       -1.56842186    -0.00077413    -2.17196340
 H       -2.82518231    -0.88457813    -1.28464489
 H       -2.82437867     0.88484971    -1.28547741
 H       -1.56697546     0.00026266     2.17195289
 H       -2.82414743     0.88473688     1.28589822
 H       -2.82391119    -0.88463602     1.28602555
