          21
   Trispiro[2.0.0.2(5).1(4).1(3)]nonane
 C        2.04681479    -1.24971723     0.27571235
 C        2.56392465    -0.16547546    -0.66870444
 C        1.35941941     0.06094371     0.16589693
 H        3.48584536     0.34156363    -0.39916317
 H        2.43369494    -0.31964879    -1.73613609
 H        1.57508368    -2.12190428    -0.16725478
 H        2.62687901    -1.45966916     1.16967548
 C        0.85714228     1.12060228     1.10259531
 C       -0.00003195     0.56688684     0.00004737
 H        0.62253329     0.83568899     2.12604245
 H        1.24574776     2.13067904     0.99428720
 C       -1.35946782     0.06096199    -0.16598970
 C       -0.85718240     1.12080704    -1.10241905
 H       -1.24587830     2.13083588    -0.99392060
 H       -0.62245159     0.83621040    -2.12592907
 C       -2.56394800    -0.16557850     0.66859485
 C       -2.04670556    -1.24979248    -0.27576410
 H       -2.62673967    -1.46006743    -1.16967673
 H       -1.57468915    -2.12172156     0.16735490
 H       -2.43369891    -0.31971355     1.73603003
 H       -3.48591447     0.34137765     0.39905324
