          20
 Tricyclo[5.2.1.0(4,10)]deca-2,5,8-triene
 C       -1.41446985     0.30385811     0.43355886
 C       -1.73800130    -0.92905128    -0.38896940
 C       -0.00003186    -0.00001204     1.02118605
 C       -1.20314169     1.56080696    -0.38901744
 C       -0.75015258    -1.82229751    -0.38909846
 C        0.44409189    -1.37687900     0.43344457
 C        1.67362911    -1.04056927    -0.38899123
 C        0.97034326     1.07302970     0.43351190
 C        0.06439559     1.96956578    -0.38912046
 C        1.95334529     0.26154835    -0.38891539
 H       -2.17680885     0.46762104     1.20813585
 H       -2.67285240    -1.03320839    -0.93126159
 H        0.00001935    -0.00004156     2.11183170
 H       -2.01277080     2.03959475    -0.93136235
 H       -0.75997242    -2.76284322    -0.93145284
 H        0.68340744    -2.11896686     1.20802288
 H        2.23116772    -1.79806814    -0.93141522
 H        1.49322775     1.65145312     1.20808289
 H        0.44169349     2.83112647    -0.93155071
 H        2.77279523     0.72333519    -0.93125578
