          20
       (But-1-yn-1-yl)benzene
 C        0.52592332    -0.05712334    -0.09661959
 C        1.30084635    -1.21605740     0.08464924
 C        1.17658553     1.18790518    -0.15123936
 C       -3.54528135    -0.29435716    -0.44481613
 C        2.68292809    -1.12889816     0.20678924
 C        2.55901147     1.26778100    -0.02792080
 C        3.31760045     0.11152864     0.15128946
 C       -4.27808845     0.41653772     0.70942748
 C       -0.89161568    -0.14257702    -0.22253899
 C       -2.09225339    -0.21743160    -0.33250374
 H        0.80441819    -2.17935900     0.12762329
 H        0.58389061     2.08535100    -0.29104433
 H       -3.85158588    -1.34781261    -0.48006893
 H       -3.85964590     0.14364005    -1.40144603
 H        3.26722778    -2.03303819     0.34610140
 H        3.04646253     2.23665783    -0.07212771
 H        4.39660357     0.17671583     0.24709881
 H       -4.00883438    -0.02712328     1.67174735
 H       -4.01439480     1.47717065     0.74161017
 H       -5.36156805     0.33332624     0.58079192
