          20
 Tricyclo[6.2.0.0(3,6)]deca-1,3(6),7-triene
 C        1.15659685    -0.70038215    -0.00003303
 C        0.00000562    -1.47632689    -0.00007591
 C       -1.15658112    -0.70036523    -0.00001990
 C        1.15658116     0.70036515     0.00002261
 C       -0.00000561     1.47632695     0.00007609
 C       -1.15659688     0.70038214     0.00003063
 H       -0.00007463    -2.56221378    -0.00017509
 H        0.00007464     2.56221390     0.00017514
 C       -2.67585485    -0.78978684     0.00009112
 C       -2.67587087     0.78977703    -0.00009295
 H       -3.12635112    -1.24569447     0.88775014
 H       -3.12659556    -1.24599971    -0.88728681
 H       -3.12635722     1.24564760    -0.88777643
 H       -3.12664062     1.24599126     0.88727162
 C        2.67587083    -0.78977701     0.00008175
 C        2.67585487     0.78978684    -0.00008031
 H        3.12663110    -1.24597401    -0.88729636
 H        3.12636664    -1.24566480     0.88775170
 H        3.12658631     1.24598250     0.88731101
 H        3.12636045     1.24571166    -0.88772594
