          20
 2,7-Dimethylocta-1,7-dien-3,5-diyne
 C       -3.31049296     0.09408549    -0.00000804
 C        3.31049149    -0.09409642     0.00003973
 C       -3.97729294    -1.26557885    -0.00030208
 C        3.97731838     1.26555574    -0.00033294
 C       -4.00694571     1.24236872     0.00032954
 C        4.00692996    -1.24238990     0.00028412
 C       -1.89053504     0.09646740    -0.00002775
 C        1.89052889    -0.09645928     0.00007888
 C       -0.67589261     0.02492738    -0.00007063
 C        0.67588542    -0.02486999     0.00006989
 H       -5.06545004    -1.16505422    -0.00081909
 H       -3.67776433    -1.84410655    -0.88061233
 H       -3.67859248    -1.84405565     0.88033859
 H        3.67763346     1.84460560     0.87958757
 H        3.67879850     1.84352393    -0.88136037
 H        5.06547592     1.16501178     0.00043111
 H       -5.09172883     1.23673957     0.00036476
 H       -3.51220316     2.20634421     0.00058764
 H        5.09171761    -1.23677156     0.00025657
 H        3.51217439    -2.20635970     0.00050257
