          20
 (4-Cyclopropylbuta-1,3-diyn-1,yl)cyclopropane
 C       -1.87601661     0.31944850     0.24561680
 C       -0.67258036     0.32476150     0.09061565
 C       -3.29099904     0.32578050     0.44063097
 C        0.67258036     0.32476150    -0.09061565
 C        1.87601661     0.31944850    -0.24561680
 C        3.29099904     0.32578050    -0.44063097
 C        4.22989714     0.10451650     0.73940385
 C        4.09169390    -0.96356250    -0.30092650
 C       -4.09169390    -0.96356250     0.30092650
 C       -4.22989714     0.10451650    -0.73940385
 H       -3.64762173     1.01801250     1.19858509
 H        3.64762173     1.01801250    -1.19858509
 H        5.13805604     0.69612450     0.76149502
 H        3.77037959    -0.06124650     1.70620766
 H        4.90369338    -1.11548250    -1.00295181
 H        3.53791021    -1.85839850    -0.04411033
 H       -4.90369338    -1.11548250     1.00295181
 H       -3.53791021    -1.85839850     0.04411033
 H       -3.77037959    -0.06124650    -1.70620766
 H       -5.13805604     0.69612450    -0.76149502
