          24
  1,2,4,5-Tetramethylbenzene
 C       -1.22590302    -0.70259303    -0.00003200
 C       -2.51834156    -1.48237156     0.00001854
 C       -1.22588259     0.70258021    -0.00001509
 C       -0.00001189    -1.36985769    -0.00003623
 C       -2.51828716     1.48241215    -0.00001446
 C        0.00001179     1.36985735     0.00002933
 C        1.22588250    -0.70258043     0.00001190
 C        1.22590292     0.70259295     0.00002730
 C        2.51828744    -1.48241162     0.00002296
 C        2.51834146     1.48237144    -0.00001609
 H       -3.13406120    -1.24952795    -0.87750563
 H       -3.13161391    -1.25363833     0.88036653
 H       -2.32859857    -2.55894971    -0.00269213
 H        0.00000496    -2.45771742    -0.00005170
 H       -2.32845469     2.55896987    -0.00256594
 H       -3.13163786     1.25365929     0.88024701
 H       -3.13396309     1.24972992    -0.87762437
 H       -0.00000505     2.45771726     0.00004281
 H        3.13166584    -1.25362836    -0.88021114
 H        2.32845583    -2.55896953     0.00253181
 H        3.13393585    -1.24975844     0.87766028
 H        3.13403172     1.24956618     0.87753923
 H        2.32859817     2.55894956     0.00264239
 H        3.13164336     1.25360042    -0.88033349
