          24
    Tricyclo[5.2.1.0(4,10)]dec-2-ene
 C       -1.64532662     1.32038012     0.20059052
 C       -1.45182762     0.00173031    -0.59377193
 C       -1.64878492    -1.31732722     0.19888607
 C       -0.25993181    -1.71774476     0.73081353
 H       -2.39715881    -1.22592964     0.99366876
 H       -2.01101501    -2.09261419    -0.48725400
 C       -0.25496442     1.71945500     0.72984664
 H       -2.00852065     2.09653793    -0.48398128
 H       -2.39164332     1.22877114     0.99726008
 C        0.73715575     1.23374981    -0.36519145
 H       -0.17287667     2.79229736     0.93034189
 H       -0.04155964     1.20181049     1.67145021
 C        0.04439893    -0.00019249    -1.01717285
 H       -2.12184060     0.00304337    -1.45826698
 C        0.73383343    -1.23555054    -0.36418610
 H        0.18451989    -0.00086231    -2.10071816
 H       -0.04724251    -1.19809168     1.67148644
 H       -0.17967601    -2.79027235     0.93366370
 C        2.03061483     0.66482472     0.17177384
 H        0.90186046     2.03845981    -1.09134941
 C        2.02874290    -0.66976196     0.17241380
 H        0.89619475    -2.04115736    -1.08988862
 H        2.82744312     1.28833881     0.56585621
 H        2.82385535    -1.29512800     0.56702727
