          28
           Cyclohexylbenzene
 C       -2.75479027     1.25949287    -0.40491926
 C       -1.37967531     1.05308559    -0.33715331
 C       -0.85264234    -0.18290511     0.06033101
 C       -3.63668533     0.23126390    -0.07555352
 C       -3.12884362    -1.00286917     0.32146238
 C       -1.75111179    -1.20344710     0.38726495
 H       -3.13902949     2.22629695    -0.71587686
 H       -0.70838770     1.86619107    -0.59740936
 C        0.64428595    -0.41921989     0.13683030
 C        1.33272568    -0.28521273    -1.23974146
 C        2.84169290    -0.55638363    -1.15137505
 H        1.16834672     0.72925291    -1.62760701
 H        0.86131761    -0.96934084    -1.95452589
 C        1.33405633     0.49810419     1.17101438
 C        2.84319886     0.22686027     1.25716481
 C        3.51755688     0.35380540    -0.11617521
 H        3.30434672    -0.42420927    -2.13634299
 H        3.00413859    -1.60645666    -0.86997620
 H        3.45296896     1.39731600    -0.45549850
 H        4.58495015     0.11662509    -0.03964432
 H        0.79242509    -1.45530211     0.47351913
 H       -1.36418022    -2.17034305     0.69819388
 H       -4.70879222     0.39180455    -0.12825665
 H       -3.80416721    -1.81253593     0.58092121
 H        0.86378599     0.36468456     2.15194510
 H        1.16966111     1.54695576     0.88912866
 H        3.00648047    -0.78773188     1.64720338
 H        3.30660082     0.91334105     1.97527937
