          28
 (Z)-[1,1'-bi(cyclohexylidene)]-2,2'-diene
 C        2.82234245    -1.27425342    -0.04393210
 C        1.48003769    -1.25523350     0.01911917
 C        0.68309561    -0.03708912     0.15427374
 C        3.66927602    -0.03307328    -0.05983537
 C        2.82753388     1.19363422    -0.42530472
 C        1.51133761     1.21955819     0.36834566
 H        3.33553079    -2.23154156    -0.09641078
 H        0.96294230    -2.20748765    -0.00985051
 C       -0.68307922    -0.03712844     0.15379965
 C       -1.47981040    -1.25520927     0.01692539
 C       -2.82213753    -1.27443756    -0.04560089
 C       -1.51119408     1.21948403     0.36848279
 C       -2.82813382     1.19385938    -0.42384040
 C       -3.66929661    -0.03337688    -0.05882544
 H       -4.13930880     0.10690454     0.92759324
 H       -4.50176001    -0.15364873    -0.76375360
 H       -0.95087277     2.11918423     0.10765129
 H       -1.74678461     1.30871513     1.44042535
 H       -2.59802313     1.16391533    -1.49603686
 H       -3.39110057     2.11587661    -0.24246733
 H        1.74808998     1.30878004     1.44003410
 H        0.95104241     2.11951301     0.10818943
 H        4.50093115    -0.15420296    -0.76557736
 H        4.14037156     0.10862686     0.92584687
 H        2.59636995     1.16281967    -1.49724636
 H        3.39046060     2.11593110    -0.24523357
 H       -0.96245182    -2.20724741    -0.01447121
 H       -3.33509906    -2.23174990    -0.09978158
