          28
 Pentacyclo[6.3.1.0(2,7).0(3,5).0(9,11)]dodecane
 C        2.64156462    -0.12454993     1.14427588
 C        1.45606377     0.74524795     0.79969538
 C        1.29581896    -0.76295825     0.90677589
 H        3.46595854    -0.26501719     0.45469722
 H        2.95650321    -0.07963799     2.18207325
 C        0.90340950    -1.19797897    -0.50689453
 H        0.78386793    -1.21601529     1.74798265
 C        1.12409314     1.05819914    -0.66223437
 H        1.08199387     1.40544515     1.57303974
 C        1.65385940    -0.18868204    -1.40603533
 H        1.30944774    -0.22759402    -2.44348405
 H        2.73956931    -0.29358898    -1.40971123
 C       -0.55799660    -0.72516114    -0.76477694
 H        1.07083549    -2.25497975    -0.73127252
 C       -0.41240864     0.84954292    -0.86291861
 H        1.48926964     2.02286543    -1.02523804
 C       -1.59785374    -0.99308316     0.31079127
 H       -0.88552847    -1.14313450    -1.72434651
 C       -1.37347516     1.47959950     0.18395796
 H       -0.67322372     1.19546913    -1.86746074
 C       -2.09608237     0.32317564     0.86991272
 H       -0.82889442     2.07531560     0.92208973
 H       -2.08226368     2.16362336    -0.29677193
 C       -2.99954001    -0.52368240     0.00883518
 H       -1.48204346    -1.86414469     0.94835240
 H       -2.34637032     0.42292809     1.92133893
 H       -3.22351638    -0.18277091    -0.99929154
 H       -3.82154786    -1.04041927     0.49338206
