          12
      3,4-Dimethylidencyclobut-1-ene
 C       -0.67949725    -1.31902532    -0.00000045
 C        0.67948250    -1.31901609     0.00000049
 C        0.75552934     0.15992928     0.00000010
 C       -0.75555540     0.15991264    -0.00000036
 C       -1.70874579     1.08631124     0.00000027
 C        1.70877285     1.08627749    -0.00000015
 H       -1.43232115    -2.09685504    -0.00000073
 H        1.43230866    -2.09684372     0.00000110
 H       -1.46703156     2.14366825     0.00000097
 H       -2.76043108     0.82014567     0.00000098
 H        1.46722322     2.14368881    -0.00000121
 H        2.76041554     0.81994985     0.00000002
