          12
   Hexa-2,4-diyne
 C       -0.68016232    -0.00569590    -0.00552453
 C       -1.89180440     0.00017754    -0.00294952
 C       -3.34571224     0.00590761     0.00480483
 C        0.68021931    -0.00568794    -0.00366727
 C        1.89180536    -0.00701672    -0.00070810
 C        3.34624591     0.00642658     0.00487582
 H       -3.74155151    -0.55794096     0.90012746
 H       -3.73465534     1.06256828     0.05259155
 H       -3.74681126    -0.48937231    -0.92473331
 H        3.72919749     0.71456697     0.79365229
 H        3.73849725     0.36287905    -0.99340049
 H        3.74827906    -1.02258407     0.20949233
