          15
    5-Ethylidenecyclopenta-1,3-diene
 C       -1.54811530     0.59337862    -0.00000883
 C       -0.24878068     0.23849579    -0.00000369
 C        0.88500098     1.17688711    -0.00000587
 C        2.02910435     0.45580088     0.00001414
 C        1.68663163    -0.97402911     0.00000357
 C        0.33955278    -1.10941717    -0.00000078
 C       -2.72912057    -0.32224860     0.00001506
 H       -1.77872017     1.65859741    -0.00005847
 H        0.78040341     2.25359917    -0.00001214
 H        3.03941525     0.84480575     0.00001609
 H        2.41252867    -1.77765412    -0.00003040
 H       -0.21960688    -2.03408593    -0.00012340
 H       -2.44363283    -1.37568834     0.00016486
 H       -3.36159276    -0.13514328     0.87748663
 H       -3.36145028    -0.13535266    -0.87760501
