          15
      Tricyclo[3.2.0.0(2,4)]hept-6-ene
 C       -1.66711722    -0.66944323    -0.17564030
 C       -1.66707144     0.66949024    -0.17563577
 C       -0.31924608     0.79513809     0.50614931
 C       -0.31926648    -0.79519433     0.50613034
 C        0.89197286    -0.76302366    -0.43850783
 C        0.89196953     0.76300754    -0.43849164
 C        2.01620274     0.00002009     0.20930948
 H       -2.33266661    -1.41801440    -0.59319423
 H       -2.33255978     1.41812368    -0.59317363
 H       -0.24277946     1.39332242     1.41805519
 H       -0.24277158    -1.39340651     1.41801344
 H        1.06127524    -1.44018717    -1.26851304
 H        1.06120773     1.44020139    -1.26848574
 H        2.12182329     0.00001429     1.29269054
 H        2.96105704     0.00000887    -0.32577915
