          18
 Bicyclo[4.2.0]octa-1,5-diene
 C       -0.59446938     1.47590457     0.02396343
 C       -1.90028702     0.73886644    -0.23580738
 C       -1.90027960    -0.73889616     0.23578983
 C       -0.59445139    -1.47587722    -0.02391451
 C        0.50617678    -0.72783887    -0.07123714
 C        2.02882409    -0.77802145    -0.13802412
 C        2.02885478     0.77799170     0.13801682
 H        2.43329215    -1.05034049    -1.11777486
 H        2.52390580    -1.39185310     0.62023117
 C        0.50619158     0.72789001     0.07122630
 H        2.52399440     1.39174207    -0.62026195
 H        2.43335135     1.05031914     1.11775308
 H       -2.10087062     0.77420368    -1.31924329
 H       -2.73986609     1.26068910     0.23663820
 H       -2.73978253    -1.26072152    -0.23679487
 H       -2.10103510    -0.77428988     1.31919274
 H       -0.59614339     2.56167179     0.06646081
 H       -0.59605350    -2.56164743    -0.06635843
