          18
  exo-Tricyclo[3.2.1.0(2,4)]oct-6-ene
 C       -1.53169665    -0.66910125    -0.50430422
 C       -1.53178278     0.66902048    -0.50431472
 C       -0.32134661     1.12695864     0.31967765
 C       -0.32118403    -1.12699738     0.31974293
 C        0.90547947    -0.75441431    -0.55905075
 C        0.90539400     0.75441323    -0.55910525
 C        2.07624202     0.00006071     0.03155583
 H        1.05518068    -1.31703614    -1.47471587
 H        2.98519560     0.00008234    -0.56364452
 H        2.26899337     0.00025275     1.09809774
 H        1.05503577     1.31701800    -1.47479389
 C       -0.31543514     0.00002160     1.38157531
 H       -0.34616561     2.15542532     0.68362790
 H       -1.23029029    -0.00006069     1.97680617
 H        0.54424728     0.00033533     2.05401873
 H       -0.34601310    -2.15546328     0.68367243
 H       -2.19331533    -1.33095598    -1.04966298
 H       -2.19343518     1.33085814    -1.04964681
