          18
 endo-Tricyclo[3.2.1.0(2,4)]oct-6-ene
 C       -1.02741247    -1.00446481    -0.66922370
 C       -1.02742464    -1.00466075     0.66895639
 C       -0.44980126     0.32657091     1.12499794
 C       -0.44984044     0.32690170    -1.12488846
 C        1.07366531     0.38714468    -0.75697759
 C        1.07371395     0.38696678     0.75702245
 C        1.73976875    -0.73312049    -0.00009708
 H        1.68730123     1.07519950    -1.32820149
 H        1.29292410    -1.72058552    -0.00002287
 H        2.82601046    -0.73302175    -0.00010182
 H        1.68730275     1.07493153     1.32840885
 C       -1.01070635     1.24447794     0.00018967
 H       -0.66013649     0.61209784     2.15642474
 H       -2.10269160     1.31895401     0.00022722
 H       -0.56346845     2.24422488     0.00028985
 H       -0.66021957     0.61274298    -2.15622390
 H       -1.28893012    -1.82422302    -1.32749754
 H       -1.28892199    -1.82465533     1.32693946
