          18
  1,2-Diethenylcyclobut-1-ene
 C       -0.68119189     0.06263242     0.00001508
 C        0.68113230     0.06248499    -0.00001072
 C        0.78466114     1.57942367    -0.00004094
 C       -0.78443364     1.57958703     0.00004102
 C        1.68582809    -0.96919222    -0.00001146
 C        3.00602078    -0.73807465     0.00001660
 C       -1.68590359    -0.96898080     0.00001419
 C       -3.00613421    -0.73808061    -0.00002126
 H        1.24607073     2.02374422    -0.88876452
 H        1.24620353     2.02381886     0.88857660
 H       -1.24583954     2.02391113     0.88875868
 H       -1.24594898     2.02397429    -0.88858852
 H        1.32662483    -1.99745995    -0.00003319
 H        3.40405671     0.27216894     0.00004359
 H        3.72742322    -1.54733084     0.00001349
 H       -1.32648827    -1.99714242     0.00003808
 H       -3.40446243     0.27204630    -0.00004649
 H       -3.72738937    -1.54746701    -0.00002765
