          18
 2,3-Dimethylidenebicyclo[2.2.0]hexane
 C       -0.63289301     0.79194486    -0.63998308
 C        0.78377723     0.74116614    -0.08453213
 C        0.78253275    -0.74201273    -0.08469423
 C       -0.63397905    -0.79030347    -0.64098532
 C       -1.75617478    -0.77841541     0.44230668
 C       -1.75441325     0.78001264     0.44410411
 C        1.67646725    -1.67861383     0.22728977
 C        1.67966727     1.67620275     0.22652099
 H       -0.79976292     1.40217245    -1.52921564
 H       -0.80086953    -1.39915041    -1.53116965
 H       -1.49279718    -1.26543096     1.38431160
 H       -2.69680432    -1.20565135     0.08580916
 H       -2.69435103     1.21044040     0.08963906
 H       -1.48891834     1.26399275     1.38707323
 H        2.66206059    -1.42276797     0.60451303
 H        1.45749633    -2.73512700     0.10819520
 H        1.46247404     2.73308763     0.10747915
 H        2.66517618     1.41866129     0.60279067
