          26
          Perhydroquinacene
 C        1.27643266    -1.60641400    -0.35312162
 C        1.43624435    -0.39480890     0.61121801
 C       -0.19953100    -1.61881282    -0.79854596
 H        1.97217316    -1.56491485    -1.19808212
 H        1.49976255    -2.53103343     0.19169162
 C       -0.01615535    -0.00925062     1.01478638
 C       -0.97804642    -1.05762615     0.41178963
 H       -0.34033758    -0.96981680    -1.67085325
 H       -0.54440058    -2.61552261    -1.09194334
 C       -0.36407441     1.33203712     0.28525925
 H       -0.14551211     0.08730836     2.09622899
 C       -1.74417317     1.12076133    -0.39829660
 C       -2.25009385    -0.26588458     0.07272687
 H       -2.45815065     1.91236110    -0.15269571
 H       -1.63104072     1.13781218    -1.48779091
 H       -2.85988362    -0.15283622     0.97725176
 H       -2.87961847    -0.76167267    -0.67438102
 H       -1.18426553    -1.87069725     1.11736647
 C        0.82321304     1.59800307    -0.67178405
 H       -0.42083421     2.14621833     1.01471915
 C        2.02126850     0.88896447    -0.01904487
 H        0.61808721     1.15704517    -1.65478424
 H        1.00165059     2.66513682    -0.83901671
 H        2.83689062     0.68666364    -0.72185627
 H        2.43503323     1.52252264     0.77570668
 H        2.03990806    -0.69341631     1.47304382
