          21
           5-Methylhex-1-ene
 C       -0.16347414    -0.40371902     0.27480679
 C       -1.53432515    -0.06539590    -0.34039905
 C        0.99784972     0.49368532    -0.19430798
 C       -2.56385032    -1.14388860     0.02654766
 C       -2.04073156     1.32333613     0.07610531
 C        2.31306004     0.09527350     0.41344873
 C        3.38537671    -0.30663717    -0.26311357
 H       -0.24043399    -0.35564862     1.37084637
 H        0.08706608    -1.44464815     0.03410827
 H       -1.41841791    -0.06958729    -1.43440218
 H        0.78175179     1.53658090     0.07437025
 H        1.07175035     0.45952018    -1.28861305
 H       -2.71646971    -1.18559986     1.11194544
 H       -2.23690356    -2.13647832    -0.30103010
 H       -3.53535900    -0.93977700    -0.43617438
 H       -1.36500309     2.12325082    -0.24074252
 H       -2.14731836     1.38760229     1.16610738
 H       -3.02205667     1.52930130    -0.36442518
 H        2.35931355     0.13754833     1.50246695
 H        4.30669050    -0.58840999     0.23638971
 H        3.38525016    -0.36619064    -1.34854587
