          21
    (2Z)-4,4-dimethylpent-2-ene
 C        1.68434032     0.79401751    -0.00041016
 C        0.36212151     0.98410245    -0.00058675
 C       -0.78657566    -0.02388214    -0.00004709
 C       -2.11189020     0.76613742    -0.00391563
 C       -0.75579666    -0.90549940     1.26818593
 C       -0.75197485    -0.91194360    -1.26367548
 H       -2.19020102     1.40851088     0.88017437
 H       -2.97184326     0.08791979    -0.00411887
 H       -2.18724327     1.40521077    -0.89065433
 C        2.47712680    -0.48303388     0.00031279
 H        0.03564920     2.02373303    -0.00105667
 H       -0.78543570    -0.29949979    -2.17051405
 H       -1.61547116    -1.58743298    -1.28001621
 H        0.15132263    -1.52519059    -1.31185810
 H       -0.79056921    -0.28840486     2.17182449
 H        0.14673570    -1.51946559     1.32148504
 H       -1.62008830    -1.57995993     1.28607253
 H        1.85966940    -1.38137244     0.00442383
 H        3.13674032    -0.52517676     0.87658364
 H        3.13150840    -0.52958169    -0.87969717
 H        2.30195185     1.69243092    -0.00102453
