          22
       Ethylidenecyclohexane
 C        2.24536295     0.34791321     0.10412281
 C        1.16027368     1.42125884     0.26581286
 C        1.69777037    -1.04906819     0.42720737
 H        3.10508976     0.57772061     0.74419325
 H        2.61483702     0.36078838    -0.93123575
 C       -0.08829623     1.09472616    -0.58142640
 H        1.55174804     2.40618164    -0.01405811
 H        0.86656402     1.48495348     1.32194844
 C        0.44984169    -1.36702495    -0.42136198
 H        1.42751293    -1.09699813     1.49048419
 H        2.46850283    -1.81065228     0.26082107
 C       -0.60625670    -0.29263241    -0.27645254
 H        0.19443146     1.14230378    -1.64452238
 H       -0.85455877     1.85876195    -0.42893628
 C       -1.85015882    -0.59116168     0.11394130
 C       -3.01557721     0.33437057     0.31702232
 H       -3.85369552     0.05461431    -0.33444568
 H       -2.77497307     1.38040225     0.11538797
 H       -3.39121917     0.27045648     1.34648270
 H        0.04042377    -2.34599141    -0.15102589
 H        0.75932762    -1.43124871    -1.47637811
 H       -2.07016401    -1.64134484     0.31012842
