          10
       Dimethylamine
 C       -1.21301149     0.25252245     0.01626089
 N       -0.00001306    -0.54452998    -0.08477784
 C        1.21300543     0.25250579     0.01625725
 H       -1.27242158     0.87720789     0.92732894
 H       -2.08967262    -0.40213018    -0.00699497
 H       -1.27840462     0.92702249    -0.84591119
 H        0.00001282    -1.25157848     0.64187198
 H        1.27239427     0.87743730     0.92717238
 H        2.08965267    -0.40217954    -0.00666447
 H        1.27869272     0.92681620    -0.84606168
