          12
    Propan-2-ol 
 O       -0.14397993    -1.31112802    -0.13070593
 C        0.00703234     0.01482089     0.36873791
 H        0.63638733    -1.81405943     0.12012425
 H        0.00995049    -0.00105787     1.47238632
 C       -1.21747051     0.79233692    -0.10053143
 C        1.31643948     0.64325633    -0.11283502
 H       -1.24100981     0.83720457    -1.19425129
 H        1.34189303     0.67689611    -1.20698736
 H       -2.13261120     0.30082271     0.24059436
 H        2.18052926     0.06216429     0.23120976
 H       -1.20263148     1.81395205     0.29082845
 H        1.43041324     1.66277457     0.27051050
