          13
   Thiolane
 H       -0.04333802     1.69944666    -1.17251288
 S        1.24316813     0.00000000    -0.00000005
 C       -0.01620281    -1.34234597     0.13936867
 C       -1.35460614    -0.71717215    -0.27095417
 C       -1.35460622     0.71717210     0.27095405
 C       -0.01620281     1.34234601    -0.13936846
 H        0.27682360     2.17258652     0.50613755
 H       -0.04333816    -1.69944632     1.17251319
 H        0.27682367    -2.17258667    -0.50613706
 H       -1.43324895    -0.69853979    -1.36410666
 H       -2.19725900    -1.30269808     0.11214436
 H       -1.43324929     0.69853972     1.36410652
 H       -2.19725901     1.30269801    -0.11214465
