          14
     Pyrrolidine
 H        0.73192872    -2.07343890    -0.32927144
 H        2.12914980    -0.00000023    -0.01399447
 C        0.42729545     1.16160209     0.19467030
 C       -1.04486460     0.77833730    -0.06387807
 C       -1.04486460    -0.77833722    -0.06387850
 C        0.42729525    -1.16160206     0.19467062
 N        1.15963956    -0.00000012    -0.31098367
 H        0.58348285     1.32977697     1.27669586
 H        0.73192877     2.07343867    -0.32927231
 H       -1.37448419     1.16046959    -1.03330073
 H       -1.70842422     1.19870352     0.69600920
 H       -1.70842484    -1.19870394     0.69600795
 H       -1.37448331    -1.16046891    -1.03330170
 H        0.58348227    -1.32977643     1.27669633
