          12
 2-Methylthiophene
 H       -2.60887128     0.67099939    -0.00000001
 S       -0.20147293     1.15052537     0.00000000
 C        0.82124575    -0.25659997     0.00000001
 H        0.49163022    -2.38571868     0.00000001
 H       -2.09900012    -1.91832571    -0.00000001
 C       -1.64087821     0.19289761    -0.00000000
 C       -1.34645324    -1.13920642    -0.00000000
 C        0.05805569    -1.39208598     0.00000001
 C        2.31557506    -0.13684912    -0.00000001
 H        2.76584560    -1.13345075     0.00000030
 H        2.68533290     0.39752078     0.88229661
 H        2.68533293     0.39752025    -0.88229693
