          13
  1-Methyl-1H-pyrrole
 H       -2.47302732     0.00000027    -1.06169862
 N       -0.66242318    -0.00000000     0.03528282
 C        0.13525518    -1.11761662     0.01266631
 H       -2.49880507    -0.88577403     0.47965362
 H       -2.49880510     0.88577374     0.47965409
 C        0.13525517     1.11761662     0.01266632
 C       -2.10800940    -0.00000000    -0.02745816
 C        1.45028688    -0.71121773    -0.01525223
 H       -0.30430147    -2.10327948     0.02073884
 C        1.45028687     0.71121774    -0.01525223
 H       -0.30430149     2.10327948     0.02073883
 H        2.31267309    -1.36071068    -0.02039912
 H        2.31267308     1.36071069    -0.02039912
