          16
       Oxane
 O       -1.36203524    -0.00000068     0.24761056
 C        1.49165012     0.00000060    -0.22473085
 C       -0.73011874     1.17645961    -0.22477246
 C       -0.73011753    -1.17646020    -0.22477278
 C        0.73215779     1.25795265     0.22287727
 C        0.73215886    -1.25795196     0.22287757
 H       -0.78345458     1.21475380    -1.32810481
 H       -1.31449405     2.01470153     0.16722288
 H       -0.78345283    -1.21475384    -1.32810517
 H       -1.31449226    -2.01470280     0.16722194
 H        0.76156445     1.33983731     1.31659799
 H        1.19441449     2.16446414    -0.18528306
 H        0.76156513    -1.33983610     1.31659833
 H        1.19441645    -2.16446322    -0.18528225
 H        2.51311126     0.00000113     0.17078651
 H        1.57787774     0.00000049    -1.32044119
