          16
      Pentan-3-one
 H       -3.45294600     0.52914796    -0.00000035
 C       -2.55344159    -0.09316413     0.00000010
 H       -2.57975812    -0.74133808     0.87967740
 C       -1.29596804     0.77366820    -0.00000028
 H       -2.57975792    -0.74133908    -0.87967647
 H       -1.27603829     1.44330086     0.87119556
 H       -1.27603828     1.44330000    -0.87119678
 C        0.00000000    -0.03139716     0.00000003
 O        0.00000000    -1.24112902     0.00000003
 C        1.29596804     0.77366820     0.00000032
 C        2.55344159    -0.09316413    -0.00000019
 H        1.27603833     1.44329995     0.87119686
 H        1.27603823     1.44330091    -0.87119547
 H        2.57975802    -0.74133807    -0.87967750
 H        2.57975801    -0.74133909     0.87967636
 H        3.45294600     0.52914796     0.00000016
