          17
 Propan-2-yl acetate
 H        2.30370230     0.85721707     1.52792414
 C        2.38552954     0.75231646     0.44220139
 H        3.31570062     0.24641197     0.18601661
 C        1.21505774    -0.04376063    -0.09017762
 H        2.37782398     1.76030937     0.01771635
 O        1.30037254    -1.07931723    -0.70216730
 O        0.05197480     0.56653447     0.20997262
 C       -1.16934964    -0.07342389    -0.24424393
 C       -1.58004566    -1.15749914     0.74780423
 C       -2.19957103     1.03822812    -0.38648293
 H       -0.95703807    -0.53031041    -1.21517425
 H       -0.81154527    -1.93114771     0.80855665
 H       -1.73573934    -0.72916831     1.74334714
 H       -2.51476244    -1.62718239     0.42538007
 H       -3.14478097     0.62949234    -0.75623004
 H       -2.38692790     1.51971868     0.57854780
 H       -1.85421544     1.80061435    -1.09011785
