          18
    2-Methoxy-2-methylpropane
 H       -2.50259990    -0.58537444    -0.00000027
 H       -1.41602941    -1.67866265     0.88534003
 H       -1.41602965    -1.67866109    -0.88534278
 H       -0.37652482     0.27937136     2.15971882
 H        0.22040673     1.69875486     1.27656602
 H       -1.50916775     1.35897924     1.32345884
 O        0.80073929    -0.74030484    -0.00000052
 C       -0.41168518     0.02658598     0.00000001
 C       -0.52030378     0.89354814     1.26550480
 C       -1.50898878    -1.04326463    -0.00000081
 C       -0.52030369     0.89355003    -1.26550348
 H        0.22040665     1.69875694    -1.27656332
 H       -1.50916775     1.35898100    -1.32345705
 H       -0.37652440     0.27937463    -2.15971839
 C        2.02335448    -0.04408845    -0.00000001
 H        2.81059408    -0.80336026    -0.00000056
 H        2.15703469     0.58634796     0.89095281
 H        2.15703471     0.58634925    -0.89095192
