          11
  2-Bromopropane
Br       -0.85258718    -0.00001116    -0.01860043
 C        1.10101847    -0.00000260     0.40618013
 C        1.72827967    -1.27455564    -0.13639497
 C        1.72816229     1.27460663    -0.13638924
 H        1.65947186     1.31243029    -1.22728338
 H        1.24621863     2.16529126     0.27210534
 H        2.78956180     1.29835158     0.14080035
 H        1.65890130    -1.31279818    -1.22723001
 H        1.24695405    -2.16528272     0.27273822
 H        2.78987233    -1.29767403     0.14009578
 H        1.10640527    -0.00002064     1.49696956
