          12
    Bromobenzene
 C        0.26941502     0.00000001     0.00000000
 C        3.04144826    -0.00000000    -0.00000000
 C        0.94879358    -1.21440946     0.00000000
 C        0.94879359     1.21440947     0.00000000
 C        2.34278340    -1.20560781    -0.00000000
 C        2.34278341     1.20560780     0.00000000
Br       -1.64088785    -0.00000000    -0.00000000
 H        4.12629216    -0.00000001    -0.00000000
 H        0.39898982    -2.14782808     0.00000000
 H        0.39898984     2.14782810    -0.00000000
 H        2.88000433    -2.14857827    -0.00000000
 H        2.88000434     2.14857826    -0.00000000
