          20
       Bromohexane
 C       -0.81604249     0.81032182     0.00000449
 C        0.36362984    -0.14856371     0.00000245
 C        1.70178810     0.60800452     0.00000081
 C        2.91476673    -0.33041518     0.00000346
 C        4.25638048     0.41150732    -0.00000628
 C        5.46340041    -0.53153343     0.00000063
Br       -2.54649314    -0.14554623    -0.00000103
 H        6.40558623     0.02550191    -0.00000847
 H        5.45928749    -1.17943355    -0.88368044
 H        5.45929285    -1.17941379     0.88369620
 H       -0.84009148     1.44044504    -0.88926820
 H       -0.84009370     1.44043873     0.88928157
 H        0.30364378    -0.79995507     0.87915182
 H        0.30364139    -0.79995426    -0.87914732
 H        1.75108156     1.26622673    -0.87833391
 H        1.75108139     1.26623132     0.87833210
 H        2.86344796    -0.98967756     0.87756469
 H        2.86344219    -0.98969008    -0.87754804
 H        4.30533964     1.07041055    -0.87716498
 H        4.30534301     1.07042773     0.87713934
