          15
 (1R,2R)-1,2-dibromocyclopentane
 C        0.00076888    -2.25437466     0.00001249
 C        0.46083730     0.08448828     0.60736287
 C       -0.46094891     0.08431160    -0.60731613
 C        0.33864709    -1.32274958     1.19647595
 C       -0.33854576    -1.32299766    -1.19628121
Br        2.32164474     0.42278354    -0.05248684
Br       -2.32178194     0.42262091     0.05244511
 H        0.84387830    -2.90234732    -0.24874678
 H       -0.84122669    -2.90384634     0.24862485
 H        1.23557592    -1.62044238     1.74035146
 H       -1.23577900    -1.62116460    -1.73939008
 H       -0.48828434    -1.30673943     1.91397325
 H        0.48776574    -1.30672683    -1.91448238
 H        0.28790396     0.89836236     1.30545500
 H       -0.28812291     0.89809395    -1.30554124
