          11
      (Ethenyloxy)ethene
 O       -0.00000943     0.31189528    -0.00000002
 C        1.17016420    -0.38413065     0.00000001
 C       -1.17016367    -0.38414820    -0.00000001
 C        2.35193484     0.22125716     0.00000000
 C       -2.35192619     0.22126121     0.00000002
 H        1.06005291    -1.46732973     0.00000004
 H       -1.06004631    -1.46734808    -0.00000004
 H        3.25792927    -0.36937326     0.00000003
 H       -3.25795043    -0.36932087     0.00000001
 H        2.43662281     1.30106957    -0.00000003
 H       -2.43656804     1.30107896     0.00000005
