          12
       Quinone
 C        1.44520483    -0.00000000     0.00000000
 C       -1.44520492    -0.00000000    -0.00000000
 O        2.66273508     0.00000000    -0.00000004
 O       -2.66273506     0.00000000    -0.00000004
 C        0.66981568    -1.26756732     0.00000003
 C        0.66981568     1.26756732     0.00000003
 C       -0.66981565     1.26756727     0.00000002
 C       -0.66981565    -1.26756727     0.00000002
 H        1.25945459    -2.17912694     0.00000003
 H        1.25945460     2.17912694     0.00000003
 H       -1.25945455     2.17912684     0.00000002
 H       -1.25945454    -2.17912684     0.00000002
