          11
 Methanesulfonylmethane
 S       -0.00000000    -0.12573192     0.00000001
 O        0.00000007    -0.84176790    -1.25658863
 O       -0.00000007    -0.84176772     1.25658874
 C       -1.40840916     0.99051952    -0.00000013
 C        1.40840916     0.99051952    -0.00000000
 H       -2.29356825     0.35160340     0.00000012
 H        2.29356825     0.35160341    -0.00000009
 H       -1.38864506     1.60412216     0.90180679
 H       -1.38864525     1.60412173    -0.90180734
 H        1.38864519     1.60412189     0.90180710
 H        1.38864510     1.60412200    -0.90180703
