          12
    Chlorobenzene
 C       -0.42419610     0.00000000    -0.00000000
 C        2.34882459    -0.00000000     0.00000000
Cl       -2.17662468    -0.00000000     0.00000000
 C        0.25638909     1.21426181    -0.00000000
 C        0.25638908    -1.21426181    -0.00000000
 H        3.43362659    -0.00000000     0.00000000
 C        1.64983461    -1.20564962     0.00000000
 C        1.64983461     1.20564962     0.00000000
 H       -0.29782173     2.14523353    -0.00000000
 H       -0.29782173    -2.14523353    -0.00000000
 H        2.18734663    -2.14839517     0.00000000
 H        2.18734664     2.14839516     0.00000000
