          11
    (2E)-but-2-enal
 H        3.09831773     0.16417000    -0.87791297
 C        2.53820498    -0.18130052     0.00000001
 H        2.53135180    -1.27404019    -0.00000015
 C        1.15575241     0.38538715    -0.00000001
 H        3.09831758     0.16416974     0.87791319
 C        0.01704395    -0.31820503    -0.00000002
 H        1.08289193     1.47427502     0.00000001
 H        0.00796188    -1.40559135    -0.00000003
 C       -1.29009704     0.35254741    -0.00000000
 O       -2.35742157    -0.21603148     0.00000001
 H       -1.23019568     1.46665588    -0.00000001
