          12
 1,2,3,5-Tetrafluorobenzene
 F        2.39293320     0.00000000     0.00000000
 C        1.06429343     0.00000000    -0.00000000
 C        0.35383059     1.19792368    -0.00000000
 F        1.03674682     2.33814247     0.00000000
 C       -1.03435002     1.21715895    -0.00000000
 H       -1.57230783     2.15607360    -0.00000000
 C       -1.70300370    -0.00000001    -0.00000000
 F       -3.03650497    -0.00000000     0.00000000
 C       -1.03435002    -1.21715896    -0.00000000
 H       -1.57230782    -2.15607361     0.00000000
 C        0.35383059    -1.19792368    -0.00000000
 F        1.03674683    -2.33814246     0.00000000
