          11
 1,1,1,2,3,3-Hexafluoropropane
 F       -1.35618378    -1.10592630    -0.96392003
 C       -1.15780062    -0.09494555    -0.10076237
 C        0.19457465     0.55773905    -0.39566694
 C        1.35347370    -0.43766611    -0.32487872
 F        1.52652824    -0.85484105     0.94582035
 F        2.48127042     0.19344152    -0.72286788
 F        0.39780178     1.55831715     0.50830580
 F       -1.22259914    -0.57794470     1.13645458
 F       -2.14395371     0.78882405    -0.25868909
 H        0.15142012     0.97209415    -1.40996198
 H        1.18026021    -1.30654403    -0.97163253
