          18
 1,2,3,6-Tetrahydrobenzaldehyde
 C        1.97833866    -0.04188633     0.32012217
 C        0.55906139    -0.00910957    -0.20150558
 C       -0.19417889     1.19936897     0.39452611
 C       -1.62329875     1.28364052    -0.16035534
 C       -2.31084585    -0.05673705    -0.16432715
 C       -1.66516786    -1.21150695    -0.00628630
 C       -0.17095606    -1.32033226     0.15912146
 O        2.97235676     0.06139536    -0.34998881
 H        2.04696336    -0.16918241     1.42928233
 H        0.61359323     0.09673294    -1.29049449
 H        0.34992397     2.12630554     0.18410660
 H       -0.23338558     1.09164611     1.48651452
 H       -1.60758527     1.69374230    -1.18098945
 H       -2.20727156     1.99889132     0.43253285
 H       -3.38943890    -0.05735008    -0.30372718
 H       -2.22077996    -2.14655564     0.00124671
 H        0.06586398    -1.60722117     1.19629681
 H        0.21396887    -2.13723698    -0.46394687
