          14
 1,2,3-Propanetriol
 C        1.23550048    -0.10165367     0.71842847
 O        1.43076768    -0.94930281    -0.40526436
 C        0.00419195     0.79254602     0.50767275
 O        0.05766171     1.37258898    -0.79140444
 C       -1.30923632     0.01101884     0.63773976
 O       -1.41313035    -0.98219052    -0.38261198
 H        0.60462244    -1.44522166    -0.50847027
 H        2.13658493     0.51569857     0.79543634
 H        1.13535618    -0.67420306     1.65277301
 H        0.01008460     1.60054108     1.25262490
 H        0.67437616     0.81716246    -1.28895896
 H       -1.35763562    -0.51682946     1.59606052
 H       -2.15898136     0.70571641     0.58535840
 H       -1.41140826    -0.49018811    -1.21294854
