          11
 1,2,3-Trichloropropane
 C       -0.94764147     0.66774351    -0.60120385
 C        0.09842810     0.65416708     0.50648836
 C        0.51040420    -0.72217405     1.01022363
Cl        1.12561705    -1.81334208    -0.28355650
Cl        1.53639677     1.58031167    -0.09974193
Cl       -2.51377798    -0.00484095     0.00583083
 H       -1.14778178     1.68667691    -0.92654949
 H       -0.63775668     0.05559057    -1.44675870
 H       -0.26846906     1.21959524     1.36692376
 H        1.30193612    -0.63300145     1.75295246
 H       -0.35717006    -1.21632332     1.44974502
