          12
 1,2,4-Trifluorobenzene
 C       -1.59422743     0.03082240     0.00000000
 C       -0.66805569     1.06801600     0.00000000
 C        0.68039035     0.74481205     0.00000000
 C        1.09379808    -0.58719688     0.00000000
 C        0.15412140    -1.60615192     0.00000000
 C       -1.20654137    -1.30159330     0.00000000
 H       -0.98503752     2.10330466     0.00000000
 F        1.59894466     1.70750276     0.00000000
 F        2.39862393    -0.86100353    -0.00000000
 F       -2.89485762     0.33498859    -0.00000000
 H        0.49974636    -2.63340719     0.00000000
 H       -1.95913690    -2.08033626     0.00000000
