          24
 2‐[2‐(2‐hydroxyethoxy)ethoxy]ethanol
 O       -3.82470875    -0.48030344    -0.10372148
 C       -2.61598698    -1.21002816    -0.16459810
 C       -1.46345208    -0.42889996     0.44933827
 O       -1.37332724     0.77967008    -0.28977181
 C       -0.56651116     1.78792594     0.27289106
 C        0.87005450     1.36115627     0.56300235
 O        2.03695374    -1.88262433    -0.02564415
 C        2.91726159    -0.86019595     0.40503780
 C        2.74296285     0.35030378    -0.51010358
 O        1.42422811     0.83220276    -0.61579801
 H       -3.60618454     0.39839825    -0.43510489
 H       -2.35459163    -1.47095084    -1.20258365
 H       -2.76854084    -2.14273008     0.38926077
 H       -1.68354932    -0.21345581     1.50839552
 H       -0.52782754    -1.00169360     0.38286671
 H       -1.00298614     2.16690148     1.21384359
 H       -0.56575598     2.60245813    -0.45835152
 H        0.88199471     0.62355316     1.37848014
 H        1.43495581     2.24301908     0.91507510
 H        2.15958548    -2.64734110     0.54310369
 H        2.72840153    -0.58531967     1.45436490
 H        3.97272279    -1.17138768     0.33861775
 H        3.43247931     1.14154265    -0.16678744
 H        3.02801941     0.06684198    -1.52822183
