          30
 2,5,8,11-Tetraoxadodecane
 C       -6.48214741    -0.31498156    -0.00000017
 O       -5.29238965     0.43321555    -0.00000026
 C       -4.13748135    -0.37017353     0.00000036
 C       -2.93095768     0.55695643     0.00000017
 O       -1.77442031    -0.24607423     0.00000036
 C       -0.57778198     0.49503489     0.00000028
 C        0.57778174    -0.49503119    -0.00000033
 O        1.77442054     0.24607715    -0.00000039
 C        2.93095698    -0.55695486    -0.00000025
 C        4.13748207     0.37017325    -0.00000035
 O        5.29238883    -0.43321805     0.00000027
 C        6.48214814     0.31497661     0.00000028
 H       -7.31505472     0.39276865    -0.00000063
 H       -6.56121580    -0.95745424    -0.89172637
 H       -6.56121615    -0.95745347     0.89172656
 H       -4.10393951    -1.02255271     0.88829721
 H       -4.10393911    -1.02255351    -0.88829587
 H       -2.96395683     1.20833530    -0.88824521
 H       -2.96395684     1.20833574     0.88824522
 H       -0.51044376     1.14390291    -0.88824962
 H       -0.51044330     1.14390236     0.88825055
 H        0.51044323    -1.14389922     0.88824955
 H        0.51044278    -1.14389866    -0.88825057
 H        2.96395528    -1.20833385     0.88824508
 H        2.96395531    -1.20833417    -0.88824534
 H        4.10394144     1.02255251    -0.88829718
 H        4.10394099     1.02255322     0.88829594
 H        7.31505400    -0.39277530     0.00000106
 H        6.56121838     0.95744818    -0.89172655
 H        6.56121765     0.95744928     0.89172638
