          20
 1,1,3,3-Tetramethylurea
 C       -2.38694231    -0.52991993    -0.36906786
 N       -1.17483511     0.22118508    -0.08643857
 C        0.00000003    -0.51967997     0.00000004
 O        0.00000016    -1.74086966     0.00000007
 N        1.17483508     0.22118521     0.08643863
 C        2.38694236    -0.52991983     0.36906764
 C        1.38487658     1.43300173    -0.69231043
 C       -1.38487679     1.43300155     0.69231050
 H       -3.10737683     0.12426433    -0.87253579
 H       -2.85486786    -0.91980126     0.54716273
 H       -2.14757420    -1.37514440    -1.01259969
 H        3.10737757     0.12426497     0.87253385
 H        2.85486678    -0.91980259    -0.54716292
 H        2.14757474    -1.37514334     1.01260092
 H        0.44854895     1.76697260    -1.13730855
 H        2.09675136     1.24229327    -1.50887404
 H        1.79313407     2.24363620    -0.07492999
 H       -1.79313400     2.24363612     0.07492999
 H       -0.44854932     1.76697233     1.13730903
 H       -2.09675195     1.24229301     1.50887375
