          12
 1,2-Difluorobenzene
 C        0.74805547    -1.39788176     0.00000000
 C        1.95360812    -0.69633854    -0.00000000
 C        1.95359884     0.69635715    -0.00000000
 C        0.74803227     1.39787483     0.00000000
 C       -0.44831612     0.69712794     0.00000000
 C       -0.44831282    -0.69716140     0.00000000
 H        2.89005753    -1.24303700    -0.00000000
 H        2.89005041     1.24305287    -0.00000000
 H        0.71595151     2.48157769     0.00000000
 F       -1.61456202     1.34308179    -0.00000000
 F       -1.61457944    -1.34306844    -0.00000000
 H        0.71600200    -2.48158600     0.00000000
