          16
 1,2-Dimethoxyethane
 C        2.97153185    -0.16796546    -0.00000044
 O        1.72557039     0.48198113     0.00000084
 C        0.63922447    -0.41248573    -0.00000031
 C       -0.63922447     0.41248572    -0.00000038
 O       -1.72557040    -0.48198113     0.00000078
 C       -2.97153185     0.16796547    -0.00000040
 H        3.74497127     0.60440146     0.00000114
 H        3.10216457    -0.80209499    -0.89169165
 H        3.10216455    -0.80209861     0.89168821
 H        0.65898009    -1.06541361    -0.88824087
 H        0.65897911    -1.06541473     0.88823945
 H       -0.65898003     1.06541352    -0.88824100
 H       -0.65897915     1.06541480     0.88823932
 H       -3.74497128    -0.60440144     0.00000126
 H       -3.10216464     0.80209500    -0.89169161
 H       -3.10216446     0.80209864     0.89168825
