          13
 2,2-Dimethyloxirane
 O       -0.99722135    -0.00000003     0.74506035
 C        0.18284593     0.00000000    -0.07202987
 C       -1.15917747     0.00000005    -0.67471041
 C        0.98368924    -1.28362585    -0.02758223
 C        0.98368927     1.28362584    -0.02758219
 H       -1.56265034    -0.91904865    -1.09992552
 H       -1.56265029     0.91904881    -1.09992541
 H        0.32197174    -2.15323036    -0.02985227
 H        1.65762089    -1.35343264    -0.88854233
 H        1.59624552    -1.32240244     0.88007399
 H        0.32197171     2.15323031    -0.02985096
 H        1.59624650     1.32240184     0.88007342
 H        1.65762001     1.35343323    -0.88854295
