          13
  2-Ethyloxirane
 C        0.93630774    -0.65564136    -0.19913963
 C        2.08799448     0.33652696     0.00444530
 H        1.82091542     1.32020899    -0.39313104
 H        2.32413994     0.45685673     1.06755031
 H        2.99601867    -0.00226886    -0.50312447
 H        1.21417047    -1.64190443     0.19549493
 C       -0.33357951    -0.20278771     0.48029420
 H        0.73555212    -0.78304524    -1.26907361
 C       -1.66463742    -0.43374865    -0.09358573
 H       -0.26705280    -0.09289828     1.56585446
 H       -2.53451330    -0.51177072     0.55806773
 O       -1.05564273     0.85617088    -0.15505779
 H       -1.75286318    -0.95444676    -1.04703966
