          10
 1,2-Ethanedithiol
 C        0.67210854    -0.96578695     0.36421311
 C       -0.67210855    -0.96578694    -0.36421311
 S       -1.79980797     0.40875827     0.07807695
 S        1.79980797     0.40875826    -0.07807695
 H        1.13708599     1.37597349     0.58260830
 H        0.53119173    -0.97495028     1.44691160
 H        1.22849632    -1.86893400     0.09132475
 H       -1.22849632    -1.86893400    -0.09132475
 H       -0.53119174    -0.97495028    -1.44691159
 H       -1.13708596     1.37597349    -0.58260828
