          15
   1,2,3,4,5-Pentafluoro-6-methylbenzene
 F       -2.55531501     0.95043744     0.00000049
 C       -1.29555839     0.51276858    -0.00000022
 C       -0.25460495     1.43988415     0.00000045
 C       -0.53817654     2.91917073    -0.00000065
 C        1.04209442     0.93168776    -0.00000024
 F        2.08555114     1.76257963     0.00000070
 C        1.30030456    -0.43707896    -0.00000003
 F        2.54970129    -0.88709288     0.00000019
 C        0.23844289    -1.33555317    -0.00000025
 F        0.47034141    -2.64126885    -0.00000069
 C       -1.07040683    -0.85903612     0.00000016
 F       -2.08702141    -1.71314161     0.00000033
 H        0.39197418     3.48741392     0.00013655
 H       -1.12176317     3.20510727    -0.88066179
 H       -1.12200322     3.20505871     0.88051532
