          12
 1,2,3,4,5-Pentafluorobenzene
 C       -1.19534006    -0.99184583    -0.00000000
 C       -0.00000000    -1.69698057    -0.00000000
 C        1.19534006    -0.99184583    -0.00000000
 C        1.20892470     0.40038878     0.00000000
 C        0.00000000     1.09265036    -0.00000000
 C       -1.20892470     0.40038878    -0.00000000
 F        2.35613546    -1.63998278    -0.00000000
 F        2.35503759     1.06925618     0.00000000
 F       -0.00000000     2.41776997    -0.00000000
 F       -2.35503759     1.06925619    -0.00000000
 F       -2.35613546    -1.63998279     0.00000000
 H       -0.00000000    -2.77928298    -0.00000000
