          12
    1,3,5-Trioxane
 O       -0.24044112     1.32071618    -0.22789473
 C        1.01280331     0.85940730     0.21196203
 O        1.26401204    -0.45211844    -0.22810965
 C        0.23794471    -1.30671069     0.21204103
 O       -1.02353685    -0.86864625    -0.22796852
 C       -1.25077342     0.44734501     0.21182381
 H       -1.30562219     0.46680738     1.31779600
 H       -2.19271670     0.78429246    -0.22354413
 H        0.41714914    -2.29117743    -0.22275266
 H        0.24843683    -1.36314833     1.31804814
 H        1.77562628     1.50685424    -0.22306203
 H        1.05688851     0.89664606     1.31796006
