          12
 1,3-Dichlorobenzene
 C        1.21203021    -1.43637869    -0.00000000
 C        0.00000000    -2.12251160     0.00000000
 C       -1.21203020    -1.43637870     0.00000000
 C       -1.19387517    -0.04443329    -0.00000000
 C       -0.00000000     0.67145368    -0.00000000
 C        1.19387517    -0.04443329    -0.00000000
 H        0.00000001    -3.20742880     0.00000000
 H       -2.15643446    -1.96628889     0.00000000
Cl       -2.70532755     0.83475734     0.00000000
 H        0.00000000     1.75335837    -0.00000000
Cl        2.70532754     0.83475734     0.00000000
 H        2.15643446    -1.96628889    -0.00000000
