          14
      1,3-Dioxane
 C       -1.24319499    -0.66661630     0.21968621
 O       -1.16937030     0.67703363    -0.23681481
 C       -0.00000002     1.30206478     0.21744170
 O        1.16937032     0.67703364    -0.23681479
 C        1.24319498    -0.66661632     0.21968620
 C       -0.00000000    -1.44677297    -0.21810053
 H       -1.32973341    -0.68241740     1.32051284
 H       -2.16075393    -1.08888666    -0.19858462
 H        2.16075392    -1.08888666    -0.19858467
 H        1.32973344    -0.68241744     1.32051281
 H       -0.00000001     2.31681642    -0.18658372
 H       -0.00000001     1.33052861     1.32600589
 H        0.00000001    -2.45203435     0.21856091
 H       -0.00000001    -1.54511923    -1.30869505
