          11
   1,3-Dithiolane
 S       -1.49602486    -0.28312789    -0.12362645
 C       -0.69189410     1.27673078     0.37647443
 C       -0.01442732    -1.32332080     0.11715273
 H       -0.00859189    -2.07723834    -0.67143970
 H       -0.03309348    -1.81429099     1.09131955
 S        1.50820043    -0.29046953     0.02373445
 H       -1.33247801     2.09160090     0.02677968
 C        0.68017498     1.31390425    -0.28634329
 H       -0.60823958     1.33112124     1.46481962
 H        1.31731254     2.08878884     0.15021250
 H        0.59015614     1.48701660    -1.36083190
