          15
 1,3-Propanediamine
 N        2.46017258    -0.34926021    -0.05333210
 N       -2.46017258    -0.34926018     0.05333212
 C       -0.00000001    -0.32671711    -0.00000002
 C        1.27624901     0.51459751     0.00597982
 C       -1.27624902     0.51459752    -0.00597982
 H        3.30284438     0.21717790    -0.06345764
 H        2.51187117    -0.91251755     0.79104637
 H       -3.30284444     0.21717783     0.06345734
 H       -2.51187092    -0.91251799    -0.79104604
 H        0.01997987    -0.98348472    -0.87930210
 H       -0.01997988    -0.98348476     0.87930205
 H        1.25943889     1.18838910     0.88194061
 H        1.29201653     1.16103214    -0.88114334
 H       -1.25943891     1.18838910    -0.88194062
 H       -1.29201653     1.16103220     0.88114331
