          16
   1,4-Butanediol
 O        3.04083997    -0.27036363    -0.00000020
 H        3.80854283     0.30730199    -0.00000007
 C        1.87482123     0.53808639     0.00000011
 H        1.84312320     1.19255774     0.88703755
 H        1.84312293     1.19255801    -0.88703712
 C        0.66214014    -0.38379679     0.00000015
 H        0.72549077    -1.03693004    -0.87932513
 H        0.72549071    -1.03692996     0.87932548
 C       -0.66214014     0.38379684     0.00000005
 H       -0.72549079     1.03693012     0.87932530
 H       -0.72549072     1.03692996    -0.87932532
 C       -1.87482121    -0.53808638     0.00000007
 H       -1.84312294    -1.19255799    -0.88703717
 H       -1.84312310    -1.19255775     0.88703750
 O       -3.04083998     0.27036359    -0.00000014
 H       -3.80854282    -0.30730207    -0.00000024
