          16
 1,4-Butanedithiol
 C        1.82344440     0.69577781    -0.00000041
 C        0.69139650    -0.33381009    -0.00000023
 C       -0.69139650     0.33381004    -0.00000014
 C       -1.82344442    -0.69577784    -0.00000039
 S       -3.44229993     0.17743746     0.00000027
 S        3.44229994    -0.17743743     0.00000029
 H        4.22281545     0.91852791    -0.00000049
 H        1.76180070     1.33092005     0.88765489
 H        1.76180108     1.33091932    -0.88765625
 H        0.78936183    -0.98183745    -0.87977755
 H        0.78936196    -0.98183731     0.87977717
 H       -0.78936190     0.98183713     0.87977736
 H       -0.78936188     0.98183753    -0.87977735
 H       -1.76180107    -1.33091932    -0.88765625
 H       -1.76180078    -1.33092010     0.88765489
 H       -4.22281548    -0.91852784    -0.00000021
