          21
 1,5-Pentanediamine
 C       -0.00000001    -0.49067277     0.00000003
 C        1.27921874     0.35278840    -0.00747834
 C        2.55715620    -0.48717212     0.00310154
 N        3.74284008     0.37483370    -0.05019549
 C       -1.27921876     0.35278842     0.00747828
 C       -2.55715620    -0.48717213    -0.00310159
 N       -3.74284006     0.37483369     0.05019555
 H       -0.00303600    -1.15235443    -0.87770012
 H        0.00303598    -1.15235428     0.87770030
 H        1.29828563     1.00597178    -0.88836745
 H        1.28043373     1.01833552     0.86811324
 H        2.53594396    -1.16332356     0.87718647
 H        2.57396895    -1.13151201    -0.88550472
 H        3.79866339     0.92902343     0.79996880
 H        4.58449088    -0.19294462    -0.06872662
 H       -1.29828569     1.00597188     0.88836733
 H       -1.28043370     1.01833549    -0.86811334
 H       -2.53594399    -1.16332356    -0.87718653
 H       -2.57396889    -1.13151209     0.88550463
 H       -3.79866336     0.92902360    -0.79996862
 H       -4.58449090    -0.19294455     0.06872670
