          17
 1-Bromo-2,2-dimethylpropane
 C       -0.32632702     0.91281937    -0.00110156
 C       -1.54608887    -0.01894006     0.00006315
 C       -2.77861643     0.91429697    -0.00265481
 C       -1.57469227    -0.89416913     1.26373927
 C       -1.57350773    -0.89958415    -1.25992067
Br        1.43384857     0.00040133    -0.00002507
 H       -0.30294311     1.54099126    -0.89188846
 H       -0.30311982     1.54321428     0.88813233
 H       -3.69909575     0.32159448    -0.00215513
 H       -2.79481449     1.55550605    -0.89066059
 H       -2.79639667     1.55916357     0.88269097
 H       -2.48281224    -1.50550630     1.28217298
 H       -0.71289662    -1.56554031     1.30168470
 H       -1.56534590    -0.28052539     2.17150912
 H       -1.56021881    -0.29013253    -2.17046789
 H       -2.48317582    -1.50866298    -1.27800514
 H       -0.71332947    -1.57325995    -1.29254288
