          17
 1-Bromo-3-methylbutane
Br       -1.82702987    -0.05802251    -0.04988953
 C        2.48922436    -0.02132061     0.32254244
 C        1.05494129    -0.41482947    -0.09442577
 C        3.46895754    -1.13614032    -0.07103179
 C        2.93087578     1.32224446    -0.27684416
 C       -0.00510371     0.54179390     0.43038506
 H        2.50713781     0.07101672     1.41836637
 H        0.83650179    -1.42109920     0.27935656
 H        0.99172147    -0.46544409    -1.18827115
 H        3.19046990    -2.09270803     0.38310225
 H        4.48787775    -0.89480879     0.24892979
 H        3.48626641    -1.27521390    -1.15851752
 H        3.95971196     1.55719665     0.01466445
 H        2.89599816     1.29004180    -1.37252991
 H        2.30071081     2.15387788     0.05307527
 H       -0.00523202     0.60368436     1.51899211
 H        0.07465398     1.54314530     0.01089250
