          15
 1-Bromo-4-methylbenzene
Br       -2.03111377     0.00000000    -0.00209239
 C       -0.12097307     0.00000000    -0.00007761
 C        0.56370184    -1.21045812     0.00348562
 C        1.95646076    -1.19869603     0.00874133
 C        2.67621917    -0.00000001     0.00825090
 C        1.95646077     1.19869603     0.00874133
 C        0.56370184     1.21045813     0.00348562
 H        0.01935216    -2.14724308     0.00628466
 H        2.49094969    -2.14448420     0.01521168
 C        4.18550024    -0.00000000    -0.01548620
 H        2.49094970     2.14448420     0.01521171
 H        0.01935217     2.14724309     0.00628465
 H        4.59288969     0.88565486     0.48064981
 H        4.56589843     0.00000072    -1.04453992
 H        4.59288966    -0.88565555     0.48064858
