          32
   1-Bromodecane
 C       -3.08361971    -0.79872186     0.00000036
 C       -1.87252711     0.12015817    -0.00000010
 C       -0.56040794    -0.68074542     0.00000017
 C        0.68346707     0.21681943    -0.00000008
 C        1.99933580    -0.56979776    -0.00000001
 C        3.24388288     0.32562987     0.00000008
 C        4.56075915    -0.45938966    -0.00000021
 C        5.80546232     0.43526605     0.00000020
 C        7.12289429    -0.34879230    -0.00000038
 C        8.36101408     0.55308702     0.00000022
 H        8.37850986     1.20111974     0.88358104
 H        3.21510805     0.98694499    -0.87736000
 H        2.02726239    -1.23094211    -0.87751623
 H        0.65336952     0.87722014     0.87754542
 H       -0.53337278    -1.34027181    -0.87829499
 H       -1.91061368     0.77318501     0.87916397
 H       -3.12878367    -1.42770242    -0.88926985
 H        4.58899353    -1.12087054     0.87738314
 H        5.77784381     1.09704887    -0.87730071
 H        7.15045142    -1.00937398     0.87695842
 H        9.28483908    -0.03422887    -0.00000028
 H        3.21510819     0.98694461     0.87736046
 H        2.02726229    -1.23094213     0.87751619
 H        0.65336942     0.87721980    -0.87754582
 H       -0.53337279    -1.34027127     0.87829574
 H       -1.91061378     0.77318426    -0.87916472
 H       -3.12878362    -1.42770160     0.88927116
 H        4.58899357    -1.12086980    -0.87738411
 H        5.77784397     1.09704785     0.87730189
 H        7.15045137    -1.00937274    -0.87696011
 H        8.37850975     1.20112107    -0.88357963
Br       -4.78125607     0.21437740    -0.00000005
