          38
 1-Bromododecane
Br       -5.95395267     0.24322712     0.00000246
 C        2.07129944     0.28175878    -0.00000576
 C        3.38164917    -0.51417285    -0.00000101
 C        0.81920226    -0.60307967    -0.00000352
 C        4.63376153     0.37051448    -0.00000472
 C       -0.48980845     0.19493097    -0.00000485
 C        5.94449140    -0.42475513     0.00000301
 C       -1.74163899    -0.69148293    -0.00000348
 C        7.19645310     0.45970401    -0.00000163
 C       -3.04634976     0.12145958    -0.00000194
 C        8.50764207    -0.33475390     0.00000801
 C       -4.26604116    -0.78596655    -0.00000089
 C        9.75302897     0.55707696     0.00000277
 H        2.04816653     0.94331884     0.87733773
 H        2.04816835     0.94331182    -0.87735458
 H        3.40434738    -1.17585787    -0.87735580
 H        3.40434623    -1.17584888     0.87736059
 H        0.84135913    -1.26443482     0.87751126
 H        0.84135877    -1.26443877    -0.87751532
 H        4.61066567     1.03224958     0.87729175
 H        4.61066873     1.03223791    -0.87731007
 H       -0.51397612     0.85559150    -0.87753464
 H       -0.51397605     0.85559407     0.87752301
 H        5.96740820    -1.08654562    -0.87732518
 H        5.96740553    -1.08653262     0.87734108
 H       -1.72064974    -1.35122173    -0.87829411
 H       -1.72064782    -1.35122165     0.87828718
 H        7.17426604     1.12176984     0.87726439
 H        7.17426992     1.12175513    -0.87727885
 H       -3.07822387     0.77481016    -0.87916460
 H       -3.07822195     0.77480958     0.87916123
 H        8.52986670    -0.99555460     0.87695469
 H        8.52987036    -0.99557001    -0.87692696
 H       -4.31717732    -1.41448468     0.88927470
 H       -4.31717995    -1.41448326    -0.88927733
 H       10.67216588    -0.03759929     0.00001016
 H        9.77576132     1.20498177    -0.88357492
 H        9.77575739     1.20499762     0.88356894
