          23
  1-Bromoheptane
 C       -6.26494438    -0.12123961    -0.00000008
 C       -4.91874416     0.60942986     0.00000006
 C       -3.71688339    -0.34259379    -0.00000025
 C       -2.36605307     0.38182447     0.00000028
 C       -1.16501524    -0.57233885    -0.00000006
 C        0.18246474     0.16756619     0.00000005
 C        1.35049108    -0.80549553     0.00000033
 H        0.25036690     0.81820177     0.87912304
 H       -6.36804890    -0.76108785    -0.88365602
 H       -4.85823252     1.26752243    -0.87702149
 H       -3.77669642    -1.00183651     0.87746964
 H       -2.30516922     1.04011929    -0.87752463
 H       -1.22258601    -1.22986556     0.87828295
 H       -7.10262978     0.58333194    -0.00000001
 H       -4.85823245     1.26752195     0.87702196
 H       -3.77669620    -1.00183563    -0.87747082
 H       -2.30516942     1.04011838     0.87752589
 H       -1.22258609    -1.22986508    -0.87828342
 H        0.25036711     0.81820155    -0.87912309
 H       -6.36804894    -0.76108808     0.88365570
 H        1.36701741    -1.43583535    -0.88928752
 H        1.36701748    -1.43583474     0.88928861
Br        3.09223454     0.12965595    -0.00000006
