          50
 1-Bromohexadecane
Br        8.36088233    -0.28715284    -0.00000042
 C       -2.22841396    -0.30504439     0.00000049
 C       -3.53008618     0.50509944     0.00000028
 C       -0.96652004     0.56564146     0.00000238
 C       -4.79233111    -0.36508223     0.00000221
 C        0.33514036    -0.24450657    -0.00000056
 C       -6.09385435     0.44529410    -0.00000187
 C        1.59651969     0.62704042     0.00000248
 C       -7.35637257    -0.42447709     0.00000197
 C        2.89726561    -0.18442543     0.00000037
 C       -8.65764516     0.38625132    -0.00000127
 C        4.15795308     0.68935119     0.00000042
 C       -9.92038674    -0.48274168    -0.00000053
 C        5.45450979    -0.13658513     0.00000144
 C      -11.22159814     0.32802768     0.00000046
 C        6.68313650     0.75868770    -0.00000305
 C      -12.47824948    -0.54789418    -0.00000250
 H       -2.21250838    -0.96699015     0.87730061
 H       -2.21250715    -0.96698823    -0.87730106
 H       -3.54568137     1.16710811    -0.87729731
 H       -3.54568042     1.16711045     0.87729611
 H       -0.98218512     1.22754880     0.87734383
 H       -0.98218589     1.22755392    -0.87733519
 H       -4.77668211    -1.02708524     0.87729269
 H       -4.77668059    -1.02709161    -0.87728343
 H        0.35144374    -0.90626036    -0.87734855
 H        0.35144379    -0.90626681     0.87734257
 H       -6.10931081     1.10733834    -0.87728686
 H       -6.10931119     1.10734678     0.87727675
 H        1.58101278     1.28860880    -0.87749253
 H        1.58101240     1.28860338     0.87750156
 H       -7.34095679    -1.08650324    -0.87728034
 H       -7.34095670    -1.08649568     0.87728997
 H        2.91499734    -0.84529414    -0.87752289
 H        2.91499861    -0.84529651     0.87752182
 H       -8.67285510     1.04833067    -0.87730063
 H       -8.67285670     1.04833487     0.87729489
 H        4.14334191     1.34925184    -0.87829742
 H        4.14334143     1.34925292     0.87829743
 H       -9.90627699    -1.14502614    -0.87728347
 H       -9.90627602    -1.14502642     0.87728219
 H        5.47999906    -0.79025168    -0.87913632
 H        5.48000117    -0.79024603     0.87914332
 H      -11.23552532     0.98912335     0.87690961
 H      -11.23552425     0.98912762    -0.87690549
 H        6.74051773     1.38665148    -0.88927659
 H        6.74051929     1.38665864     0.88926533
 H      -13.38981307     0.05835991    -0.00000009
 H      -12.50908335    -1.19551205    -0.88354493
 H      -12.50908306    -1.19551866     0.88353508
