          29
   1-Bromononane
Br        4.21042327    -0.16666947     0.00000003
 C       -2.58537658     0.47331847     0.00000034
 C       -1.25268169    -0.28439415     0.00000037
 C       -3.80972152    -0.44957256    -0.00000013
 C       -0.02837558     0.63972981    -0.00000010
 C       -5.14384091     0.30523932     0.00000041
 C        1.30037236    -0.13324918     0.00000036
 C       -6.36812317    -0.61761089    -0.00000077
 C        2.49195381     0.81077292    -0.00000074
 C       -7.69714459     0.14394878     0.00000013
 H       -2.62774562     1.13366749     0.87751515
 H       -2.62774534     1.13366793    -0.87751415
 H       -1.20839832    -0.94402030    -0.87751848
 H       -1.20839807    -0.94401979     0.87751960
 H       -3.76620375    -1.11012601     0.87735606
 H       -3.76620383    -1.11012492    -0.87735715
 H       -0.06936279     1.29851842    -0.87828527
 H       -0.06936280     1.29851941     0.87828432
 H       -5.18809285     0.96602532    -0.87736006
 H       -5.18809314     0.96602351     0.87736222
 H        1.35202750    -0.78534626    -0.87915145
 H        1.35202782    -0.78534466     0.87915334
 H       -6.32341287    -1.27723540    -0.87693266
 H       -6.32341295    -1.27723759     0.87692948
 H        2.52414729     1.44057143     0.88926420
 H        2.52414705     1.44056960    -0.88926699
 H       -8.55126247    -0.54074496    -0.00000091
 H       -7.78521699     0.78617120    -0.88359475
 H       -7.78521718     0.78616875     0.88359678
