          15
   1-Butanethiol
 C        3.10768446     0.43805546    -0.00000005
 H        4.04953976    -0.11931063     0.00000034
 H        3.10288958     1.08544396     0.88383664
 H        3.10288981     1.08544310    -0.88383738
 C        1.90197760    -0.50678897     0.00000025
 H        1.95029230    -1.16450456    -0.87776231
 H        1.95029214    -1.16450380     0.87776339
 C        0.56220045     0.24131011    -0.00000017
 H        0.50694561     0.89591338     0.87905766
 H        0.50694592     0.89591301    -0.87905829
 C       -0.63530463    -0.71055816    -0.00000019
 H       -0.61623898    -1.34891418    -0.88750314
 H       -0.61623882    -1.34891443     0.88750258
 S       -2.19612540     0.26378036     0.00000009
 H       -3.04661106    -0.77902515    -0.00000038
