          15
 1-Chloro-2-ethoxyethane
Cl       -2.69373680     0.10971764    -0.00013256
 C       -1.06579630    -0.66716992     0.00003411
 C        0.02417437     0.39446827     0.00015925
 O        1.25354669    -0.28876157     0.00050232
 C        2.37543956     0.57296920     0.00003974
 C        3.63623223    -0.27541110    -0.00039701
 H       -1.00450448    -1.29330728    -0.89008503
 H       -1.00467187    -1.29334191     0.89014596
 H       -0.07739061     1.03842790     0.88844452
 H       -0.07690952     1.03820936    -0.88833488
 H        2.34777020     1.22836111    -0.88678423
 H        2.34837050     1.22848375     0.88677165
 H        4.52431488     0.36361586    -0.00098176
 H        3.66764165    -0.91538985    -0.88673140
 H        3.66859368    -0.91507909     0.88613423
