          14
 1-Chloro-2-methylpropane
 C        0.17424311     0.70751011     0.35852484
 C       -0.99096810    -0.01296920    -0.31977568
 C       -2.28115886     0.78060465    -0.05253842
 C       -1.12721041    -1.46731452     0.14457995
Cl        1.79054717     0.00233228    -0.07232192
 H        0.10211170     0.65142514     1.44727097
 H        0.22397029     1.75546888     0.05925679
 H       -0.79842595    -0.00554108    -1.39995763
 H       -0.21422110    -2.03524237    -0.05032268
 H       -1.95425223    -1.96173282    -0.37450272
 H       -1.33310425    -1.51505979     1.22085004
 H       -2.20738453     1.80974009    -0.41938607
 H       -2.50610254     0.82014267     1.01980805
 H       -3.13228735     0.30663329    -0.55094541
