          14
 1-Chloro-2-nitrobenzene
 C        0.03464186    -0.57705632     0.02251943
 C       -0.44112021     0.73979303    -0.01174618
 C       -1.82025656     0.95485190    -0.00194270
 C       -2.70322081    -0.11756255     0.05757362
 C       -2.22233030    -1.42561215     0.08553724
 C       -0.85365417    -1.65133056     0.05499131
 N        1.46974034    -0.91575539     0.03736497
 O        1.78940219    -1.96663577    -0.50320713
 O        2.23404522    -0.15474338     0.60648457
Cl        0.58661780     2.13245113    -0.13942619
 H       -2.18585374     1.97362435    -0.04562180
 H       -3.77091685     0.07373109     0.07436303
 H       -2.90731711    -2.26477015     0.12672576
 H       -0.44067943    -2.65182782     0.06008859
