          14
 1-Chloro-4-nitrobenzene
 C       -1.11636474     0.00000012     0.00000000
 C       -0.44237401     1.21691667     0.00000006
 C        0.94692202     1.21734931     0.00000007
 C        1.62788545    -0.00000002     0.00000000
 C        0.94692191    -1.21734928    -0.00000006
 C       -0.44237410    -1.21691644    -0.00000006
 N       -2.58787794    -0.00000013    -0.00000000
 O       -3.15303112    -1.08518381     0.00000013
 O       -3.15303116     1.08518376    -0.00000014
 H       -1.00940402     2.13835359     0.00000010
 H        1.50057852     2.14810344     0.00000013
Cl        3.37059114    -0.00000006    -0.00000000
 H        1.50057831    -2.14810346    -0.00000012
 H       -1.00940446    -2.13835315    -0.00000010
