          18
 1-Chloronaphthalene
 C       -1.21354246     0.10063076     0.00006157
 C        0.16874467    -0.23937326     0.00005688
 C       -1.64621709     1.40370709     0.00010149
Cl       -2.42204709    -1.17243897    -0.00010023
 C        0.65895242    -1.56979010     0.00016115
 C        1.10934661     0.84416528    -0.00004748
 C       -0.70379527     2.45543199     0.00007337
 C        2.00996656    -1.82064503     0.00009803
 C        2.49588167     0.54304861    -0.00013248
 C        0.64095148     2.18254583    -0.00003482
 C        2.93928422    -0.75619024    -0.00007033
 H       -2.70826887     1.61771590     0.00012308
 H       -0.05011289    -2.38847881     0.00030907
 H       -1.05823764     3.48086039     0.00011548
 H        2.36785197    -2.84517466     0.00017832
 H        3.20263639     1.36776165    -0.00021213
 H        1.36845795     2.98852373    -0.00009249
 H        4.00320761    -0.97019254    -0.00012704
