          26
  1-Chlorooctane
 C        5.83710956     0.46443162     0.00000003
 C        4.58710471    -0.42085434     0.00000024
 C        3.28054443     0.38118449    -0.00000012
 C        2.02415465    -0.49704010     0.00000002
 C        0.71896354     0.30705291    -0.00000015
 C       -0.53704017    -0.57313348    -0.00000014
 C       -1.83786688     0.24347739    -0.00000006
 C       -3.06555855    -0.65594441    -0.00000009
 H        6.75281158    -0.13538425     0.00000037
 H        5.86331772     1.11209577     0.88360281
 H        5.86331791     1.11209507    -0.88360327
 H        4.60567982    -1.08165478    -0.87700402
 H        4.60567969    -1.08165417     0.87700497
 H        3.26166723     1.04311581    -0.87734189
 H        3.26166706     1.04311633     0.87734125
 H        2.04320440    -1.15856333     0.87752322
 H        2.04320444    -1.15856366    -0.87752294
 H        0.69792175     0.96790475     0.87750539
 H        0.69792185     0.96790458    -0.87750583
 H       -0.51817374    -1.23325561    -0.87819250
 H       -0.51817369    -1.23325568     0.87819216
 H       -1.87023223     0.89693407    -0.87931223
 H       -1.87023218     0.89693394     0.87931221
Cl       -4.60466944     0.30437588     0.00000012
 H       -3.10664613    -1.28941983     0.88792815
 H       -3.10664624    -1.28941962    -0.88792847
