          29
 1‐ethoxy‐2‐(2‐ethoxyethoxy)ethane
 O       -0.00000141    -1.24436949     0.20586924
 C       -1.17498412    -1.77782971    -0.35426850
 C       -2.37995186    -1.11030829     0.27949634
 O       -2.49197810     0.20393375    -0.20576955
 C       -3.54061712     0.93420619     0.39008052
 C       -3.56120186     2.33003648    -0.21202993
 C        1.17498153    -1.77782918    -0.35426864
 C        2.37994886    -1.11030895     0.27949829
 O        2.49197978     0.20393165    -0.20577059
 C        3.54061319     0.93420587     0.39008721
 C        3.56121101     2.33003052    -0.21203585
 H       -1.23194032    -2.86683473    -0.17765727
 H       -1.20108314    -1.61416020    -1.44403703
 H       -2.26184221    -1.11780182     1.37590567
 H       -3.28498297    -1.69550118     0.03757589
 H       -3.39522004     0.98674035     1.48297159
 H       -4.50633167     0.42555121     0.22017867
 H       -2.60863198     2.83639390    -0.03264821
 H       -4.36370251     2.92649656     0.23263645
 H       -3.72301724     2.27889904    -1.29259286
 H        1.20108144    -1.61415817    -1.44403690
 H        1.23193716    -2.86683447    -0.17765892
 H        3.28497966    -1.69550427     0.03758260
 H        2.26183521    -1.11779956     1.37590718
 H        4.50632833     0.42554611     0.22020312
 H        3.39520131     0.98675032     1.48297581
 H        3.72304188     2.27888245    -1.29259595
 H        4.36370708     2.92649226     0.23263658
 H        2.60864013     2.83639266    -0.03267267
