          18
 1-Ethoxypropane
 O        0.62112655     0.27814232     0.00000007
 C       -1.75018545     0.55648453    -0.00000017
 C       -0.59385727    -0.43530868     0.00000010
 C        1.76051030    -0.55221170    -0.00000018
 C       -3.11449703    -0.13835510     0.00000008
 C        3.00213542     0.32548215     0.00000009
 H       -1.65267767     1.20449396     0.87867481
 H       -1.65267770     1.20449343    -0.87867554
 H       -0.65417756    -1.09243014    -0.88653780
 H       -0.65417769    -1.09242985     0.88653820
 H        1.75335929    -1.21079482    -0.88623521
 H        1.75335930    -1.21079536     0.88623445
 H       -3.92872999     0.59220022    -0.00000027
 H       -3.23910758    -0.77375186    -0.88404538
 H       -3.23910764    -0.77375110     0.88404607
 H        3.90642766    -0.29072919    -0.00000013
 H        3.01784112     0.96668137     0.88603552
 H        3.01784108     0.96668195    -0.88603491
