          17
 1-Fluoro-2-methylbutane
 C        2.26773890    -0.91170354    -0.16543057
 C        0.86255829    -0.70103676     0.40719590
 C        0.06312203     0.42827570    -0.26692277
 C        0.63883076     1.82399988     0.00832326
 C       -1.39636614     0.38770156     0.17611501
 F       -1.96778789    -0.83336820    -0.13662625
 H        2.76359083    -1.75801999     0.32024253
 H        2.22752469    -1.12408713    -1.23983367
 H        2.90667000    -0.03406915    -0.02423347
 H        0.28698358    -1.62688420     0.30539035
 H        0.92915840    -0.49441688     1.48498241
 H        0.07138748     0.25327047    -1.35246614
 H        0.64584638     2.04181324     1.08323719
 H        1.66677144     1.91060715    -0.35291717
 H        0.05022696     2.60409264    -0.48672268
 H       -1.47702796     0.53329482     1.26310039
 H       -1.98026783     1.17298211    -0.32178595
