          29
  1-Fluorononane
 F       -5.46490360     0.25970832    -0.00000066
 C        0.77357971    -0.40421500     0.00000077
 C       -0.52548407     0.40941442     0.00000125
 C        2.03705469     0.46415095     0.00000022
 C       -1.78795775    -0.46062953     0.00000023
 C        3.33691586    -0.34818478     0.00000060
 C       -3.08431315     0.35693792     0.00000086
 C        4.60084874     0.51950814    -0.00000151
 C       -4.32495997    -0.52175932    -0.00000110
 C        5.89471817    -0.30036997    -0.00000035
 H        0.78742342    -1.06600107     0.87745944
 H        0.78742278    -1.06600106    -0.87745792
 H       -0.54117862     1.07065993    -0.87742876
 H       -0.54117891     1.07065845     0.87743237
 H        2.02262481     1.12606628     0.87735678
 H        2.02262464     1.12606523    -0.87735714
 H       -1.77151810    -1.12196368    -0.87767938
 H       -1.77151837    -1.12196553     0.87767845
 H        3.35200222    -1.01034595    -0.87734719
 H        3.35200329    -1.01034336     0.87735032
 H       -3.11855466     1.01079543    -0.88028659
 H       -3.11855552     1.01079282     0.88029020
 H        4.58561415     1.18051386    -0.87692883
 H        4.58561478     1.18051730     0.87692324
 H       -4.35061234    -1.16677723     0.88915921
 H       -4.35061127    -1.16677465    -0.88916332
 H        6.77865142     0.34542672    -0.00000227
 H        5.95395162    -0.94592738    -0.88358137
 H        5.95395255    -0.94592340     0.88358352
