          26
  1-Fluorooctane
 F        4.82331975    -0.32866505    -0.00000010
 C       -0.11888956    -0.36925773     0.00000015
 C       -1.39880321     0.47426649     0.00000009
 C        1.16306623     0.47178176     0.00000004
 C       -2.68211002    -0.36404682    -0.00000001
 C        2.44088703    -0.37457258     0.00000018
 C       -3.96304049     0.47835721     0.00000005
 C        3.70036086     0.47694472    -0.00000015
 C       -5.24019418    -0.36731369    -0.00000019
 H       -0.11825876    -1.03066629     0.87741574
 H       -0.11825879    -1.03066644    -0.87741532
 H       -1.39735393     1.13622469    -0.87745111
 H       -1.39735403     1.13622465     0.87745133
 H        1.16141213     1.13333603     0.87765170
 H        1.16141214     1.13333574    -0.87765184
 H       -2.68404869    -1.02633044    -0.87729898
 H       -2.68404872    -1.02633061     0.87729882
 H        2.46072917    -1.02898333    -0.88031009
 H        2.46072930    -1.02898282     0.88031083
 H       -3.96085139     1.13942289    -0.87699008
 H       -3.96085151     1.13942259     0.87699040
 H        3.73970333     1.12126428    -0.88915541
 H        3.73970354     1.12126472     0.88915478
 H       -6.13681005     0.26072246    -0.00000014
 H       -5.28659275    -1.01392074     0.88356774
 H       -5.28659263    -1.01392043    -0.88356835
