          17
 1-Methyl-3-nitrobenzene
 C       -2.11535157     0.91848953    -0.00000159
 C       -1.82070916    -0.45199729    -0.00000154
 C       -1.10636157     1.87797136    -0.00000013
 C        0.23075175     1.49160010     0.00000086
 C        0.51544127     0.13209058     0.00000018
 N        1.92504318    -0.29927777     0.00000008
 C       -0.48129287    -0.83914510    -0.00000123
 C       -2.92789620    -1.47806512     0.00000233
 O        2.78448699     0.57196073     0.00000149
 O        2.15140753    -1.50212571    -0.00000130
 H       -3.15431444     1.23639367    -0.00000322
 H       -1.36109124     2.93244006    -0.00000055
 H        1.04103718     2.20795091     0.00000136
 H       -0.19456889    -1.88308881    -0.00000243
 H       -3.56955170    -1.36789517     0.88117227
 H       -2.52813880    -2.49483022    -0.00005942
 H       -3.56963176    -1.36781696    -0.88109891
