          20
 1-Methylisoquinoline
 N        2.29621371     0.25907849     0.00000001
 C       -0.01653865    -0.43234162    -0.00000000
 C       -0.43844058     0.93098466     0.00000000
 C        1.39256787    -0.70009349     0.00000000
 C       -1.00234851    -1.45151353    -0.00000001
 C       -1.82484933     1.22709806    -0.00000000
 C        0.56454853     1.93151135     0.00000000
 C       -2.34084254    -1.13519378     0.00000000
 C        1.91355696    -2.11656177    -0.00000000
 C       -2.75524545     0.21596985     0.00000000
 C        1.88036392     1.55156291    -0.00000000
 H       -0.69455577    -2.49104607    -0.00000002
 H       -2.13714716     2.26728341    -0.00000001
 H        0.28635921     2.98082064    -0.00000001
 H        3.00358346    -2.09096967    -0.00000004
 H        1.57339016    -2.67160908     0.88184383
 H        1.57339009    -2.67160910    -0.88184379
 H       -3.08587111    -1.92431194     0.00000000
 H       -3.81496030     0.45118092     0.00000001
 H        2.67337706     2.29547821    -0.00000001
