          16
 1-Methylpyrrolidin-2-one
 C        1.20576659     1.06237148     0.13785411
 C        1.87975103    -0.27976485    -0.18676615
 C        0.78756576    -1.32714661     0.12419967
 N       -0.44758368    -0.58318433    -0.03842767
 C       -0.29261033     0.78007175     0.00211776
 O       -1.19163530     1.59433985    -0.04014024
 H        1.39274350     1.38144602     1.17011806
 H        1.50105531     1.88607785    -0.51450954
 H        2.79433590    -0.46028787     0.38169127
 H        2.13473966    -0.32392351    -1.24972539
 H        0.87779130    -1.72338547     1.14832750
 H        0.82120267    -2.18379273    -0.55939386
 C       -1.74411380    -1.21515255    -0.00989622
 H       -2.49545547    -0.42938237    -0.10833490
 H       -1.85271786    -1.92972876    -0.83488910
 H       -1.90793195    -1.75317696     0.93387602
