          30
       Nonanol
 O        5.53763044     0.33481890     0.00000150
 C       -0.70513680    -0.40712346    -0.00000886
 C        0.59564858     0.40393903    -0.00000462
 C       -1.96755987     0.46277169     0.00000234
 C        1.85774463    -0.46667809    -0.00000300
 C       -3.26880170    -0.34742100    -0.00000490
 C        3.15412407     0.34960207    -0.00000841
 C       -4.53159675     0.52190027     0.00000800
 C        4.40463073    -0.52010834     0.00001244
 C       -5.82675072    -0.29601029     0.00000326
 H        6.32785920    -0.21163123     0.00001513
 H       -0.72042907    -1.06907230    -0.87740448
 H       -0.72042466    -1.06908853     0.87737461
 H        0.61202926     1.06554124    -0.87728034
 H        0.61202546     1.06553779     0.87727378
 H       -1.95207681     1.12476469     0.87731207
 H       -1.95207890     1.12478454    -0.87729245
 H        1.84031431    -1.12818200     0.87768734
 H        1.84031209    -1.12818974    -0.87768741
 H       -3.28514070    -1.00965469    -0.87731641
 H       -3.28513695    -1.00967577     0.87729078
 H        3.18803819     1.00539472    -0.87895143
 H        3.18802819     1.00542222     0.87891453
 H       -4.51544191     1.18287841     0.87694520
 H       -4.51544691     1.18289669    -0.87691551
 H        4.40095185    -1.17588483    -0.88697500
 H        4.40094437    -1.17585189     0.88702420
 H       -5.88702910    -0.94157581     0.88355112
 H       -6.70984793     0.35100484     0.00001120
 H       -5.88703309    -0.94155965    -0.88355611
