          27
       Octanol
 C       -5.17980193     0.36362058     0.00456839
 C       -3.90140833    -0.48016436    -0.00412124
 C       -2.62154380     0.36377486     0.00381316
 C       -1.33683686    -0.47235056    -0.00525601
 C       -0.05783000     0.37272783     0.00337460
 C        1.22650598    -0.46465934    -0.00642412
 C        2.50519102     0.38059850     0.00714333
 C        3.78034191    -0.46357372    -0.01531021
 O        4.96549421     0.31241253     0.05537701
 H       -6.07561448    -0.26558852    -0.00097004
 H       -5.22760265     1.01861545    -0.87276406
 H       -5.22664255     1.00172140     0.89429271
 H       -3.89821153    -1.14982406     0.86633215
 H       -3.89875310    -1.13271739    -0.88749788
 H       -2.62499550     1.03502021    -0.86675280
 H       -2.62407684     1.01721077     0.88776674
 H       -1.33418869    -1.14343679     0.86522276
 H       -1.33471601    -1.12534241    -0.88945908
 H       -0.05980102     1.04411861    -0.86680059
 H       -0.05853522     1.02482900     0.88784989
 H        1.22700771    -1.13696548     0.86292962
 H        1.22748627    -1.11595995    -0.89181043
 H        2.52704360     1.02228625     0.89680505
 H        2.50747667     1.05454817    -0.86276942
 H        3.80857314    -1.12205959     0.86062383
 H        3.78208903    -1.11504864    -0.90554691
 H        4.98173486     0.89342539    -0.71091372
