          19
 1-Phenylethanol
 O        2.24923325     0.98161878    -0.59203651
 C        1.67766882    -0.28647003    -0.29618479
 C        0.17633335    -0.11478604    -0.16982762
 C        2.28327428    -0.87670917     0.98615904
 C       -0.38254910     1.11057334     0.19982107
 C       -0.66952981    -1.20506297    -0.39060159
 C       -1.76188260     1.23834508     0.35194295
 C       -2.04735682    -1.07993247    -0.23463456
 C       -2.59843084     0.14485995     0.13860442
 H        1.87284867    -0.98700905    -1.12543130
 H        3.36578095    -1.01721164     0.87423673
 H        1.84132175    -1.85053755     1.21646301
 H        2.10206515    -0.20506044     1.83074153
 H        0.27125765     1.96070936     0.35314251
 H       -0.24595262    -2.15966901    -0.69294266
 H       -2.18417445     2.19772878     0.63526227
 H       -2.69079660    -1.93616601    -0.41201920
 H       -3.67267953     0.24701959     0.25561094
 H        3.20346992     0.90178286    -0.50784526
