          12
 1-Propanethiol
 C        2.51992702    -0.06988269    -0.00000016
 H        3.25917124     0.73687031     0.00000053
 H        2.70264613    -0.68969752    -0.88460850
 H        2.70264604    -0.68969894     0.88460721
 C        1.09450562     0.49319566     0.00000022
 H        0.94701024     1.13217821     0.87872523
 H        0.94700996     1.13217887    -0.87872425
 C        0.04052160    -0.61604494     0.00000007
 H        0.14920021    -1.24550564    -0.88751365
 H        0.14920008    -1.24550556     0.88751386
 S       -1.64035266     0.13185689    -0.00000009
 H       -2.33757077    -1.01898924     0.00000092
