          12
 2,2,3,3-Tetrafluoro-1-propanol
 C        0.95918561    -0.00000011    -1.03592907
 C        0.27166558    -0.00000002     0.32193247
 C       -1.26032317    -0.00000001     0.22831939
 O        2.34662999     0.00000001    -0.80460574
 H        0.61603968     0.89131155    -1.57954440
 H        0.61603982    -0.89131194    -1.57954420
 F        0.62598392    -1.09393799     1.03848185
 F        0.62598392     1.09393804     1.03848170
 H       -1.71196692    -0.00000002     1.22771112
 F       -1.66588195    -1.09648282    -0.45128356
 F       -1.66588189     1.09648286    -0.45128349
 H        2.79409194     0.00000018    -1.65447707
