          15
 2,2-Dimethylpropanenitrile
 C       -0.86781335    -0.66764580     1.30268264
 C       -0.37477191    -0.00000734     0.00000547
 C        1.09938986    -0.00007339     0.00001843
 N        2.25577054    -0.00011475    -0.00001427
 H       -1.96233130    -0.67531222     1.31661985
 H       -0.51436489    -1.69980269     1.37454277
 H       -0.51517629    -0.12268317     2.18251105
 C       -0.86753909     1.46207766    -0.07311071
 C       -0.86783604    -0.79426511    -1.22958282
 H       -1.96236885    -0.80236033    -1.24329059
 H       -0.51428478    -0.34046139    -2.15936457
 H       -0.51536592    -1.82875161    -1.19749538
 H       -1.96207409     1.47832179    -0.07417691
 H       -0.51457046     2.03999852     0.78528827
 H       -0.51405859     1.95162107    -0.98459097
