          18
 2,3,5-Trimethylthiophene
 S       -0.64020003     1.21578325    -0.00218328
 C        0.90276178    -0.84054445    -0.00610063
 C        0.96393556     0.52906343    -0.00801697
 C       -1.40126358    -0.34843194     0.00289318
 C       -0.44871487    -1.32347212    -0.00088183
 C        2.08411135    -1.77395454     0.00202240
 C        2.15670205     1.43918007     0.00703966
 C       -2.89237297    -0.49634283     0.00407675
 H       -0.69641037    -2.38018920    -0.00367052
 H        3.03067965    -1.24662280    -0.13609091
 H        2.15041750    -2.32311484     0.94930465
 H        2.00023744    -2.52148802    -0.79507620
 H        2.04559246     2.26332873    -0.70549407
 H        2.32076479     1.88541280     0.99563063
 H        3.06500458     0.89339168    -0.26095300
 H       -3.35037736    -0.03844154     0.88825800
 H       -3.35249863    -0.03254271    -0.87591628
 H       -3.15855116    -1.55721265     0.00097499
