          11
 (Oxiran‐2‐yl)methanol
 O       -1.55333602     0.56356528     0.02745372
 O        1.97841578    -0.34663433    -0.07547717
 C       -0.31573148     0.05189884    -0.45899598
 C       -1.28815047    -0.83163917     0.19207192
 C        0.91892461     0.53238931     0.26287858
 H        2.79929072     0.03069883     0.25079127
 H       -0.22693625     0.01329944    -1.54554447
 H       -1.11274917    -1.15611854     1.21714155
 H       -1.90243777    -1.49822286    -0.41135605
 H        0.71511261     0.54552093     1.34500591
 H        1.13706034     1.56714043    -0.04570660
