          19
      2,3-Xylenol
 C        2.57832230    -0.61432004     0.00000003
 C        1.22849541     0.06214238     0.00000000
 C        1.14937705     1.45769458    -0.00000000
 C       -0.08537132     2.09775026    -0.00000001
 C       -1.25446224     1.34701784    -0.00000000
 C       -1.18209120    -0.04727635     0.00000000
 C        0.05403881    -0.71103375    -0.00000001
 C        0.10939762    -2.21991185    -0.00000003
 O       -2.31527425    -0.81410455     0.00000003
 H        3.38598131     0.12178860     0.00000020
 H        2.70950777    -1.25715214     0.87873761
 H        2.70950794    -1.25715187    -0.87873772
 H        2.06388492     2.04259523     0.00000000
 H       -0.14019404     3.18171729    -0.00000002
 H       -2.22612602     1.83567771     0.00000001
 H        0.64272943    -2.60026151     0.87958527
 H       -0.89173669    -2.64999374    -0.00000074
 H        0.64273068    -2.60026143    -0.87958460
 H       -3.08168761    -0.23343501    -0.00000002
