28
1-Aminoadamantane
 C        0.69791443     0.00914231    -1.45851708
 C       -0.84430832     0.00904126    -1.44988981
 C        1.25352077    -0.00003219    -0.01308961
 C       -1.34715450    -1.25423433    -0.72322401
 C       -1.34716177     1.26320796    -0.70771131
 C        0.72636572    -1.25764101     0.70723468
 C        0.72652356     1.24846999     0.72293431
 C       -0.81465337    -1.26342116     0.72366614
 H        1.10180386    -2.15593613     0.19718276
 H        1.12818992    -1.27922353     1.72681055
 H       -2.44433242    -1.27618318    -0.72101350
 H       -1.01139391    -2.15385625    -1.25492846
 C       -1.32047706    -0.00900028     1.46363696
 C       -0.81451440     1.25437356     0.73916202
 H       -2.41730943    -0.00929828     1.50015134
 H       -0.96623008    -0.01544341     2.50215006
 H       -1.01154697     2.16931199    -1.22832106
 H       -2.44434680     1.28520255    -0.70521726
 H        1.07569783     0.89502600    -1.98747238
 H        1.07549516    -0.86980345    -1.99907151
 H       -1.16884714    -2.16332167     1.24027500
 H       -1.21830657     0.01544206    -2.48076807
 H       -1.16853893     2.14781610     1.26697442
 H        1.12807536     1.25706386     1.74283000
 H        1.10250913     2.15320012     0.22471673
 N        2.71991328    -0.00037199     0.05758238
 H        3.08400465    -0.80850439    -0.44283516
 H        3.08366870     0.81479393    -0.43156462
