28
1-Azidoadamantane
 C        0.31252055    -1.64899947     0.00208303
 C       -0.59527570    -0.40862675     0.00010304
 C        1.79017267    -1.20925650     0.00202717
 C       -0.30957696     0.43225780    -1.26096115
 C       -0.31045705     0.43611937     1.25877187
 C        2.07561969    -0.36758806    -1.25785555
 C        2.07453239    -0.36418950     1.25991211
 C        1.16751872     0.87823481    -1.26042656
 C        1.44816607     1.72361119    -0.00214039
 C        1.16664205     0.88179498     1.25830236
 H        0.82068337     2.62378458    -0.00357883
 H        2.49142514     2.06261268    -0.00225029
 H        0.08842987    -2.25990509     0.88409842
 H        0.08874540    -2.26207055    -0.87852628
 H        3.12871137    -0.06125991     1.27985254
 H        1.89621090    -0.95996238     2.16383926
 H        2.42827214    -2.10015049     0.00352785
 H        3.12976543    -0.06456976    -1.27762655
 H        1.89831854    -0.96607067    -2.16017126
 H        1.36143951     1.47603608    -2.15833258
 H       -0.53323811    -0.16468533    -2.15277230
 H       -0.97066601     1.30800238    -1.28202565
 H        1.36005603     1.48198632     2.15471784
 N       -1.99843732    -0.92277410     0.00039329
 H       -0.53563473    -0.15779306     2.15227981
 H       -0.97127430     1.31218150     1.27633387
 N       -2.89074237    -0.07932342     0.00005052
 N       -3.79765668     0.60801535    -0.00024043
