14
1-Bromobutane
 C        3.91294872    -0.49707570     0.00000000
 H        4.87406301     0.02606799    -0.00000001
 H        3.88362701    -1.14322164    -0.88400912
 H        3.88362700    -1.14322160     0.88400916
 C        2.74352822     0.49283301    -0.00000002
 H        2.81624225     1.14787386     0.87795074
 H        2.81624224     1.14787380    -0.87795082
 C        1.37754900    -0.21245163     0.00000001
 H        1.29424313    -0.86144962    -0.87915469
 H        1.29424316    -0.86144960     0.87915473
 C        0.23427686     0.78947983     0.00000002
 H        0.23381561     1.42009563     0.88927790
 H        0.23381563     1.42009565    -0.88927785
Br       -1.52963894    -0.10181557    -0.00000000
