18
1-Bromonaphthalene
 C       -0.52032421     0.55162009    -0.00006200
Br       -2.17560430    -0.41229214     0.00002952
 C        0.71679545    -0.15216361    -0.00006584
 C       -0.58355601     1.92286630    -0.00005942
 C        1.91651092     0.63738482    -0.00000576
 C        0.83469771    -1.56529438    -0.00010322
 C        0.60899929     2.68024858    -0.00001729
 C        1.82864035     2.05240914     0.00002129
 C        3.17106509    -0.02527233     0.00007055
 C        2.06836716    -2.17024409    -0.00004287
 C        3.24984842    -1.39564010     0.00006507
 H       -1.54491384     2.42201120    -0.00007210
 H       -0.06731013    -2.16470720    -0.00020240
 H        0.54534515     3.76336350     0.00001717
 H        2.74780481     2.63043241     0.00011261
 H        4.07295548     0.57992237     0.00015883
 H        2.13676046    -3.25330843    -0.00009082
 H        4.21710440    -1.88764074     0.00014008
