14
1-Bromo-2-methylpropane
Br       -1.27804780    -0.00086053     0.03455518
 C        0.51409594    -0.72241268    -0.39421318
 C        1.64895368     0.01386271     0.31433874
 C        1.78921470     1.46761169    -0.15009258
 C        2.95341379    -0.77018095     0.08146080
 H        0.59580526    -0.65388536    -1.48026377
 H        0.46274839    -1.77034949    -0.10012083
 H        1.43206687     0.00674573     1.38964825
 H        2.60420351     1.96544177     0.38444311
 H        0.87104784     2.03356017     0.02549203
 H        2.01626963     1.51362359    -1.22211922
 H        3.78661304    -0.28671783     0.60085332
 H        2.87892458    -1.79883129     0.44910951
 H        3.20580127    -0.80980878    -0.98466400
