17
1-Bromopentane
 C        2.24841747     0.42408454    -0.00000002
 C        0.86948090    -0.25457702    -0.00000014
 C       -0.25384321     0.76975651    -0.00000014
Br       -2.03538590    -0.08687893     0.00000004
 C        3.40622232    -0.58206494    -0.00000012
 H        2.33619142     1.07852707     0.87826794
 H        2.33619148     1.07852729    -0.87826781
 H        0.77239171    -0.90152547    -0.87916151
 H        0.77239162    -0.90152559     0.87916113
 H       -0.24220230     1.40023374     0.88926734
 H       -0.24220242     1.40023361    -0.88926771
 C        4.78242180     0.08993364     0.00000019
 H        3.31570505    -1.23587667    -0.87719440
 H        3.31570487    -1.23587707     0.87719384
 H        5.58727678    -0.65170376    -0.00000006
 H        4.91396203     0.72407617     0.88387655
 H        4.91396210     0.72407684    -0.88387568
