14
1-Chloro-3-nitrobenzene
 C        0.96181698    -0.15980307    -0.00000002
 C       -0.19680101     0.60887449     0.00000001
 C       -1.41518311    -0.05960645     0.00000000
 C       -1.47613420    -1.45288312    -0.00000006
 C       -0.29384736    -2.19052422    -0.00000010
 C        0.94114228    -1.54953168    -0.00000006
 N        2.26442377     0.53561678     0.00000001
 O        3.27173716    -0.15736782     0.00000028
 O        2.25211274     1.75806883    -0.00000025
 H       -0.13374277     1.68792680     0.00000004
Cl       -2.89594597     0.86395399     0.00000006
 H       -2.44001489    -1.94769631    -0.00000007
 H       -0.33924430    -3.27398658    -0.00000015
 H        1.87474224    -2.09530515    -0.00000008
