18
1-Chloro-2-ethylbenzene
 C        3.18733646     0.20950332    -0.00002231
 C        1.78358162     0.81842892     0.00002387
 C        0.63169219    -0.16560063     0.00004133
 C       -0.69861087     0.27996156     0.00002191
 C        0.82212846    -1.55196983     0.00000859
Cl       -1.04046769     2.00507424    -0.00001210
 C       -1.78202643    -0.59159461    -0.00000556
 C       -0.24833635    -2.44382177    -0.00000394
 C       -1.55418346    -1.96511163     0.00000194
 H        3.93771412     1.00528617    -0.00062456
 H        3.36207053    -0.41061202    -0.88525364
 H        3.36262241    -0.40967247     0.88575090
 H        1.67429311     1.47973310     0.86897076
 H        1.67429422     1.47974804    -0.86890789
 H        1.83279562    -1.94346870    -0.00019237
 H       -2.78887100    -0.19108448    -0.00002421
 H       -0.05756444    -3.51203081    -0.00005238
 H       -2.39538917    -2.65024033    -0.00003048
