17
1-Chloro-3-methylbutane
 C       -2.52286655    -0.93142325     0.35911731
 C       -1.27799464    -0.03654206     0.28044522
 C       -1.67845602     1.43834653     0.13368141
 C       -0.36280563    -0.51315086    -0.86170649
 C        0.98061448     0.19311464    -0.99152892
 H        1.54359074    -0.18376502    -1.84599761
 H       -3.16854941    -0.63481880     1.19203375
 H       -2.25114085    -1.98254250     0.50314017
 H       -3.11693118    -0.86345524    -0.56065397
 H       -0.72117980    -0.14734433     1.21927243
 H       -0.18201584    -1.58939826    -0.75972811
 H       -0.88305782    -0.37390685    -1.82186103
 H        0.87977771     1.27463796    -1.08530050
Cl        2.05069424    -0.07920169     0.45311375
 H       -2.34448737     1.74093056     0.94818786
 H       -2.21137310     1.60979314    -0.80997428
 H       -0.81306021     2.10782052     0.15832592
