32
1-Ethyladamantane
 C       -0.53293962    -0.51376579    -1.25600461
 C       -0.91907032     0.30401621     0.00003914
 C        0.97593873    -0.83225809    -1.25871537
 C       -0.53308456    -0.51414519     1.25570356
 C       -0.08012649     1.60589012     0.00018801
 C        1.32754466    -1.64944273     0.00015230
 C        1.78194006     0.48098812    -1.25857613
 C        0.97596352    -0.83209672     1.25892430
 H        0.77583292    -2.59836686     0.00025456
 H        2.39564040    -1.90202356     0.00006824
 H       -0.80136807     0.05014327     2.15940839
 H       -1.10255433    -1.45086307     1.28756365
 H        1.22107546    -1.41411737     2.15556395
 C        1.78192076     0.48108791     1.25841024
 C        1.42878585     1.29724774    -0.00015339
 H        2.85769319     0.26420826    -1.27992276
 H        1.55570917     1.06271994    -2.16145514
 H        1.55610720     1.06313107     2.16120649
 H        2.85771420     0.26438853     1.27976347
 H        1.99282261     2.23782751    -0.00021985
 H       -0.34051716     2.20881145    -0.88033880
 H       -0.33936283     2.20849335     0.88127879
 H        1.22121012    -1.41451025    -2.15516875
 C       -2.41494627     0.68330540     0.00025282
 H       -0.80021536     0.05116159    -2.15961108
 H       -1.10318901    -1.45001994    -1.28879907
 C       -3.42599270    -0.47085172    -0.00021546
 H       -2.60513055     1.31773209     0.87717179
 H       -2.60522168     1.31876583    -0.87586501
 H       -3.32293076    -1.10791724     0.88367811
 H       -4.44791733    -0.07803575    -0.00032312
 H       -3.32248570    -1.10750493    -0.88431810
