24
1-Ethyl-1-methylcyclopentane
 C        0.26329176     0.47918823     0.04639462
 C       -0.42504263    -0.25271193     1.22446409
 C       -0.96889243     0.94378803    -0.77084641
 C       -1.62286959    -1.00562521     0.60552464
 C       -2.00486101    -0.20184354    -0.67266130
 C        1.11200107    -0.48620582    -0.82146753
 C        1.10905665     1.66887628     0.51876229
 C        2.33257999    -1.12162107    -0.14388849
 H       -0.78559990     0.49923651     1.93755147
 H        0.24977155    -0.91106076     1.77973671
 H       -0.71300654     1.19739555    -1.80527680
 H       -1.37545380     1.85343897    -0.31234050
 H       -2.45609876    -1.08580651     1.30946105
 H       -1.34094531    -2.03040652     0.34397273
 H       -3.02492654     0.18928803    -0.62108067
 H       -1.96630693    -0.84346004    -1.55811717
 H        1.44966267     0.06946411    -1.70664872
 H        0.46749200    -1.28765357    -1.20287179
 H        0.49161403     2.38951579     1.06626386
 H        1.56352130     2.19584341    -0.32863903
 H        1.91889928     1.35803682     1.18655555
 H        3.05900493    -0.37018934     0.18005403
 H        2.84665261    -1.79364677    -0.83883075
 H        2.05346588    -1.71391225     0.73354814
