21
1-Ethyl-2-methylbenzene
 C       -2.69805860     0.66957968     0.73739537
 C       -1.87797250     0.49278835    -0.55462897
 C       -0.39655713     0.31572315    -0.29254225
 C        0.42614656     1.44512591    -0.24451040
 C        1.78833481     1.34681299     0.02535236
 C        2.35140670     0.09450546     0.24943817
 C        1.54417467    -1.03891193     0.19864981
 C        0.17471628    -0.95289488    -0.06918374
 C       -0.65338920    -2.21677252    -0.12716246
 H       -2.35913492     1.54899130     1.29406963
 H       -3.76181013     0.79790323     0.51183878
 H       -2.59481755    -0.19688289     1.39819351
 H       -2.02491308     1.37434553    -1.18910779
 H       -2.27183154    -0.36008716    -1.11750365
 H       -0.01527458     2.42198077    -0.42596704
 H        2.40328859     2.24078846     0.05523187
 H        3.41201865    -0.00300863     0.45875329
 H        1.98458069    -2.01781646     0.36824146
 H       -1.49117653    -2.19563022     0.57823979
 H       -0.04254086    -3.09151603     0.11089984
 H       -1.08258769    -2.37600246    -1.12378109
