15
1-Fluoro-3-(trifluoromethyl)benzene
 C        2.08189459     0.43343588     0.00045090
 C        0.74331276     0.79831948     0.02252708
 C        2.48145074    -0.89688001    -0.01333251
 F        3.01162256     1.39167472    -0.00298396
 C       -0.21938426    -0.20932771     0.02808543
 C        0.15384993    -1.55304962     0.01876433
 C       -1.68164948     0.16092404     0.00314458
 C        1.50478824    -1.88979288    -0.00303182
 F       -2.15223590     0.22413577    -1.25474151
 F       -2.43166406    -0.74000944     0.65543953
 F       -1.90241621     1.35906630     0.56433469
 H        0.46789345     1.84527526     0.04148517
 H        3.53883529    -1.13475086    -0.02761270
 H       -0.60651923    -2.32429978     0.03572383
 H        1.80152999    -2.93307697    -0.00820297
