35
1-Fluoroundecane
 F       -6.73601870    -0.27553579    -0.00000282
 C        0.76753153    -0.43173411     0.00000156
 C       -0.50179143     0.42801637     0.00000153
 C        2.06207578     0.38966030     0.00000045
 C       -1.79546897    -0.39430494     0.00000069
 C        3.33141394    -0.47005744     0.00000155
 C       -3.06356714     0.46745341     0.00000180
 C        4.62611588     0.35062979    -0.00000114
 C       -4.35477209    -0.35833354    -0.00000104
 C        5.89573318    -0.50865528     0.00000059
 C       -5.60077697     0.51273505     0.00000078
 C        7.18439992     0.31941404    -0.00000290
 H        0.75723879    -1.09372224     0.87732219
 H        0.75723811    -1.09372332    -0.87731825
 H       -0.49202687     1.08989575    -0.87743922
 H       -0.49202738     1.08989501     0.87744283
 H        2.07210075     1.05170895     0.87733552
 H        2.07210064     1.05170657    -0.87733640
 H       -1.80716795    -1.05564118    -0.87741653
 H       -1.80716788    -1.05564330     0.87741632
 H        3.32110839    -1.13215261    -0.87732150
 H        3.32110948    -1.13214873     0.87732754
 H       -3.05103368     1.12886816    -0.87767728
 H       -3.05103485     1.12886415     0.87768392
 H        4.63724704     1.01295357    -0.87729881
 H        4.63724782     1.01295824     0.87729299
 H       -4.38513816    -1.01242696    -0.88027329
 H       -4.38513897    -1.01243192     0.88026750
 H        5.88465561    -1.16973892    -0.87693571
 H        5.88465686    -1.16973354     0.87694096
 H       -5.63013148     1.15754317     0.88918211
 H       -5.63012995     1.15754909    -0.88917631
 H        8.07245404    -0.32075798    -0.00000143
 H        7.23982338     0.96539419     0.88355323
 H        7.23982222     0.96538851    -0.88356326
