23
1-Fluoroheptane
 F       -4.20010081    -0.23597400     0.00000003
 C        0.73705956    -0.44578901    -0.00000007
 C       -0.51464593     0.43956378    -0.00000011
 C        2.04586110     0.35171945    -0.00000023
 C       -1.82088881    -0.36221446    -0.00000041
 C        3.29893096    -0.53152373     0.00000042
 C       -3.05074402     0.53152901     0.00000037
 C        4.60265472     0.27251950    -0.00000005
 H        0.71296650    -1.10679914     0.87742890
 H        0.71296644    -1.10679938    -0.87742885
 H       -0.48985331     1.10061317    -0.87767949
 H       -0.48985351     1.10061287     0.87767951
 H        2.06907315     1.01347042     0.87742995
 H        2.06907342     1.01346956    -0.87743105
 H       -1.86325368    -1.01563601    -0.88027031
 H       -1.86325341    -1.01563711     0.88026870
 H        3.27530450    -1.19214230    -0.87696117
 H        3.27530440    -1.19214112     0.87696289
 H       -3.06836423     1.17676825    -0.88918101
 H       -3.06836394     1.17676702     0.88918265
 H        5.47826880    -0.38441961     0.00000058
 H        4.67023046     0.91718221    -0.88362689
 H        4.67023023     0.91718360     0.88362580
