20
1-Fluorohexane
 F        3.55766112     0.31883954     0.00000013
 C       -0.10095207    -0.48887445    -0.00000012
 C       -1.38379513     0.35037891    -0.00000005
 C        1.17548417     0.35948194    -0.00000010
 C       -2.66317338    -0.49392755     0.00000016
 C        2.43667478    -0.48949546    -0.00000006
 C       -3.94087181     0.35085098     0.00000000
 H       -0.10174929    -1.15040755     0.87769036
 H       -0.10174933    -1.15040748    -0.87769066
 H       -1.38477448     1.01201426    -0.87740401
 H       -1.38477430     1.01201440     0.87740380
 H        1.19425214     1.01400301     0.88026265
 H        1.19425217     1.01400304    -0.88026284
 H       -2.66031210    -1.15486170    -0.87708005
 H       -2.66031205    -1.15486131     0.87708066
 H        2.47748724    -1.13363925    -0.88919984
 H        2.47748705    -1.13363942     0.88919960
 H       -4.83658233    -0.27831590     0.00000027
 H       -3.98786611     0.99718653    -0.88365021
 H       -3.98786597     0.99718709     0.88364981
