32
1-Fluorodecane
 F       -6.09399752    -0.33766903    -0.00000016
 C        0.12834259     0.46410395    -0.00000023
 C        1.41100571    -0.37568573    -0.00000008
 C       -1.15226435    -0.37836168    -0.00000057
 C        2.69247466     0.46587597    -0.00000074
 C       -2.43379022     0.46337348     0.00000045
 C        3.97510800    -0.37350786     0.00000051
 C       -3.71180774    -0.38265273    -0.00000079
 C        5.25710148     0.46725385    -0.00000080
 C       -4.97145645     0.46859052     0.00000127
 C        6.53347756    -0.37964228     0.00000103
 H        0.12756347     1.12605370     0.87743907
 H        0.12756376     1.12605392    -0.87743938
 H        1.41126920    -1.03774367    -0.87731712
 H        1.41126946    -1.03774281     0.87731762
 H       -1.15341952    -1.03980062     0.87741014
 H       -1.15341993    -1.03979922    -0.87741234
 H        2.69189309     1.12801628     0.87735189
 H        2.69189345     1.12801430    -0.87735486
 H       -2.43183714     1.12491417    -0.87766637
 H       -2.43183720     1.12491183     0.87766904
 H        3.97642267    -1.03589910    -0.87728635
 H        3.97642267    -1.03589639     0.87728942
 H       -3.73176325    -1.03714848    -0.88026625
 H       -3.73176276    -1.03715196     0.88026211
 H        5.25579548     1.12844635     0.87693723
 H        5.25579581     1.12844309    -0.87694130
 H       -5.01112003     1.11282246    -0.88918735
 H       -5.01111963     1.11281871     0.88919263
 H        7.43082222     0.24742336    -0.00000013
 H        6.57924519    -1.02630570     0.88358019
 H        6.57924538    -1.02630924    -0.88357553
