38
1-Fluorododecane
 F       -7.36917053     0.33922124     0.00000409
 C        0.13676916     0.38553031    -0.00000285
 C        1.41815623    -0.45623628    -0.00000165
 C       -1.14580554    -0.45438798    -0.00000287
 C        2.70120517     0.38296138    -0.00000269
 C       -2.42682379     0.38749678    -0.00000143
 C        3.98251347    -0.45891861     0.00000097
 C       -3.70761968    -0.45532359    -0.00000214
 C        5.26564062     0.37970320    -0.00000083
 C       -4.98675578     0.38903211     0.00000101
 C        6.54726361    -0.46165559     0.00000422
 C       -6.24484720    -0.46451398     0.00000067
 C        7.82409816     0.38456894     0.00000201
 H        0.13706593     1.04758180     0.87732302
 H        0.13706668     1.04758076    -0.87732950
 H        1.41740661    -1.11838034    -0.87732487
 H        1.41740641    -1.11837783     0.87732346
 H       -1.14642121    -1.11636209     0.87742060
 H       -1.14642210    -1.11636072    -0.87742737
 H        2.70183337     1.04511586     0.87729648
 H        2.70183509     1.04511108    -0.87730546
 H       -2.42838621     1.04891382    -0.87742644
 H       -2.42838563     1.04891139     0.87742543
 H        3.98166493    -1.12112693    -0.87732047
 H        3.98166359    -1.12112109     0.87732682
 H       -3.70497197    -1.11688774    -0.87765507
 H       -3.70497034    -1.11689163     0.87764785
 H        5.26737424     1.04213643    -0.87727622
 H        5.26737207     1.04214354     0.87726919
 H       -5.00768118     1.04342217    -0.88030964
 H       -5.00767917     1.04341838     0.88031451
 H        6.54559673    -1.12281756     0.87695609
 H        6.54559873    -1.12282515    -0.87694193
 H       -6.28311633    -1.10890400     0.88914763
 H       -6.28311894    -1.10889986    -0.88914917
 H        8.72122577    -0.24283528     0.00000596
 H        7.87012276     1.03129594    -0.88353852
 H        7.87012054     1.03130390     0.88353683
