26
1-Methyl-4-(propan-2-yl)cyclohexa-1,3-diene
 C       -0.69073230     0.27287829     0.02722403
 C       -0.06739829    -1.05657112     0.41503820
 C        0.13116873     1.32293892    -0.14050659
 C        1.33869208    -1.23521007    -0.17632121
 H       -0.00538410    -1.10237837     1.51431092
 H       -0.70250865    -1.89694358     0.11611093
 C        1.58240061     1.20200380    -0.01649616
 C        2.19339058     0.00588308    -0.01497443
 H        2.17010137     2.11499575     0.04359846
 C        3.68190991    -0.16768175     0.04725464
 H        1.82714631    -2.10288515     0.28220430
 H        1.26298670    -1.46577660    -1.25225612
 H       -0.28120782     2.30520429    -0.36058456
 C       -2.19483271     0.39155470    -0.08060563
 C       -2.90300421    -0.04260798     1.21755307
 H       -2.54699935     0.53698764     2.07499367
 H       -3.98509339     0.10374719     1.13291321
 H       -2.73070766    -1.10282258     1.43273417
 C       -2.74771597    -0.39042284    -1.28938094
 H       -2.42196406     1.45278155    -0.24539452
 H       -3.82979394    -0.24490429    -1.38003969
 H       -2.27875834    -0.05759863    -2.22020241
 H       -2.56871019    -1.46658155    -1.18846678
 H        4.20068377     0.79408822     0.09293021
 H        3.98123385    -0.75956697     0.92263384
 H        4.05262955    -0.71330042    -0.83195084
