17
1-Methyl-2-nitrobenzene
 C       -0.15648689     2.36387303    -0.05578955
 H       -0.85084758     2.45393559    -0.89431729
 H        0.60697991     3.14138465    -0.14175845
 H       -0.74718372     2.54488668     0.84534183
 C        0.50615325     1.00941743    -0.02005694
 C       -0.15776807    -0.23178918     0.00384091
 C        0.52884982    -1.44644345     0.02726589
 C        1.91537938    -1.45954337     0.03504196
 C        2.60579065    -0.24970447     0.01095347
 C        1.90654370     0.95172958    -0.01912935
 N       -1.63140505    -0.32655980     0.00548848
 H       -0.04888040    -2.36045066     0.03997514
 H        2.44902492    -2.40315534     0.05821189
 H        3.69104372    -0.23933033     0.01378628
 H        2.45616488     1.88738404    -0.04290091
 O       -2.12980214    -1.43879215    -0.11170011
 O       -2.28112174     0.70470657     0.12797042
