19
1-Methylbicyclo[3.1.0]hexane
 C       -0.74562996     0.13348663    -0.05731350
 C        0.20366092     1.32258944    -0.19372967
 C        1.62558861     0.71731365    -0.22725036
 C        1.52436034    -0.59057931     0.59422662
 C        0.08280502    -1.04484498     0.41575956
 C       -0.48442039    -1.03047860    -0.98646994
 C       -2.14957621     0.39826866     0.43393991
 H       -0.00645584     1.94227235    -1.07362659
 H        0.08416875     1.96803801     0.68670308
 H        1.91673734     0.49329684    -1.25839227
 H        2.38122143     1.40196299     0.16752249
 H        2.25965074    -1.33779508     0.27435167
 H        1.71085107    -0.39068549     1.65685012
 H       -0.32702592    -1.76028766     1.12247444
 H       -1.32079739    -1.69357524    -1.18446730
 H        0.18585892    -0.91058385    -1.83263220
 H       -2.14097033     0.92785989     1.39460029
 H       -2.71246717     1.01576080    -0.27688053
 H       -2.70693730    -0.53411589     0.57160274
