27
1-Methyl-1-propylcyclopentane
 C       -0.18575948     0.60261512     0.00777382
 C       -0.61842572    -0.26061407     1.21572255
 C       -1.55428380     0.83890725    -0.68613159
 C       -1.66757853    -1.24070388     0.65556199
 C       -2.36322026    -0.47157193    -0.50549793
 C        0.73370821    -0.17321786    -0.98143457
 C        0.44214401     1.93727156     0.43504177
 C        1.90568713    -1.01288183    -0.43718951
 C        3.03967303    -0.25465779     0.26396223
 H       -1.08458537     0.39571678     1.96176739
 H        0.21387948    -0.76350939     1.71676398
 H       -1.44015087     1.12573711    -1.73709146
 H       -2.06865017     1.66804153    -0.18594385
 H       -2.37431581    -1.56949859     1.42282378
 H       -1.17870076    -2.14375792     0.27519393
 H       -3.41093020    -0.25539614    -0.27761504
 H       -2.36605838    -1.06987027    -1.42148691
 H        1.12628900     0.55220392    -1.70782525
 H        0.10692506    -0.85749945    -1.56665773
 H       -0.24547875     2.49721589     1.07925208
 H        0.66323102     2.56410571    -0.43678474
 H        1.37546701     1.80433507     0.98753209
 H        2.33181039    -1.55206611    -1.29312787
 H        1.52296863    -1.79198499     0.23378664
 H        3.40026946     0.57956826    -0.34830808
 H        3.88911087    -0.92047259     0.45004439
 H        2.73059358     0.15212280     1.23097043
