24
1-Methyl-4-propan-2-ylbenzene
 C        2.17004799     0.37121417    -0.00752861
 C        0.65809397     0.21016148    -0.00318901
 C        2.81121460    -0.20670151     1.26756162
 C        2.80718635    -0.23828293    -1.26982614
 C       -0.18191445     1.32588624    -0.00726757
 C        0.05450738    -1.05345487     0.01004836
 C       -2.16888071    -0.07107295     0.00918425
 C       -1.56870172     1.18943210     0.00009041
 C       -1.32935322    -1.19035776     0.01737453
 C       -3.67078048    -0.22462949    -0.01231315
 H        2.37758866     1.44887000    -0.02121025
 H        2.38645596     0.25124175     2.16601898
 H        3.89241829    -0.03052227     1.27174966
 H        2.65059773    -1.28804545     1.33708012
 H        3.88830659    -0.06200905    -1.28184393
 H        2.37945562     0.19694849    -2.17810768
 H        2.64688246    -1.32108789    -1.31185639
 H        0.25559708     2.32099190    -0.01215332
 H        0.67258329    -1.94684591     0.01898913
 H       -2.19338533     2.07888274     0.00029549
 H       -1.76762486    -2.18502420     0.03146568
 H       -3.99271990    -1.09496298     0.56804303
 H       -4.04351218    -0.36341348    -1.03506401
 H       -4.16870400     0.65910260     0.39736261
