21
1-Methylnaphthalene
 C        0.00380527     0.44231248     0.00000002
 C       -0.41093809    -0.92918608     0.00000001
 C        1.40175189     0.75169007     0.00000002
 C       -1.00116678     1.44549382     0.00000001
 C        0.57114292    -1.95338555    -0.00000001
 C        2.31290543    -0.28188484     0.00000000
 C       -1.79653496    -1.23226494     0.00000001
 C        1.90463801    -1.63509189    -0.00000001
 C        1.87526844     2.18464298    -0.00000001
 C       -2.33697077     1.11801309    -0.00000002
 C       -2.74132372    -0.23504881    -0.00000001
 H       -0.70809073     2.48935226     0.00000000
 H        0.24611305    -2.98980558    -0.00000003
 H        3.37468951    -0.05183860    -0.00000001
 H       -2.09746654    -2.27623103     0.00000000
 H        2.65602194    -2.41853143    -0.00000005
 H        1.51780595     2.73097066     0.88080331
 H        2.96710082     2.23094900     0.00000009
 H        1.51780611     2.73097055    -0.88080347
 H       -3.08700919     1.90276314    -0.00000005
 H       -3.79817278    -0.48235568    -0.00000002
