28
1-Nitroadamantane
 C       -1.86307829    -1.46863236     0.00208084
 C       -1.36338344    -0.73073181     1.26019733
 C       -1.36360161    -0.73415223    -1.25816475
 C        0.17891594    -0.70765469     1.26224228
 C       -1.89874742     0.71472658     1.25851830
 C        0.17864018    -0.71139047    -1.26044067
 C       -1.89915758     0.71121979    -1.26016634
 C        0.66184747     0.03277465    -0.00024138
 H        0.55261152    -0.19410512     2.15627552
 H        0.58838918    -1.72158412     1.26722976
 C        0.14837602     1.47621929    -0.00212594
 C       -1.39636931     1.44644049    -0.00190673
 H        0.52533786     2.00859676     0.87625742
 H        0.52530023     2.00649140    -0.88180637
 H       -2.99531627     0.70938357     1.27855153
 H       -1.56536651     1.24275404     2.16056033
 H       -2.95901776    -1.50982216     0.00218010
 H       -1.50359605    -2.50497665     0.00351230
 H       -1.70858719    -1.25432294     2.15860759
 H       -1.76659067     2.47744649    -0.00326760
 H       -1.56642842     1.23707569    -2.16369859
 H       -2.99572726     0.70534697    -1.27976099
 H       -1.70890479    -1.26023836    -2.15508224
 H        0.55261851    -0.20092655    -2.15609131
 H        0.58776578    -1.72544151    -1.26219630
 N        2.19370143     0.00573928    -0.00012770
 O        2.79387224     1.06866963    -0.00023614
 O        2.72279084    -1.09630334     0.00027314
