18
1-Nitrosopiperidine
 C       -0.37281630    -1.35215631     0.40632468
 N        0.57571322    -0.26144527     0.27140128
 C       -1.64441020    -1.06656382    -0.40522364
 C       -2.20914648     0.32013142    -0.05991421
 C       -1.14384156     1.40921692    -0.26051875
 C        0.12813185     1.09994297     0.54256276
 N        1.79893419    -0.57260196    -0.17333546
 O        2.57451823     0.35984261    -0.30339232
 H        0.13839220    -2.25811824     0.07275480
 H       -0.63235627    -1.47568900     1.46849932
 H       -2.38380808    -1.84967635    -0.20616717
 H       -1.40181329    -1.11124492    -1.47417885
 H       -3.09118298     0.53455675    -0.67243732
 H       -2.54427158     0.32595128     0.98685442
 H       -1.52869662     2.38946712     0.04053823
 H       -0.88369987     1.47771459    -1.32395198
 H        0.95888151     1.75765402     0.28287666
 H       -0.06844208     1.19835845     1.61973119
