11
1-Penten-4-yne
 C        0.04314256    -1.03685255     0.00000001
 C        1.38150300    -0.32891884    -0.00000005
 C        1.57098164     0.98519132     0.00000002
 C       -1.12479702    -0.16314889     0.00000009
 C       -2.08813315     0.55560771    -0.00000008
 H       -0.00483841    -1.70586147    -0.87205952
 H       -0.00483831    -1.70586151     0.87205952
 H        2.23626424    -1.00301048    -0.00000015
 H        2.56894699     1.41017918    -0.00000003
 H        0.73612819     1.67846398     0.00000013
 H       -2.94428614     1.18465274     0.00000006
