11
1-Penten-3-yne
 C        2.39270232    -0.47286230     0.00000064
 C        1.44056138     0.46774947     0.00000177
 C        0.04466032     0.21335286    -0.00000292
 C       -1.15164529     0.04628083    -0.00000349
 C       -2.59000471    -0.17625479     0.00000196
 H        3.44311872    -0.20411275     0.00000330
 H       -2.90386099    -0.74400444    -0.88358526
 H       -3.14007997     0.77129833    -0.00076729
 H       -2.90405762    -0.74267773     0.88437157
 H        2.14930696    -1.52968354    -0.00000281
 H        1.73298951     1.51728407     0.00000472
