22
1-Phenylpropanol
 C        0.24834478     0.04765766     0.20668653
 C       -1.25707079     0.17246133     0.42495012
 O       -1.71063540     1.51806905     0.35763831
 C        1.02486216     1.15474174    -0.13949937
 C        0.88454377    -1.18983712     0.36453242
 C       -2.06176313    -0.72412760    -0.53543137
 C       -3.56573579    -0.70905598    -0.24949037
 C        2.39804193     1.02671732    -0.34755832
 C        2.25492804    -1.32001923     0.16215545
 C        3.01789861    -0.21072436    -0.20171431
 H       -1.48213998    -0.13564249     1.45534908
 H       -1.68912801     1.78875642    -0.56683022
 H        0.55247462     2.12685608    -0.22187330
 H        0.30530548    -2.06102664     0.65806369
 H       -1.67771353    -1.74836233    -0.48035001
 H       -1.86359168    -0.38572608    -1.56316815
 H       -3.77942378    -1.11611321     0.74512196
 H       -4.11210405    -1.31075728    -0.98210920
 H       -3.95821629     0.31076339    -0.27877891
 H        2.98365134     1.90041231    -0.61710451
 H        2.72884534    -2.28821611     0.29156051
 H        4.08680289    -0.31079721    -0.36080218
