          28
 2,6-Dimethyl-4-heptanone
 C        2.96316072     1.29495793    -0.23267237
 H        4.01562185     1.44840341     0.02875117
 H        2.34608103     1.69979874     0.57194908
 H        2.76109412     1.87162853    -1.14272093
 C        2.67567706    -0.19938377    -0.44746791
 H        3.33710025    -0.54641829    -1.25391337
 C        3.00752899    -1.02698920     0.80396608
 H        4.06040605    -0.90302565     1.07808822
 H        2.83432103    -2.09565991     0.63182142
 H        2.39654841    -0.71408177     1.65412625
 C        1.24404281    -0.45927010    -0.95450785
 H        1.06251039     0.11868022    -1.87349281
 H        1.13365663    -1.50969304    -1.25913515
 C        0.08803146    -0.13342982    -0.01325322
 O        0.22842570     0.47721119     1.02380692
 C       -1.27977155    -0.65033532    -0.45771728
 H       -1.37592512    -0.53072690    -1.54593956
 H       -1.25996082    -1.73822181    -0.29000547
 C       -2.47420320    -0.02397691     0.27556387
 H       -2.24424029    -0.05588459     1.34689257
 C       -3.75247532    -0.83374229     0.02178017
 H       -3.64081475    -1.87444838     0.34550049
 H       -4.01133087    -0.84286583    -1.04421684
 H       -4.60207082    -0.40421570     0.56294637
 C       -2.66393954     1.44719477    -0.12055359
 H       -1.76882275     2.03476390     0.09927613
 H       -3.50053961     1.89366180     0.42687770
 H       -2.88341000     1.53981626    -1.19180491
