          14
   2-Bromobutane
 C        2.21023970     1.38331612     0.12985969
 C        1.88648857    -0.03373337    -0.34624600
 C        0.71537990    -0.70583276     0.36374833
 C        0.52514718    -2.16499578    -0.02163428
 H       -0.32726058    -2.60880786     0.49678261
 H        3.09471660     1.76913040    -0.38571856
 H        2.41655086     1.40104667     1.20582289
 H        1.37874771     2.06555284    -0.06437496
 H        1.70227891    -0.04273587    -1.42676952
 H        2.75861950    -0.68193598    -0.17592256
 H        0.81023891    -0.59880200     1.44629148
Br       -0.98558767     0.27851053    -0.02226445
 H        0.36717067    -2.26964852    -1.09881303
 H        1.42611499    -2.72950129     0.24911313
