          15
   2-Butanethiol
 C        0.97801077     1.72411740    -0.00900142
 C        0.11617689     0.51378504     0.36348909
 C       -1.25759623     0.56565443    -0.31839306
 C       -2.23579206    -0.53235191     0.10521728
 S        1.10328414    -0.98907573    -0.07758345
 H        0.45749385     2.64939644     0.25935616
 H        1.93897508     1.70722180     0.51202347
 H        1.17388425     1.74946664    -1.08641301
 H       -0.01710878     0.49197289     1.45033318
 H       -1.69769617     1.54492372    -0.08197213
 H       -1.11458992     0.54085239    -1.40532534
 H        0.30529876    -1.90883740     0.49305070
 H       -3.21606236    -0.37601304    -0.35527852
 H       -1.88575484    -1.52328847    -0.19929018
 H       -2.37793571    -0.54129421     1.19217958
