          22
 2-Butoxyethanol
 C       -4.39261612    -0.39769208     0.01021360
 C       -3.14041990     0.48423660    -0.01285988
 C       -1.84062306    -0.32715104     0.01025238
 C       -0.59711129     0.55164871    -0.01223245
 O        0.54697439    -0.27449569     0.01029460
 C        1.75852041     0.43773164    -0.00961155
 C        2.90550348    -0.57062710    -0.00699544
 O        4.16832125     0.06900996    -0.03864486
 H       -5.30583849     0.20540990    -0.00690139
 H       -4.41923509    -1.06866881    -0.85550174
 H       -4.42054144    -1.02057020     0.91113756
 H       -3.15805902     1.12038335    -0.90781957
 H       -3.15958367     1.16816704     0.84617291
 H       -1.80690186    -0.95886344     0.90659562
 H       -1.80492339    -1.00574377    -0.85100283
 H       -0.59098733     1.18659289    -0.91569134
 H       -0.59240335     1.23315955     0.85711348
 H        1.83406594     1.08048635    -0.90232178
 H        1.84008833     1.09922203     0.87374634
 H        2.79802421    -1.24080583     0.85885657
 H        2.84761763    -1.18843973    -0.90826269
 H        4.29011430     0.52970913     0.79663620
