          14
  2-Chlorobutane
 C        1.24647646     0.59059850    -0.33130414
 C       -0.11662798     0.55728028     0.35681028
Cl       -0.99121223    -1.00281750    -0.05488683
 C       -1.01179501     1.73047326    -0.01746569
 H       -1.98145901     1.66330595     0.48070270
 C        2.22320103    -0.49412887     0.12660530
 H        1.09521147     0.53625802    -1.41576837
 H        1.67587323     1.58103760    -0.12534784
 H        0.01011003     0.50409548     1.44131500
 H       -1.17990797     1.76282222    -1.09783344
 H       -0.53087723     2.66791626     0.28523442
 H        3.18729372    -0.38299320    -0.37854095
 H        2.40291186    -0.43378082     1.20584338
 H        1.83632541    -1.49212812    -0.09438310
