          21
 2-Ethoxy-2-methylpropane
 O        0.48252142     0.47661299     0.00001129
 C       -0.87476085     0.01486334    -0.00000033
 C       -1.69251703     1.31139584     0.00003071
 C       -1.18586083    -0.80244625     1.26539079
 C       -1.18585850    -0.80238388    -1.26543242
 C        1.52430295    -0.47730733     0.00000017
 C        2.84253556     0.28446382     0.00000005
 H       -1.45412201     1.90779318    -0.88526763
 H       -1.45412628     1.90774837     0.88536039
 H       -2.76549265     1.09768110     0.00002267
 H       -0.89870641    -0.24096348     2.15974349
 H       -2.25732793    -1.01807663     1.32427400
 H       -0.65868903    -1.76107747     1.27526235
 H       -0.89870486    -0.24085558    -2.15975672
 H       -2.25732503    -1.01801413    -1.32432701
 H       -0.65868436    -1.76101333    -1.27535182
 H        1.46970944    -1.12870172    -0.88576004
 H        1.46971653    -1.12871370     0.88575203
 H        3.68737536    -0.41136208    -0.00000629
 H        2.91550988     0.92220733     0.88568373
 H        2.91550439     0.92221704    -0.88567708
