          21
 2-Ethoxyethyl acetate
 C        2.39494734     0.23330899     0.02460019
 O        1.60128993    -0.85900965     0.09300859
 C        3.73922540    -0.12692249    -0.56353796
 O        2.06362001     1.33072729     0.39373497
 C        0.30031218    -0.67514806     0.67193408
 C       -0.69879027    -0.20478913    -0.37955786
 O       -1.96556311    -0.20406743     0.23063672
 C       -2.99754253     0.26134490    -0.61479005
 C       -4.30773503     0.22357429     0.15458983
 H        4.33977974     0.77479424    -0.67686021
 H        3.60916621    -0.61912290    -1.53114291
 H        4.25308705    -0.83448902     0.09403999
 H        0.35446482     0.04497183     1.49081917
 H        0.00630573    -1.65390140     1.05678008
 H       -0.67277110    -0.88557445    -1.24740637
 H       -0.42365502     0.80163436    -0.73067912
 H       -3.06015849    -0.36911831    -1.51837045
 H       -2.77544018     1.28755370    -0.95294952
 H       -5.12925628     0.57894051    -0.47471332
 H       -4.24899862     0.85975254     1.04228295
 H       -4.53358789    -0.79655311     0.47816332
