          21
 2-Ethylbutanol
 C        1.40889105    -0.50341951     0.40718688
 C        2.61548302     0.08389819    -0.33596116
 C        0.03609882    -0.01362478    -0.09394204
 C       -0.21404333     1.43679759     0.32749081
 O       -1.38543316     1.90225923    -0.32912020
 C       -1.11805482    -0.91417151     0.38969629
 C       -1.19837563    -2.27290538    -0.31427585
 H        1.49420026    -0.28701625     1.48171777
 H        1.44804438    -1.59496402     0.32104200
 H        2.67455590     1.17249382    -0.23849785
 H        2.56780167    -0.14886877    -1.40559086
 H        3.55235177    -0.32905924     0.05188898
 H        0.03947275    -0.02525735    -1.19385692
 H        0.65007296     2.06542530     0.06518330
 H       -0.33039755     1.47965900     1.42431149
 H       -1.57227126     2.79188968    -0.01885570
 H       -2.05697545    -0.37438100     0.23248377
 H       -1.02095197    -1.06372966     1.47468141
 H       -0.29536495    -2.87413504    -0.16452095
 H       -1.33585118    -2.14639933    -1.39405898
 H       -2.04431998    -2.85819007     0.06052804
