          32
 2-Ethylhexyl acetate 
 C        4.45300746    -0.06785532     0.87643981
 C        3.33582225     0.45849929     0.00425827
 O        2.13622762     0.06443344     0.47580436
 C        0.98635245     0.50315297    -0.27229084
 C       -0.26639509    -0.08244495     0.37784004
 C       -1.51199557     0.51974494    -0.30245758
 C       -2.84674836     0.13489621     0.34774939
 O        3.47695808     1.13803753    -0.98054991
 H       -0.26405693     0.25691379     1.42354340
 C       -0.24220287    -1.62732097     0.41052399
 H        1.09966368     0.18898921    -1.31502747
 H        0.95980094     1.59807910    -0.26595069
 H        4.32258966     0.28047661     1.90499120
 H        5.41057147     0.27398200     0.48536204
 H        4.42800169    -1.16125823     0.89832681
 H       -1.53044734     0.23812645    -1.36384055
 H       -1.41890174     1.61433039    -0.28767197
 C       -4.04801727     0.85006570    -0.28274620
 H       -2.80881793     0.36764615     1.42143112
 H       -3.00173961    -0.94933814     0.27790878
 C       -5.38323605     0.46423578     0.36104741
 H       -4.08002341     0.62443453    -1.35707264
 H       -3.90374304     1.93598472    -0.20609975
 H       -6.22052060     0.99055503    -0.10813221
 H       -5.39269575     0.70877116     1.42922552
 H       -5.57179242    -0.61125060     0.26784711
 H       -1.06496203    -1.97634648     1.04461534
 H        0.67946237    -1.93582861     0.91488010
 C       -0.32855137    -2.32664601    -0.95259584
 H       -0.27141058    -3.41243132    -0.82705765
 H        0.49054382    -2.03397494    -1.61766576
 H       -1.26839356    -2.10720129    -1.46926474
