          17
 2-Fluoro-2-methylbutane
 F       -0.37900603     0.03512645    -1.32652209
 C       -0.41305181    -0.00235537     0.07736153
 C       -0.54617298     1.44332620     0.55474603
 C        0.88714729    -0.67868584     0.53894461
 C        2.16718665    -0.01116942     0.02645171
 C       -1.63439345    -0.83377201     0.46530736
 H        0.28302853     2.05439518     0.19069746
 H       -0.55861093     1.49169235     1.64809867
 H       -1.47766655     1.87754236     0.18037165
 H        0.85875573    -1.71791230     0.18984690
 H        0.88842175    -0.71826813     1.63516482
 H        2.31402439     0.98410010     0.45697897
 H        2.13230834     0.09160201    -1.06128094
 H        3.04399722    -0.61238968     0.28488980
 H       -2.54738668    -0.37480327     0.07496872
 H       -1.72455532    -0.90972968     1.55334716
 H       -1.55338615    -1.84421930     0.05420598
