          24
      2-Heptanol
 C        4.21835595     0.18391126     0.21325442
 C        2.89562604    -0.42223393    -0.26558474
 C        1.66887303     0.39438815     0.15699710
 C        0.34232370    -0.21196883    -0.31303206
 C       -0.87999157     0.61036074     0.10916455
 C       -2.21113773    -0.00612984    -0.32088962
 O       -2.30171912    -1.27576365     0.32293065
 H        4.24761290     0.25568570     1.30642947
 H        2.90925064    -0.51415251    -1.35996564
 H        1.65744094     0.48914671     1.25213551
 H        0.35398202    -0.30699327    -1.40835023
 H       -0.89338812     0.72132054     1.20178512
 C       -3.40591591     0.87860117     0.04008313
 H        5.07467184    -0.42034564    -0.10331590
 H        2.79876518    -1.44496692     0.12227797
 H        1.76416337     1.41831921    -0.23260727
 H        0.23708121    -1.22840138     0.08206611
 H       -0.81286666     1.62211750    -0.31129257
 H       -2.19188829    -0.14574465    -1.41633344
 H        4.35847309     1.19478462    -0.18637763
 H       -4.34803478     0.40783643    -0.26549525
 H       -3.34427712     1.85051654    -0.46083064
 H       -3.44434306     1.04468564     1.12157840
 H       -3.12946223    -1.68673131     0.05783729
