          17
 2-Methoxyphenol
 O       -1.65159750    -0.79019720    -0.44071135
 O       -0.88705263     1.85659458    -0.17539955
 C       -0.34872225    -0.45593486    -0.18990392
 C        0.06575463     0.88421908    -0.07438324
 C        0.60453429    -1.46841594    -0.12338838
 C        1.41517510     1.17237664     0.12479728
 C        1.95518675    -1.17646544     0.06132497
 C        2.35854618     0.14846658     0.19190050
 C       -2.58883166    -0.48970923     0.58880702
 H        0.25762564    -2.49091575    -0.22882206
 H        1.72558805     2.21110428     0.21604277
 H        2.68177516    -1.98029975     0.10779528
 H        3.40468868     0.39391235     0.34130251
 H       -3.55558478    -0.85785771     0.23812097
 H       -2.32379567    -1.00645876     1.52097618
 H       -2.65361724     0.58629403     0.77560405
 H       -0.46365756     2.71620054    -0.08879987
