          27
 2‐(tert‐butoxy)‐2‐methylpropane
 O        0.00000001    -0.00000055     0.66630116
 C        1.28987632     0.00087148     0.03528338
 C       -1.28987632    -0.00087153     0.03528343
 C        1.68117713    -1.41256189    -0.43879743
 C        2.21784426     0.41194505     1.19064540
 C        1.44305531     1.01291566    -1.11213623
 C       -2.21784422    -0.41194690     1.19064483
 C       -1.68117706     1.41256259    -0.43879528
 C       -1.44305544    -1.01291391    -1.11213775
 H        1.13186941    -1.72064717    -1.33035861
 H        1.48560855    -2.13820345     0.35601955
 H        2.74897725    -1.44789303    -0.67976071
 H        1.95200192     1.40929784     1.55188507
 H        2.11350383    -0.28935088     2.02317130
 H        3.26401512     0.42123344     0.86959277
 H        1.17908905     2.02177528    -0.78388740
 H        0.83132954     0.75658715    -1.98074072
 H        2.48672193     1.02831889    -1.44347747
 H       -3.26401504    -0.42123537     0.86959208
 H       -1.95200145    -1.40930003     1.55188325
 H       -2.11350418     0.28934804     2.02317160
 H       -1.48560759     2.13820310     0.35602245
 H       -1.13186986     1.72064867    -1.33035649
 H       -2.74897735     1.44789440    -0.67975771
 H       -1.17908978    -2.02177418    -0.78389045
 H       -2.48672196    -1.02831607    -1.44347934
 H       -0.83132931    -0.75658441    -1.98074167
