          22
 2-Methyl-2,4-pentanediol
 C       -0.18626145     0.63388938     0.41631714
 C        1.18793222     0.07058197     0.00116647
 C       -1.45085920     0.09471940    -0.27914270
 C        2.28967072     0.83244142     0.75686763
 C        1.43011621     0.16337022    -1.51433634
 O        1.20478689    -1.30219309     0.41172668
 C       -1.81338238    -1.33670142     0.09725977
 O       -2.57494150     0.89234406     0.09745692
 H       -0.15191909     1.71867296     0.24359666
 H       -0.30320681     0.49275493     1.49717976
 H       -1.31545739     0.15150022    -1.37128752
 H        3.27496881     0.41106177     0.52320834
 H        2.13385232     0.75464720     1.83663707
 H        2.30955552     1.89223203     0.48233234
 H        2.44504862    -0.17411861    -1.75690922
 H        1.33191079     1.19291735    -1.87460365
 H        0.72763452    -0.46602512    -2.06566956
 H        2.06165827    -1.67016084     0.17312901
 H       -1.96645397    -1.41043107     1.17881227
 H       -1.01664399    -2.02571195    -0.18326902
 H       -2.74445499    -1.62317069    -0.40005717
 H       -2.39199519     1.80351509    -0.15040767
