          25
  2‐Methyl‐5‐(propan‐2‐yl)phenol
 C        3.09405991    -0.03229248     1.26904810
 C        2.37665521     0.46297797     0.00000242
 C        3.09405554    -0.03227549    -1.26905244
 C        0.90403997     0.08252756     0.00000173
 C       -0.07744786     1.07243339     0.00000329
 C        0.49341076    -1.25626295    -0.00000131
 C       -1.43351239     0.74478533     0.00000181
 C       -0.85951723    -1.57712977    -0.00000270
 O       -2.32012996     1.78305989     0.00000356
 C       -1.85130484    -0.59408497    -0.00000122
 C       -3.32001124    -0.94201614    -0.00000278
 H        3.09260748    -1.12617033     1.32472476
 H        4.13790742     0.29996669     1.27751089
 H        2.60682373     0.34786467     2.17204606
 H        2.42538499     1.55907943     0.00000968
 H        3.09260110    -1.12615257    -1.32474452
 H        2.60681710     0.34789513    -2.17204352
 H        4.13790351     0.29998232    -1.27751376
 H        0.19379108     2.12374279     0.00000567
 H        1.22951729    -2.05361466    -0.00000258
 H       -1.16206035    -2.62112937    -0.00000500
 H       -3.21700086     1.43677030     0.00000239
 H       -3.83972698    -0.54915797    -0.88501237
 H       -3.46236096    -2.02528173    -0.00000509
 H       -3.83972801    -0.54916158     0.88500781
