          18
 2-Methyl-1-benzothiophene
 C       -3.38991098     0.59373151    -0.00000009
 C       -1.90497209     0.40081299     0.00000002
 S       -1.22794342    -1.22071275     0.00000004
 C        0.40572560    -0.59740420     0.00000002
 C        0.40293699     0.81841796     0.00000003
 C       -0.93322855     1.34959713     0.00000003
 C        1.63378159     1.49418825     0.00000003
 C        2.81512731     0.76883205    -0.00000001
 C        2.79661298    -0.63498846    -0.00000006
 C        1.59376023    -1.32940310    -0.00000002
 H       -3.85764447     0.14181841    -0.88204756
 H       -3.85764478     0.14181716     0.88204656
 H       -3.62778581     1.66086539     0.00000061
 H       -1.15136151     2.41185038     0.00000005
 H        1.65278008     2.57987894     0.00000006
 H        3.76689265     1.29029321    -0.00000003
 H        3.73189039    -1.18526284    -0.00000011
 H        1.57858382    -2.41418671    -0.00000006
