          16
 2-Methylbutyraldehyde
 C        0.25109912     1.71829664     0.02711723
 C       -0.03579020     0.23075320    -0.24137462
 C       -1.38940253    -0.12656434     0.34118940
 O       -2.31346908    -0.59222582    -0.27283886
 C        1.02622940    -0.71064311     0.37316103
 C        2.43000525    -0.54163069    -0.21862794
 H        1.21249992     2.01764415    -0.39764600
 H        0.28161203     1.92522468     1.10341278
 H       -0.52079465     2.35472081    -0.41657618
 H       -0.09773441     0.04985411    -1.32061211
 H       -1.47545523     0.07443236     1.43805705
 H        0.69885976    -1.74684168     0.22407418
 H        1.06219966    -0.55191305     1.45956701
 H        3.11746773    -1.27801569     0.20883222
 H        2.84462337     0.45016437    -0.01586634
 H        2.42003488    -0.68564497    -1.30445488
