          14
 2-Methylpropanoic acid
 C       -1.21893349     1.32031667     0.54930164
 C       -0.72574732     0.19398562    -0.38268399
 C       -1.62439920    -1.04265612    -0.31901672
 C        0.70736123    -0.16169896    -0.02431347
 O        1.57017842     0.81129829    -0.40544682
 O        1.07199222    -1.15995293     0.54271927
 H       -2.23537068     1.61633419     0.27343606
 H       -1.23731075     0.98079334     1.59037600
 H       -0.57339951     2.19959333     0.48454142
 H       -0.70457586     0.59078750    -1.40489124
 H        2.44784296     0.52208031    -0.11602642
 H       -2.65294370    -0.77684190    -0.58118180
 H       -1.28283210    -1.81981914    -1.00807974
 H       -1.62052978    -1.47002451     0.68729931
