          11
 2-Methylpropenal
 C        1.74992609    -0.75081845     0.00000009
 H        2.65547334    -0.13997922     0.00000026
 H        1.78120037    -1.40559666    -0.87963058
 H        1.78120011    -1.40559674     0.87963072
 C        0.51011816     0.10279634    -0.00000004
 C        0.50586094     1.43924296    -0.00000005
 H        1.42192378     2.02083786     0.00000004
 H       -0.43725861     1.97575121    -0.00000015
 C       -0.79921820    -0.61725082    -0.00000018
 H       -0.71164465    -1.72840342    -0.00000061
 O       -1.88447211    -0.08748444     0.00000015
