          26
   2-Methylpropyl 2-methylpropanoate
 O       -0.03967180     0.00474535    -0.11442379
 C       -1.13351588     0.72353776     0.21332769
 C       -2.41287775    -0.06898245    -0.01647842
 O       -1.08221154     1.85280636     0.63328658
 C        1.22697325     0.66672673     0.05351289
 C       -2.46576005    -1.30572556     0.89698364
 C       -2.56469574    -0.45442161    -1.49776281
 C        2.33547712    -0.29294365    -0.36822081
 C        2.37069605    -1.54373994     0.51935148
 C        3.68246933     0.44286312    -0.35555546
 H       -3.21913646     0.61615830     0.26180306
 H        1.33557463     0.96968220     1.10182405
 H        1.23133352     1.57839952    -0.55339735
 H       -3.42035191    -1.82597472     0.76922007
 H       -2.37121590    -1.02839233     1.95147256
 H       -1.66064845    -2.00469676     0.65356580
 H       -3.51534331    -0.97359460    -1.65570048
 H       -2.55159109     0.42890859    -2.14392973
 H       -1.75454912    -1.11857213    -1.81123480
 H        2.11954697    -0.60459534    -1.39911894
 H        3.13907459    -2.24424235     0.17687348
 H        1.40840188    -2.06185926     0.51080345
 H        2.60201790    -1.27700553     1.55782031
 H        4.48946151    -0.22054283    -0.68135757
 H        3.67379418     1.31318938    -1.02016674
 H        3.93028906     0.79396386     0.65321052
