          16
 2-Methyltetrahydrofuran
 O        0.03348816    -1.07743556    -0.15610272
 C        0.73625335     0.03663374     0.38077617
 C       -0.11112980     1.25727526    -0.03067489
 C       -1.55213083     0.69193447    -0.10175813
 C       -1.34442561    -0.83515502     0.06573956
 H        0.74503580    -0.03941283     1.48390854
 C        2.16323416     0.02121266    -0.13893770
 H        0.21414164     1.61511519    -1.01274252
 H       -0.01100540     2.08635262     0.67476574
 H       -2.02270847     0.92879390    -1.05903809
 H       -2.19550004     1.09291210     0.68587171
 H       -1.91112222    -1.43794540    -0.64937678
 H       -1.63017255    -1.15234390     1.08218757
 H        2.67282365    -0.90025623     0.15651903
 H        2.16892391     0.08290299    -1.23181310
 H        2.72640246     0.86991958     0.26175707
