          13
  2-Nitropropane
 C        1.37305733    -1.27560405     0.01409824
 H        2.40173805    -1.30333901    -0.35611326
 H        0.85441304    -2.16731634    -0.34891824
 H        1.39067680    -1.29786910     1.10610815
 C        0.69533564    -0.00000536    -0.48023418
 H        0.59697464    -0.00001674    -1.56650884
 C        1.37306016     1.27560203     0.01407162
 H        2.40174103     1.30332678    -0.35614026
 H        1.39067940     1.29789002     1.10608105
 H        0.85441809     2.16730797    -0.34896365
 N       -0.74746312     0.00000084     0.00862490
 O       -1.62677078    -0.00001145    -0.83732877
 O       -0.92396216     0.00001728     1.21710192
