          27
       2-Octanol
 C        4.87024363    -0.35670132    -0.10820609
 C        3.60927256     0.42245289     0.27824211
 C        2.31546675    -0.24938979    -0.19604910
 C        1.04795780     0.52323155     0.18622526
 C       -0.24348720    -0.15511581    -0.28405729
 C       -1.50695637     0.62320598     0.09859168
 C       -2.80321733    -0.06173924    -0.33435354
 C       -4.04082464     0.77838662    -0.01333241
 H        5.77669107     0.14630223     0.24387591
 H        4.95067338    -0.46499421    -1.19581280
 H        4.86002709    -1.36437260     0.32251085
 H        3.57400452     0.54478380     1.36911479
 H        3.66346800     1.43741291    -0.13800404
 H        2.26064163    -1.26513882     0.22025781
 H        2.35084752    -0.37315280    -1.28783447
 H        1.10225293     1.53883296    -0.23170765
 H        1.01527053     0.64816705     1.27780225
 H       -0.21180684    -0.27967189    -1.37598409
 H       -0.30894183    -1.16393602     0.13811623
 H       -1.54203612     0.76152981     1.18760732
 H       -1.47726841     1.62584010    -0.34732754
 O       -2.84827189    -1.31760308     0.34048479
 H       -2.76113043    -0.22769409    -1.42548940
 H       -4.95669105     0.25948928    -0.32078520
 H       -4.01361348     1.73954909    -0.53753245
 H       -4.10345871     0.96905852     1.06295537
 H       -3.65363278    -1.77065460     0.07502811
