          25
      2-Octanone
 C       -4.81836640    -0.38881769     0.00000986
 C       -3.56994071     0.49875637    -0.00000829
 C       -2.26206617    -0.30091552     0.00000728
 C       -1.00679029     0.57894511    -0.00001031
 C        0.29606104    -0.22807059     0.00000560
 C        1.54491994     0.65344804    -0.00001093
 C        2.85542482    -0.12622107    -0.00000251
 C        4.13056777     0.70291930     0.00001699
 H       -5.73536882     0.20911921    -0.00000168
 H       -4.84311407    -1.03660851     0.88354257
 H       -4.84311475    -1.03664366    -0.88349707
 H       -3.59000061     1.15959887    -0.87705410
 H       -3.59000003     1.15963388     0.87701117
 H       -2.24119954    -0.96285660    -0.87708952
 H       -2.24119928    -0.96282188     0.87713029
 H       -1.02841203     1.24133053     0.87730632
 H       -1.02841198     1.24129559    -0.87735333
 H        0.32668348    -0.89050294     0.87285997
 H        0.32668483    -0.89053663    -0.87282292
 H        1.55243265     1.32531451    -0.87105423
 H        1.55243555     1.32534646     0.87100740
 O        2.88304743    -1.33510610    -0.00000950
 H        5.00061340     0.04506252    -0.00001593
 H        4.16229549     1.35562559     0.87983691
 H        4.16228112     1.35570164    -0.87974659
