          15
    (2R)-2-butanol
 C       -2.08658160    -0.02161965     0.08969844
 C       -0.76507608    -0.71904129    -0.24841735
 C        0.46889812    -0.01700799     0.33682820
 O        0.60713547     1.31264108    -0.15745818
 C        1.76288914    -0.74127957    -0.01547243
 H       -2.94081038    -0.57402070    -0.31294338
 H       -2.22839181     0.06313094     1.17370923
 H       -2.12914987     0.98671054    -0.33777987
 H       -0.64475303    -0.77958991    -1.33737565
 H       -0.78870428    -1.74949733     0.12829386
 H        0.36412199     0.00517919     1.43637454
 H        1.75092229    -1.76706207     0.36502456
 H        1.89406677    -0.77408249    -1.10199306
 H        2.62106626    -0.21824785     0.41493279
 H       -0.15334360     1.82265676     0.13423978
