          28
 2‐(tert‐butyldisulfanyl)‐2‐methylpropane
 S        0.78132272    -0.78096392    -0.67628979
 S       -0.78065306    -0.78189266     0.67464869
 C        2.16644845     0.23994059     0.07955939
 C       -2.16639509     0.23990175    -0.07902492
 C        1.76894186     1.70363136     0.27099706
 C        2.59693552    -0.38451980     1.41136129
 C        3.28673295     0.11257198    -0.96582591
 C       -1.77046196     1.70428810    -0.26811468
 C       -2.59722122    -0.38202776    -1.41191804
 C       -3.28626012     0.10965313     0.96651365
 H        2.61229494     2.26278963     0.69508073
 H        0.92698741     1.79512916     0.96144526
 H        1.49447850     2.17208583    -0.67816770
 H        3.44529999     0.17303393     1.82743437
 H        2.90073163    -1.42670442     1.28041047
 H        1.78318273    -0.35284693     2.14130268
 H        2.99219143     0.54682564    -1.92621281
 H        4.17563598     0.64685311    -0.61170806
 H        3.56567610    -0.93263383    -1.13064036
 H       -2.61586217     2.26351328    -0.68793828
 H       -1.49300392     2.17090193     0.68109374
 H       -0.93110310     1.79801213    -0.96143070
 H       -3.44459956     0.17752091    -1.82739060
 H       -2.90275887    -1.42388755    -1.28256802
 H       -1.78321199    -0.35041962    -2.14158794
 H       -3.56335073    -0.93623163     1.13027467
 H       -2.99233627     0.54343966     1.92729925
 H       -4.17625988     0.64260744     0.61312188
