          13
    2-Ethenylfuran
 O       -0.21183895    -0.95883818     0.00000002
 C        0.23822957     0.33134675     0.00000001
 C       -0.83385563     1.18471355    -0.00000001
 C       -2.00780109     0.37038488    -0.00000002
 C       -1.56696597    -0.91650874    -0.00000000
 C        1.66069655     0.57143469     0.00000002
 H       -0.78360466     2.26289441    -0.00000001
 H       -3.03581785     0.69777452    -0.00000003
 H       -2.06547729    -1.87251033     0.00000000
 C        2.61664688    -0.36398991    -0.00000002
 H        3.66568636    -0.09288099    -0.00000002
 H        2.37668884    -1.42136243    -0.00000007
 H        1.93111211     1.62465578     0.00000005
