          15
 3,4-Dichlorotoluene
 C        1.22631482    -0.95874340    -0.00246725
 C        2.21796337     0.02095678    -0.00307545
 C        1.82133139     1.36338025    -0.00362313
 C        0.47814958     1.71319520    -0.00138000
 C       -0.50719172     0.72544159     0.00059371
 C       -0.12661111    -0.61793938    -0.00022528
 C        3.67979134    -0.35458815     0.00524989
 H        4.22272472     0.14768409    -0.80242717
 H        3.81642430    -1.43206303    -0.11515179
 H        4.15823062    -0.06016654     0.94647571
 H        2.57278504     2.14719827    -0.00656451
 H        0.17562892     2.75378787    -0.00260177
Cl       -2.18074314     1.20133905     0.00167602
Cl       -1.30939131    -1.89508880    -0.00043178
 H        1.49449505    -2.00935800    -0.00423115
