          18
 1-Chloro-2,3-dimethylbenzene
Cl        2.42118620     0.18602244     0.00000014
 C       -0.27022062     0.67249852    -0.00000019
 C       -1.60941639     0.22866530    -0.00000003
 C        0.73193172    -0.30583797    -0.00000010
 C       -1.88346041    -1.14172639    -0.00000000
 C        0.09212278     2.13704125    -0.00000027
 C       -2.76246508     1.20800251     0.00000028
 C        0.46201220    -1.67009726    -0.00000007
 C       -0.86318839    -2.08690066    -0.00000007
 H       -2.91844842    -1.47000289     0.00000009
 H       -0.79090394     2.77549566    -0.00000345
 H        0.69630691     2.39213388     0.87721637
 H        0.69631228     2.39213241    -0.87721359
 H       -2.74681746     1.85924187     0.88108818
 H       -2.74681824     1.85924159    -0.88108784
 H       -3.71674871     0.67561802     0.00000076
 H        1.27927103    -2.38102207    -0.00000003
 H       -1.09720838    -3.14638193    -0.00000007
