          13
  3-Chlorophenol
 C       -0.23055885    -0.87915534    -0.00000000
 C       -1.56352714    -0.46132474     0.00000000
 C       -1.87358048     0.90144512    -0.00000000
 C       -0.84611756     1.83643915    -0.00000000
 C        0.49242984     1.44291205     0.00000000
 C        0.77554992     0.08212167     0.00000000
 O       -2.59945725    -1.34167902     0.00000000
Cl        2.44524829    -0.44941620    -0.00000000
 H       -2.91486975     1.20172956    -0.00000000
 H       -1.08803125     2.89435604    -0.00000000
 H        1.29519411     2.16896458     0.00000000
 H        0.02373744    -1.93403172    -0.00000000
 H       -2.25712642    -2.24103501    -0.00000000
