          17
 3-Ethylpyridine
 C        1.97779301    -0.09962099    -0.57809195
 C        2.82063286     0.05079699     0.70126553
 C        0.49343290    -0.01639228    -0.31200326
 C       -0.27998486    -1.16972962    -0.14190034
 N       -1.58708724    -1.17586037     0.12528477
 C       -2.19508172     0.00732001     0.23470496
 C       -1.53329504     1.22347660     0.08018505
 C       -0.17092960     1.20682104    -0.19725087
 H        2.20810627    -1.06042862    -1.05237759
 H        2.26545905     0.67942032    -1.29412112
 H        3.88959898    -0.00969774     0.47388372
 H        2.57996600    -0.73639857     1.42269243
 H        2.63034964     1.01387967     1.18591619
 H        0.19210827    -2.14786865    -0.23310359
 H       -3.26100864    -0.01697165     0.45171664
 H       -2.07591668     2.15866872     0.17089957
 H        0.37568225     2.13719132    -0.32902346
