          15
 3-Fluorotoluene
 C       -1.24245991     1.11896249     0.00523376
 C       -1.27316848    -0.27860064     0.00698035
 C       -0.02992870     1.80657265    -0.00164010
 C        1.17783201     1.11471126    -0.00498064
 C        1.13570874    -0.27365244    -0.00084905
 C       -0.06025366    -0.97558910     0.00589903
 F        2.28643657    -0.95858913    -0.00059001
 C       -2.58216393    -1.03100497    -0.00695035
 H       -2.17605480     1.67298960     0.01043077
 H       -0.02457262     2.89188955    -0.00143930
 H        2.13472897     1.62341917    -0.00754178
 H       -0.03389574    -2.06044118     0.01165480
 H       -3.42051485    -0.37529698     0.24238610
 H       -2.78115391    -1.46082783    -0.99611417
 H       -2.57446783    -1.86024215     0.70777416
