          24
      3-Heptanol
 C       -4.01227323     0.22228949     0.22487251
 C       -2.75566082    -0.50927971    -0.25705429
 C       -1.45786533     0.12944686     0.24970959
 C       -0.19817635    -0.60065992    -0.22803976
 C        1.10307249     0.05594092     0.23255743
 C        2.33833524    -0.76808327    -0.15811967
 H        2.24312704    -1.76754080     0.28480723
 H       -4.07115670     0.22858242     1.31924650
 H       -2.74289228    -0.53041921    -1.35503085
 H       -1.47002181     0.15122235     1.34908174
 H       -0.18842987    -0.64201713    -1.32552266
 H        1.07986636     0.14710338     1.33382234
 C        3.66189064    -0.13676930     0.28578919
 H       -4.92337441    -0.25160125    -0.15455663
 H       -2.79666562    -1.55889458     0.06489300
 H       -1.40561953     1.17387642    -0.07740513
 H       -0.21074745    -1.63917023     0.12734644
 O        1.13436466     1.35681421    -0.35338814
 H        2.33745187    -0.89971513    -1.24735681
 H       -4.01410582     1.26548828    -0.11045861
 H        4.51259011    -0.77073408     0.01857595
 H        3.82288036     0.83451686    -0.19528392
 H        3.68924389     0.01310387     1.37178552
 H        1.85975904     1.84823298     0.04057698
