          22
     3-Heptanone
 C       -3.80461481    -0.23336619    -0.43952808
 H       -4.71228775    -0.57582355     0.06721316
 H       -3.96702885     0.80483793    -0.74936161
 H       -3.68341856    -0.83405007    -1.34796212
 C       -2.57914745    -0.35306960     0.47159678
 H       -2.45942084    -1.39611597     0.79330238
 H       -2.74143226     0.23119346     1.38664971
 C       -1.28693544     0.12010120    -0.20394532
 H       -1.39419382     1.16485634    -0.52028390
 H       -1.12067195    -0.46514068    -1.11880740
 C       -0.05274350     0.01097906     0.71530868
 H        0.07587698    -1.02979963     1.03576800
 H       -0.20360681     0.63238185     1.60357003
 C        1.19324462     0.51038773    -0.00700912
 O        1.49440796     1.68238749    -0.00337789
 C        2.03623747    -0.52682467    -0.74008689
 H        2.57627885    -0.01626494    -1.54208136
 H        1.38823051    -1.29122947    -1.18511008
 C        3.03653869    -1.19421382     0.22337033
 H        3.64469503    -1.93345701    -0.30559268
 H        3.70753557    -0.44725921     0.65744940
 H        2.52539873    -1.70794650     1.04421637
