21
1,1-Dimethylcyclopentane
 C        0.67935449     0.00000004    -0.00732041
 C       -0.22445057     1.19651537    -0.38949673
 C       -0.22445066    -1.19651238    -0.38950538
 C       -1.66004760     0.77920382     0.00512885
 C       -1.66004681    -0.77920413     0.00512603
 C        0.96837781    -0.00000549     1.50570956
 C        2.00341537     0.00000289    -0.77971719
 H       -0.16553437     1.35299289    -1.47378619
 H        0.09255971     2.13148254     0.08483342
 H        0.09256048    -2.13148350     0.08481643
 H       -0.16553622    -1.35298072    -1.47379629
 H       -2.40123630     1.19146784    -0.68537071
 H       -1.91720343     1.16246339     0.99735877
 H       -2.40123754    -1.19146674    -0.68537219
 H       -1.91719846    -1.16246733     0.99735565
 H        1.54782115     0.88482196     1.79252230
 H        1.54781998    -0.88483572     1.79251608
 H        0.04989969    -0.00000692     2.10132564
 H        1.83014428     0.00000676    -1.86172353
 H        2.60516500    -0.88359497    -0.53722555
 H        2.60516480     0.88359914    -0.53721919
