27
1,1-Diethylcyclopentane
 C       -0.27776467     0.00942835     0.16410472
 C        0.32931642    -0.60527649    -1.14139073
 C        0.86445332    -0.14271663     1.22491477
 C        1.61504319    -1.34006249    -0.71820860
 C        2.14397245    -0.48805372     0.44456242
 C       -0.69001926     1.48938519    -0.03183035
 C       -1.50417064    -0.80975239     0.64278837
 C        0.43788327     2.48946209    -0.31846849
 C       -2.77320897    -0.72541633    -0.21466884
 H        0.57958252     0.18658011    -1.85548849
 H       -0.37797247    -1.26667561    -1.65063723
 H        0.62226759    -0.97171377     1.90066606
 H        0.97112737     0.74656304     1.85367178
 H        2.33048937    -1.45486608    -1.53840821
 H        1.37459429    -2.34790579    -0.35620534
 H        2.89104570    -1.00258060     1.05705180
 H        2.61409592     0.42247104     0.05374699
 H       -1.22730138     1.81910633     0.86853929
 H       -1.41516325     1.54649578    -0.85270753
 H       -1.74945797    -0.49654422     1.66702868
 H       -1.19721709    -1.86169443     0.71811338
 H        1.16477056     2.53655669     0.49833643
 H        0.02641813     3.49593238    -0.44672775
 H        0.98468003     2.24405022    -1.23456423
 H       -3.20832377     0.27815774    -0.20638023
 H       -3.53480315    -1.41389817     0.16585655
 H       -2.58132839    -0.99547318    -1.25870159
