15
1,1-Dimethylcyclopropane
 C        0.99005358     1.27603703    -0.00000002
 C       -1.13748380     0.00000015    -0.75652770
 C       -1.13748380     0.00000024     0.75652770
 C        0.16929583     0.00000001     0.00000000
 H        0.34925861     2.16359152    -0.00000022
 H        1.63604851     1.33109611     0.88471687
 H        1.63604879     1.33109591    -0.88471672
 C        0.99005299    -1.27603739     0.00000002
 H       -1.43690852    -0.91047135     1.26602329
 H       -1.43690833     0.91047199     1.26602311
 H       -1.43690849    -0.91047152    -1.26602317
 H       -1.43690837     0.91047182    -1.26602323
 H        0.34925759    -2.16359158     0.00000012
 H        1.63604796    -1.33109676    -0.88471683
 H        1.63604811    -1.33109667     0.88471678
