16
1,1-Dimethoxyethane
 H        1.16331326    -1.47755425    -1.16567160
 C        0.87053894    -1.66797108    -0.13011635
 C        0.03919780    -0.51625192     0.42261558
 H       -0.34233858    -0.76655731     1.42497848
 H        1.76797860    -1.80864869     0.47787558
 H        0.28000428    -2.58713399    -0.11080127
 O        0.76863555     0.67066445     0.64701294
 O       -1.03476631    -0.32132312    -0.46129848
 C        1.42865229     1.21078940    -0.48468608
 C       -2.04475990     0.53044571     0.04457330
 H        1.74709360     2.21887202    -0.20793074
 H       -2.81706176     0.60356694    -0.72475221
 H        2.31808574     0.62820571    -0.76124316
 H        0.76098944     1.27097723    -1.35235555
 H       -2.49221978     0.11672362     0.96129988
 H       -1.65835310     1.53183228     0.26879332
