13
1,1-Dimethylallene
 C        0.41447543     0.00000000     0.00000085
 C        1.20942359     1.28762083    -0.00000095
 C        1.20942359    -1.28762084    -0.00000095
 C       -0.89200140     0.00000000     0.00000543
 C       -2.19544952     0.00000000    -0.00000260
 H        1.86159766     1.33958343     0.88121077
 H        1.86159249     1.33958415    -0.88121646
 H        0.55852831     2.16397099     0.00000131
 H        0.55852830    -2.16397099     0.00000149
 H        1.86159234    -1.33958423    -0.88121656
 H        1.86159780    -1.33958335     0.88121067
 H       -2.76878903    -0.00000002    -0.92448424
 H       -2.76880049     0.00000002     0.92447193
