25
1,1-Dimethylindane
 C        0.87230950    -1.46019894     0.00828989
 C        2.25803935    -1.28936029    -0.00421460
 C        0.04741052    -0.33950369     0.02087686
 C        2.81109834    -0.00866104    -0.00915245
 C        1.98445359     1.11628216    -0.00249875
 C        0.60440842     0.94448808     0.01402848
 H        0.44955844    -2.46086998     0.01578978
 H        2.90889088    -2.15830229    -0.00514872
 H        3.88981568     0.11369783    -0.01338415
 H        2.41750743     2.11278606    -0.00239115
 C       -1.47690022    -0.28104477     0.00895482
 C       -0.48533711     1.99393694     0.01256865
 C       -1.73436174     1.19203149     0.44801317
 C       -2.12960970    -1.28556187     0.96892646
 C       -1.99598356    -0.52271392    -1.42577686
 H       -0.61272029     2.41556926    -0.99383817
 H       -0.27209932     2.83708570     0.67763162
 H       -1.82073640     1.22742619     1.53995718
 H       -2.66594777     1.59035336     0.03437641
 H       -1.74095328    -1.17076025     1.98581688
 H       -1.94826351    -2.31893690     0.65348267
 H       -3.21537761    -1.13941235     1.00117500
 H       -1.58554148     0.20982613    -2.12827544
 H       -3.08924993    -0.45112386    -1.45954476
 H       -1.71077354    -1.51810340    -1.78210450
