24
1,1-Dimethylcyclohexane
 C        0.91914119     0.00000654     0.01708648
 C        0.10247166     1.26015959     0.39520103
 C        0.10219509    -1.25992306     0.39545629
 C        2.23723984    -0.00020591     0.80965437
 C        1.25913260    -0.00000537    -1.48651780
 C       -1.32789994     1.26652324    -0.16633277
 H        0.64232362     2.15793850     0.06760741
 H        0.04656763     1.31875811     1.49155806
 C       -2.09310118    -0.00007663     0.24244930
 H       -1.30178192     1.33924592    -1.26132045
 H       -1.85686033     2.15993322     0.18575760
 C       -1.32779491    -1.26649969    -0.16674058
 H       -3.09633338    -0.00003528    -0.19927085
 H       -2.23178636    -0.00037559     1.33310291
 H        0.04509910    -1.31722046     1.49183791
 H        0.64214144    -2.15817506     0.06932430
 H       -1.30174401    -1.33905049    -1.26174529
 H       -1.85681059    -2.16003203     0.18499468
 H        2.83983927     0.88505294     0.57541756
 H        2.84036449    -0.88475355     0.57404540
 H        2.05040007    -0.00107507     1.88944234
 H        0.36919645     0.00131485    -2.12155742
 H        1.84935892    -0.88520239    -1.74941085
 H        1.85142263     0.88392979    -1.74910588
