          13
 3-Methoxypropanenitrile
 C        0.60176190    -0.78995615     0.37681696
 O        1.19122876     0.22895453    -0.38426114
 C       -0.79225900    -1.06216552    -0.19790355
 C       -1.70155367     0.07157698    -0.02958126
 N       -2.42804588     0.95775110     0.11824935
 H        1.19493136    -1.71879000     0.32679773
 H        0.52434606    -0.50106689     1.43748379
 H       -0.70099183    -1.28863060    -1.26549118
 H       -1.22802341    -1.93967648     0.29212099
 C        2.45183614     0.62772311     0.10233446
 H        2.81553293     1.42114739    -0.55416084
 H        3.17399823    -0.20388155     0.09208619
 H        2.38534875     1.01636418     1.13010866
