          18
 3-Methylbutanol
 C        2.17515438    -1.03703911    -0.03338034
 C        1.09416321    -0.00905864     0.32970656
 C        1.47682318     1.38190534    -0.19939056
 C       -0.27927121    -0.47838460    -0.18028480
 C       -1.45796987     0.37168906     0.28095590
 O       -2.64723105    -0.26542841    -0.16315730
 H        3.15410846    -0.73762708     0.35590555
 H        2.26762298    -1.13870282    -1.12145522
 H        1.93852794    -2.02586110     0.37337406
 H        1.04317357     0.04946400     1.42720720
 H       -0.46333808    -1.50479865     0.15995922
 H       -0.27749256    -0.51152163    -1.27789331
 H       -1.38435779     1.39086822    -0.12866762
 H       -1.44192715     0.46024561     1.38082856
 H        2.46881317     1.67670871     0.15927253
 H        0.77011194     2.15484195     0.11755077
 H        1.50619528     1.38633827    -1.29591782
 H       -3.39445560     0.28457945     0.08638905
