          23
 3-Methylbutyl acetate
 C       -2.42988444    -0.08203422     0.02466045
 C       -3.56633203     0.85698273    -0.31060751
 O       -2.54818202    -1.23279839     0.36184192
 O       -1.24212048     0.54190823    -0.10266221
 C       -0.07840328    -0.25449105     0.18985865
 C        1.14427853     0.61451070    -0.06649191
 C        2.47818380    -0.06019747     0.30307333
 C        3.62955714     0.94914991     0.19281599
 C        2.76702873    -1.30280208    -0.55330645
 H       -4.51460144     0.33093532    -0.20680232
 H       -3.45544825     1.23078172    -1.33253018
 H       -3.54509294     1.72393116     0.35605748
 H       -0.09935474    -1.14998291    -0.43769705
 H       -0.12689401    -0.58563018     1.23375435
 H        1.03279757     1.53873404     0.51327208
 H        1.15997982     0.90985460    -1.12392203
 H        2.41206876    -0.38055396     1.35328109
 H        3.73951105     1.30553841    -0.83848210
 H        4.58119837     0.49635259     0.48998607
 H        3.45853281     1.82291209     0.83041149
 H        3.73266503    -1.74353502    -0.28453933
 H        2.80714792    -1.04112351    -1.61777071
 H        2.00662491    -2.07953559    -0.42890835
