          21
 3-Methylpentanol
 C        1.74284033    -0.75890712    -0.29184231
 C        3.12767486    -0.43035852     0.27712963
 C        0.60101987     0.14815816     0.20884122
 C       -0.75368800    -0.41571720    -0.25592368
 C       -1.97624066     0.26912014     0.34576917
 O       -3.12306300    -0.45783328    -0.07198109
 H       -3.90293366    -0.00897634     0.26486386
 C        0.79713585     1.60829688    -0.23007331
 H       -2.03760415     1.31733344     0.01566757
 H       -1.89096031     0.27774689     1.44599724
 H       -0.81580981    -1.47874674     0.00714754
 H       -0.82500876    -0.36297086    -1.35040147
 H        0.61718073     0.11962705     1.30963432
 H        1.75625902     2.00756646     0.11175808
 H        0.01631536     2.26242330     0.16908549
 H        0.77223205     1.69028115    -1.32383405
 H        3.87033818    -1.15968362    -0.06195236
 H        3.11942233    -0.45150030     1.37307728
 H        3.47834949     0.55878545    -0.03278781
 H        1.49543093    -1.79753391    -0.03809768
 H        1.77681602    -0.71613972    -1.38955520
