          18
 3-Methylbutan-2-ol
 O        1.40158335    -1.15760403    -0.05203994
 C       -0.72759805     0.04505102    -0.32193082
 C        0.67921371     0.01497236     0.31745629
 C       -1.52077441     1.29039560     0.10165195
 C       -1.52030183    -1.22681516     0.01690896
 C        1.56463930     1.18578356    -0.09968093
 H        0.95099024    -1.91961423     0.32068460
 H       -0.58133126     0.07365830    -1.41074587
 H        0.55127133     0.04204377     1.41508699
 H       -1.62299593     1.33944620     1.19294499
 H       -2.53051547     1.26769243    -0.32095943
 H       -1.04589450     2.21692844    -0.23153238
 H       -1.64815623    -1.33744166     1.10160739
 H       -1.03040103    -2.12762469    -0.36623004
 H       -2.51994100    -1.19270213    -0.42769632
 H        1.66312815     1.21914596    -1.18991670
 H        2.56323007     1.05863963     0.32640822
 H        1.16228303     2.14117398     0.24473343
