          17
 3-Methylaniline
 C        1.22949966     0.28117720     0.01083577
 C        0.02346188     0.98150662     0.01313345
 C       -1.21044177     0.31618674     0.00261436
 C       -1.21946962    -1.08544790    -0.00379803
 C       -0.01945062    -1.78712326    -0.00156278
 C        1.20133888    -1.11740353     0.00684230
 N       -2.40589745     1.03771897    -0.05605348
 H       -2.16718677    -1.61665809    -0.00958247
 H       -0.03908079    -2.87298511     0.00014741
 H        2.13163142    -1.67691265     0.01283096
 C        2.54428648     1.02482296    -0.01056453
 H        0.03640164     2.06927539     0.02041331
 H       -2.35117387     1.97687926     0.31015038
 H       -3.21226338     0.54892592     0.30441086
 H        3.32058455     0.47771661     0.53288569
 H        2.45167284     2.01888561     0.43695794
 H        2.90458745     1.16264855    -1.03776635
