          17
 3-Methylbutanoic acid
 C       -2.51797277    -0.83238037    -0.31010717
 C       -1.27720933     0.06812388    -0.24962086
 C       -0.03429016    -0.76033122     0.10507458
 C        1.27425686    -0.02671698    -0.10150308
 O        2.30696402    -0.69263535     0.46634220
 O        1.42643691     1.00487272    -0.70557995
 C       -1.48094949     1.22650759     0.73696330
 H       -1.10666112     0.49784509    -1.24390033
 H        0.01698894    -1.66517540    -0.51574471
 H       -0.07164553    -1.11746392     1.14136052
 H        3.10250249    -0.17781433     0.26599336
 H       -3.40621896    -0.25464709    -0.58520370
 H       -2.39842865    -1.63486183    -1.04624941
 H       -2.71573484    -1.29921398     0.66256079
 H       -2.35662951     1.82264201     0.46051045
 H       -1.64475335     0.84985868     1.75441584
 H       -0.61320536     1.89070735     0.75028954
