          12
   3-Methylfuran
 O        1.39961694    -0.66394137    -0.00000000
 C        1.39116508     0.69289859    -0.00000000
 C        0.11708911     1.16189194     0.00000000
 C       -0.74307282     0.00662062     0.00000000
 C        0.09852835    -1.06251751     0.00000000
 H        2.35882171     1.16829468     0.00000000
 H       -0.18707757     2.19794841     0.00000000
 C       -2.24077186    -0.01362581    -0.00000000
 H       -0.06656746    -2.12828680     0.00000000
 H       -2.62223402    -1.03863517     0.00000018
 H       -2.64970054     0.49392609     0.88123135
 H       -2.64970053     0.49392578    -0.88123154
