20
1,1,1-Trimethoxyethane
 C       -0.07192837    -0.02263978    -0.31517183
 C       -0.34174830    -0.80170309    -1.60542185
 H        0.58969596    -1.18885642    -2.02196718
 H       -1.01962457    -1.63780758    -1.41960534
 H       -0.79081946    -0.12543558    -2.33502240
 O       -1.18981084     0.69272142     0.12424973
 C       -2.29502122    -0.05293995     0.60162770
 O        0.92102492     0.90229179    -0.61988008
 C        1.22649501     1.84063499     0.40670269
 O        0.30512568    -0.85194454     0.76740507
 C        1.42431401    -1.69087758     0.55417193
 H        2.26468748    -1.13730034     0.11891157
 H        1.71823401    -2.07460349     1.53432053
 H        1.18410759    -2.54285331    -0.09634354
 H        0.41502569     2.56229312     0.53873263
 H        1.41744814     1.33935513     1.36146737
 H        2.13022127     2.36013085     0.08028356
 H       -3.01887551     0.67854527     0.96867737
 H       -2.76971736    -0.64077183    -0.19611856
 H       -2.00784932    -0.72319561     1.41713602
