          14
 3-Methylpyridine
 C       -2.45392211    -0.03170968    -0.00000033
 H       -2.86891812     0.47021391     0.88130626
 H       -2.86891662     0.47019105    -0.88132077
 H       -2.81835643    -1.06258062     0.00001243
 C       -0.94711482     0.01379856     0.00000028
 C       -0.24478960     1.22193713     0.00000027
 H       -0.78432590     2.16551126     0.00000062
 C        1.14460610     1.20599224    -0.00000006
 H        1.71568730     2.12855100     0.00000002
 C        1.79632444    -0.02615033    -0.00000029
 H        2.88330091    -0.07526412    -0.00000054
 N        1.15143694    -1.19356310    -0.00000005
 C       -0.18291327    -1.15679799     0.00000030
 H       -0.68591518    -2.12336478     0.00000076
