          18
      3-Pentanol
 C        2.56442408    -0.05607157     0.24444467
 H        3.44615305    -0.61983006    -0.07450121
 H        2.66347051     0.95405409    -0.16849386
 H        2.59756340     0.01897702     1.33799958
 C        1.27303780    -0.72973551    -0.23069533
 H        1.24030357    -1.76155681     0.14152973
 H        1.26530403    -0.78476597    -1.32646571
 C       -0.00127775    -0.00717012     0.22819188
 H       -0.01614054     0.00535050     1.33342909
 C       -1.26974187    -0.70365384    -0.26520595
 H       -1.22154403    -1.76015325     0.02530568
 H       -1.26660926    -0.67556409    -1.36227529
 C       -2.55599285    -0.06717471     0.26843697
 H       -3.44157181    -0.56937050    -0.13329545
 H       -2.60409373    -0.13114603     1.36170315
 H       -2.60292336     0.98887602    -0.00800513
 O       -0.05231495     1.33068202    -0.26495630
 H        0.64594163     1.83622540     0.15888663
