          16
 (3R)-1,3-butanediol
 C       -2.23630461     0.93827853    -0.06074554
 C       -1.07651691     0.02306202     0.33463392
 H       -1.04333304    -0.04919648     1.43611189
 O       -1.23323099    -1.27919815    -0.22696421
 C        0.27258359     0.54770447    -0.15448822
 C        1.45551539    -0.30727113     0.30706065
 O        2.70541613     0.22183885    -0.11034765
 H       -3.19158687     0.53113283     0.29156146
 H       -2.28978559     1.03772028    -1.14965787
 H       -2.11974659     1.93533178     0.37648369
 H       -2.07469661    -1.63545095     0.07236688
 H        0.41624684     1.57445421     0.20022606
 H        0.25146789     0.58151763    -1.25281508
 H        1.31907950    -1.34282144    -0.03172365
 H        1.49552421    -0.32542670     1.40264611
 H        2.74123263     0.16446552    -1.06961430
