          14
 4-Chloroaniline
 C        1.91485521     0.00001478    -0.00426523
 C        1.19593652     1.20461169    -0.00373543
 C        1.19594951    -1.20459547    -0.00372670
 N        3.30801182     0.00000153     0.05392969
 C       -0.19389094    -1.20745749    -0.00084744
 C       -0.88534156    -0.00001318     0.00053568
 C       -0.19390348     1.20744184    -0.00084255
Cl       -2.63920565     0.00000082     0.00030254
 H        1.73261399     2.14904466    -0.00217640
 H        1.73267144    -2.14900459    -0.00218563
 H        3.75178136    -0.83492762    -0.29867443
 H        3.75186356     0.83483265    -0.29880160
 H       -0.73940721    -2.14388740    -0.00232354
 H       -0.73942833     2.14386667    -0.00227078
