          15
 4-Chlorotoluene
 C        1.20454536    -1.19873849    -0.00864045
 C        1.92449019     0.00000071    -0.00852564
 C        1.20454525     1.19873917    -0.00864043
 C       -0.18772138     1.21027290    -0.00265701
 C       -0.87353055     0.00000027     0.00127628
 C       -0.18772071    -1.21027258    -0.00265699
 C        3.43385867    -0.00000059     0.01451071
 H        3.84109454     0.88558166    -0.48196337
 H        3.84109488    -0.88552437    -0.48206815
 H        3.81540647    -0.00006250     1.04317785
 H        1.73932812     2.14430211    -0.01539769
 H       -0.73638636     2.14470443    -0.00525327
Cl       -2.62607477    -0.00000036     0.00417119
 H       -0.73638563    -2.14470415    -0.00525322
 H        1.73932851    -2.14430134    -0.01539785
