          19
 4-Methylpentan-2-one
 O        1.74042132    -1.09998492    -0.34161819
 C       -1.19120667     0.14400541     0.29065450
 C       -0.04651383     0.44902687    -0.71189790
 C       -2.48623292     0.83375682    -0.15989290
 C       -1.40408610    -1.36538309     0.46688700
 C        1.31345081     0.02011848    -0.17529076
 C        2.09706234     1.06693070     0.60046681
 H       -0.90835220     0.56768119     1.26531399
 H       -0.03732387     1.52358392    -0.92887871
 H       -0.23214154    -0.09212734    -1.64592575
 H       -2.36063178     1.91928631    -0.23225328
 H       -3.30053981     0.63455374     0.54473222
 H       -2.80100785     0.46627646    -1.14372253
 H       -2.16266253    -1.56132760     1.23191384
 H       -1.75025828    -1.81643495    -0.47059170
 H       -0.48222527    -1.87601487     0.75514097
 H        2.96862636     0.61124600     1.07205908
 H        1.46797223     1.54924202     1.35677864
 H        2.42713060     1.85711120    -0.08499982
