          16
  4-Methylphenol
 C        1.38184939     0.00209460     0.00000263
 C        0.67734067    -1.20472770    -0.00000111
 C       -0.71092736    -1.19293790    -0.00000682
 C       -1.43724172     0.00535501    -0.00000718
 C       -0.71468142     1.19871922    -0.00000677
 C        0.67962043     1.20635243    -0.00000111
 C       -2.94744963    -0.00346326     0.00001072
 O        2.74446648    -0.06081101     0.00000547
 H        1.23349577    -2.13580084    -0.00000344
 H       -1.24520851    -2.13947868    -0.00001297
 H       -3.34783366    -0.51927312    -0.88065670
 H       -3.35052479     1.01312408    -0.00025056
 H       -3.34781767    -0.51880574     0.88096156
 H       -1.24659171     2.14610204    -0.00001211
 H        1.21985559     2.15035121    -0.00000367
 H        3.09969832     0.83324420     0.00000606
