          14
 4-Methylpyridine
 C       -2.47633196    -0.00000027     0.00843839
 H       -2.88150944     0.88723007    -0.48633861
 H       -2.85331302     0.00005252     1.03852068
 H       -2.88150955    -0.88727966    -0.48624992
 C       -0.96911575    -0.00000080    -0.00923418
 C       -0.23654988     1.18919055    -0.00724802
 H       -0.74279583     2.14997136    -0.01535149
 C        1.15453251     1.13606424     0.00196417
 H        1.73409013     2.05737496     0.00198689
 N        1.85669613     0.00000050     0.00691648
 C        1.15453379    -1.13606353     0.00196416
 H        1.73409205    -2.05737386     0.00198687
 C       -0.23654902    -1.18919104    -0.00724801
 H       -0.74279419    -2.14997221    -0.01535141
