          16
  4-Nitroaniline
 C        2.15396819    -0.00000000     0.00376673
 C        1.43646600     1.21241477     0.00321389
 C        0.05346971     1.21331342     0.00042411
 C       -0.63360387     0.00000000    -0.00079996
 C        0.05346971    -1.21331342     0.00042427
 C        1.43646599    -1.21241477     0.00321407
 N       -2.09045351    -0.00000000    -0.00029657
 O       -2.66331495    -1.08542066     0.00001536
 N        3.53047850    -0.00000001    -0.04240545
 O       -2.66331495     1.08542065     0.00001573
 H       -0.51071487     2.13675738     0.00178948
 H        1.97838579     2.15329118     0.00246312
 H        1.97838579    -2.15329117     0.00246345
 H       -0.51071488    -2.13675736     0.00178977
 H        4.00515992    -0.84507330     0.23117609
 H        4.00515993     0.84507332     0.23117595
