24
1,1,3-Trimethylcyclopentane
 C       -1.05202010     0.10849817     0.02214796
 C        0.19113149     1.02632162     0.02512164
 C        1.37806795     0.12813544    -0.38380641
 C       -0.47237776    -1.19041217     0.63737496
 C        0.98918996    -1.29218882     0.13219775
 C       -1.54300332    -0.14630612    -1.41565614
 C       -2.20298148     0.68264758     0.85659984
 C        2.73189672     0.62465403     0.12804017
 H        0.35349548     1.40491430     1.04397064
 H        0.07724340     1.90035064    -0.62620329
 H        1.42688825     0.09950021    -1.47895915
 H       -1.07191377    -2.07181416     0.38610879
 H       -0.48418996    -1.10271410     1.73023267
 H        1.65937459    -1.61491094     0.93583475
 H        1.08747147    -2.03458121    -0.66583176
 H       -1.86596738     0.78674711    -1.89134397
 H       -2.39653137    -0.83356638    -1.41752260
 H       -0.76447683    -0.58761239    -2.04587829
 H       -1.88302892     0.88680438     1.88452641
 H       -3.04742575    -0.01499107     0.90145957
 H       -2.57488433     1.62124574     0.42945666
 H        2.95683321     1.63023468    -0.24482356
 H        3.54579507    -0.03673494    -0.18903593
 H        2.74433095     0.66546326     1.22396007
