          13
 Acetic anhydride
 C       -2.33023487    -0.82575334     0.38679963
 C       -1.20379136     0.03364815    -0.12503715
 O       -0.00000003    -0.65203934     0.00000024
 C        1.20379138     0.03364810     0.12503718
 O        1.29467316     1.11717648     0.61278441
 O       -1.29467295     1.11717651    -0.61278446
 C        2.33023469    -0.82575348    -0.38679984
 H       -2.22638488    -0.95363808     1.46905859
 H       -2.28259976    -1.82061151    -0.06411272
 H       -3.28401181    -0.35050210     0.16045224
 H        2.28260005    -1.82061136     0.06411320
 H        3.28401170    -0.35050196    -0.16045336
 H        2.22638400    -0.95363897    -1.46905864
