          17
    Acetophenone
 C       -2.51488622    -1.17631151    -0.00000013
 H       -3.57421566    -0.91865560    -0.00000022
 H       -2.28744508    -1.78456344     0.88206509
 H       -2.28744489    -1.78456339    -0.88206534
 C       -1.70090457     0.10797196     0.00000001
 O       -2.25211797     1.18976248     0.00000011
 C       -0.20435090     0.01053111     0.00000002
 C        0.53392851     1.20208928    -0.00000005
 H       -0.01170368     2.13888811    -0.00000008
 C        1.92220140     1.17145441    -0.00000007
 H        2.48545523     2.09922571    -0.00000013
 C        2.59289724    -0.05297918    -0.00000002
 H        3.67815503    -0.07796166    -0.00000003
 C        1.86932361    -1.24375598     0.00000006
 H        2.38876328    -2.19661221     0.00000012
 C        0.47706537    -1.21260617     0.00000007
 H       -0.07491241    -2.14606001     0.00000012
