          23
 Acridine
 N        0.00000000     1.36773072    -0.00000008
 C       -1.21001438    -0.75916302    -0.00000005
 C        1.21001437    -0.75916303    -0.00000005
 C       -1.15213700     0.68344801    -0.00000006
 C        1.15213700     0.68344801    -0.00000005
 C       -0.00000000    -1.45384905    -0.00000007
 C       -2.48310578    -1.40309026     0.00000001
 C        2.48310578    -1.40309026     0.00000000
 C       -2.38122341     1.41161582    -0.00000000
 C        2.38122342     1.41161582     0.00000001
 C       -3.63507066    -0.66737267     0.00000008
 C        3.63507066    -0.66737267     0.00000007
 C       -3.58109611     0.75655957     0.00000008
 C        3.58109611     0.75655957     0.00000008
 H       -0.00000000    -2.54160517    -0.00000006
 H       -2.51589734    -2.48902722     0.00000002
 H        2.51589734    -2.48902722     0.00000001
 H       -2.31662113     2.49411689     0.00000001
 H        2.31662113     2.49411689     0.00000002
 H       -4.60033410    -1.16332691     0.00000015
 H        4.60033410    -1.16332691     0.00000012
 H       -4.50859255     1.32062923     0.00000015
 H        4.50859255     1.32062923     0.00000015
