32
1,1,3,3-Tetraethylurea
 C        2.57909979    -1.31722117     1.45891782
 C        1.60601128    -0.14228948     1.27917542
 N        1.07376459     0.00075071    -0.08016313
 C        2.04207874     0.01227310    -1.17947670
 C        3.00793416     1.19587905    -1.09634616
 C       -0.19225395    -0.49576039    -0.39633161
 O       -0.40445480    -1.14004438    -1.41433121
 N       -1.20509364    -0.19949028     0.51080695
 C       -1.30813135     1.11465178     1.15735028
 C       -1.35433370     2.31138108     0.19757043
 C       -2.44361657    -0.96701944     0.35084138
 C       -3.43319419    -0.42759684    -0.68905659
 H        3.50244135    -1.18766077     0.88788322
 H        2.85415851    -1.40179576     2.51526895
 H        2.11565229    -2.25933675     1.14969637
 H        2.09547708     0.79021681     1.58880803
 H        0.75980360    -0.30077075     1.94644624
 H        2.60608880    -0.92980940    -1.22307711
 H        1.46389385     0.05790582    -2.10262498
 H        3.64605616     1.15392422    -0.20770709
 H        3.66588639     1.19744100    -1.97099325
 H        2.46351668     2.14537342    -1.07629139
 H       -0.48576773     1.26269282     1.86420750
 H       -2.22134630     1.08961124     1.76069183
 H       -0.43357108     2.36837739    -0.38887910
 H       -1.45087137     3.24202972     0.76738337
 H       -2.19788759     2.24364804    -0.49394042
 H       -2.15426927    -1.98161258     0.07012009
 H       -2.92400642    -1.01951231     1.33582889
 H       -2.95019484    -0.36987467    -1.66666532
 H       -4.29416009    -1.10062811    -0.76590660
 H       -3.81340042     0.56252329    -0.41818471
