          10
      Acrylamide
 C        0.45604374    -0.07568749     0.00004221
 C       -0.84161308     0.66952561    -0.00299031
 C       -1.99766598     0.01158292     0.00252791
 O        0.52925390    -1.29078673    -0.00036108
 N        1.56582734     0.72415903    -0.00499733
 H       -0.81117069     1.75688517    -0.01013466
 H       -1.99531687    -1.07389521     0.00856640
 H       -2.95391349     0.52276466     0.00088193
 H        1.51136466     1.72548766     0.04855424
 H        2.47003155     0.28409709     0.03230002
