          23
 Anethole
 O        3.23747301     0.25502239    -0.00384737
 C       -0.94956193     0.29674259     0.00411090
 C       -0.26008010    -0.92344182     0.00609008
 C       -0.17206347     1.46861965     0.00068940
 C        1.87933256     0.19888289    -0.00104409
 C        1.13002086    -0.98307430     0.00332449
 C        1.21242558     1.42886839    -0.00208801
 C       -2.41229890     0.41003169     0.00589251
 C       -3.31738349    -0.57553765    -0.00702557
 C       -4.80198902    -0.36690493    -0.00334549
 C        3.95882708    -0.95969031    -0.00133135
 H       -2.78344797     1.43550614     0.01839396
 H       -2.98774533    -1.61345688    -0.02191739
 H       -0.81398516    -1.85663857     0.01106437
 H       -0.67306152     2.43281635    -0.00024234
 H        1.61792753    -1.94981896     0.00529955
 H        1.80324522     2.33830144    -0.00491651
 H       -5.05780826     0.69683336     0.01114610
 H       -5.27025164    -0.84079977     0.86937289
 H       -5.27139168    -0.81732778    -0.88778768
 H        5.01556706    -0.68627861    -0.00389408
 H        3.74128973    -1.56327196    -0.89241918
 H        3.74412782    -1.55770140     0.89417761
