          16
  Anisole
 C        2.77235270    -0.40722243     0.00000000
 H        3.73773227     0.10228438    -0.00000003
 H        2.70074364    -1.04191795     0.89322467
 H        2.70074361    -1.04191801    -0.89322462
 O        1.79063188     0.60816441    -0.00000001
 C        0.48128552     0.23916333    -0.00000000
 C       -0.44594148     1.28947504     0.00000000
 H       -0.07082144     2.30701392     0.00000000
 C       -1.80621136     1.01662007     0.00000000
 H       -2.51404908     1.83978313     0.00000000
 C       -2.26607692    -0.30252439     0.00000000
 H       -3.33001628    -0.51308060     0.00000000
 C       -1.34268691    -1.34148412    -0.00000000
 H       -1.68385567    -2.37225717    -0.00000000
 C        0.02993444    -1.08372070    -0.00000000
 H        0.72888620    -1.91052658    -0.00000000
