          24
 9,10‐Dihydroanthracene‐9,10‐dione
 C       -3.69017384     0.69894811    -0.00000032
 C       -3.69017384    -0.69894811    -0.00000034
 C       -2.48801591    -1.39597100    -0.00000014
 C       -1.27419291    -0.70280095     0.00000007
 C       -1.27419291     0.70280095     0.00000009
 C       -2.48801591     1.39597101    -0.00000009
 C       -0.00000000     1.47821521     0.00000025
 O        0.00000000     2.69686410     0.00000049
 C        1.27419290     0.70280095     0.00000007
 C        2.48801590     1.39597100    -0.00000020
 C        3.69017384     0.69894812    -0.00000042
 C        3.69017385    -0.69894811    -0.00000028
 C        2.48801591    -1.39597100     0.00000002
 C        1.27419291    -0.70280096     0.00000014
 C        0.00000000    -1.47821522     0.00000024
 O       -0.00000000    -2.69686410     0.00000037
 H       -4.63041697     1.24103776    -0.00000048
 H       -4.63041697    -1.24103776    -0.00000052
 H       -2.45889277    -2.47961628    -0.00000017
 H       -2.45889277     2.47961628    -0.00000006
 H        2.45889276     2.47961628    -0.00000027
 H        4.63041697     1.24103777    -0.00000071
 H        4.63041698    -1.24103775    -0.00000044
 H        2.45889278    -2.47961628     0.00000013
