31
1,1,4,7-Tetramethylindane
 C        0.07846255     1.60372361     0.01130108
 C       -1.25580328     2.02529365     0.00224233
 C        0.31450776     0.21922584     0.03409700
 C       -2.31726948     1.12437628     0.00189779
 C       -2.09172399    -0.25266799     0.00625678
 C       -0.76065896    -0.67938613     0.02620971
 C       -3.23327255    -1.23887085    -0.01127337
 C        1.64714129    -0.54421834     0.00366784
 C       -0.27260063    -2.11039703     0.01494162
 C        1.20284840    -1.97270333     0.43478460
 H       -0.36947132    -2.54469948    -0.99044821
 H       -0.84056047    -2.76450199     0.68525113
 H        1.27350187    -2.05069267     1.52575095
 H        1.84937784    -2.74763326     0.01104172
 C        2.72900301    -0.02246651     0.96407770
 C        2.20185357    -0.57356733    -1.43866719
 H       -3.33719044     1.49953604    -0.00636606
 H       -4.19852308    -0.72548576    -0.02807755
 H       -3.21736344    -1.89221386     0.86963479
 H       -3.18755597    -1.89452480    -0.88925567
 H        2.32384917     0.13490784     1.96914358
 H        3.17398772     0.91587361     0.62467095
 H        3.53951679    -0.75675375     1.04176930
 C        1.17304876     2.64774104     0.00185160
 H        1.48680125    -1.03016431    -2.13045295
 H        3.13244568    -1.15159196    -1.48116418
 H        2.41834800     0.43446862    -1.80595253
 H       -1.46713589     3.09133896    -0.00785228
 H        0.75162112     3.63811024    -0.19161855
 H        1.92635823     2.45404852    -0.76835259
 H        1.70106625     2.69806101     0.96041916
