          15
      Butanamide
 C        1.07953114     0.05058983     0.04244278
 C       -0.30531961    -0.58126794     0.18482588
 C       -1.42961360     0.36977407    -0.23372234
 C       -2.82211119    -0.20224844     0.04287005
 N        2.10307408    -0.84124247    -0.12500195
 O        1.26827571     1.25037430     0.08188464
 H       -0.35310652    -1.51911985    -0.38318027
 H       -0.42800420    -0.85808723     1.24193251
 H       -1.28948713     1.31794911     0.29337585
 H       -1.32563586     0.60069142    -1.30056080
 H       -3.60434401     0.49748253    -0.26735632
 H       -2.98558413    -1.14245186    -0.49652536
 H       -2.96346096    -0.40643614     1.11050855
 H        3.04577844    -0.48749335    -0.12007326
 H        1.96074857    -1.83434908    -0.07447218
