          14
   Butanoic acid
 C       -1.45908278     0.43754480     0.00000026
 C       -0.32003583    -0.58258324    -0.00000023
 C        1.05186280     0.05584926    -0.00000005
 O        1.28501580     1.23737097    -0.00000010
 O        2.03134954    -0.87935754     0.00000015
 C       -2.83787341    -0.22784200    -0.00000004
 H       -1.35382796     1.08997947     0.87339513
 H       -1.35382797     1.08998029    -0.87339400
 H       -0.37846695    -1.24648367    -0.87213939
 H       -0.37846686    -1.24648448     0.87213833
 H        2.86847248    -0.39261614     0.00000022
 H       -3.63583869     0.52074817     0.00000026
 H       -2.97586020    -0.86110442    -0.88376586
 H       -2.97586023    -0.86110516     0.88376525
