          21
 1-Ethoxybutane
 C       -1.18081777     0.32826106    -0.00000014
 C        0.05345637    -0.56443365    -0.00000008
 O        1.20498548     0.24835566    -0.00000015
 C        2.40979461    -0.48371680     0.00000007
 C        3.57343037     0.49509188     0.00000012
 C       -2.49013772    -0.46778189     0.00000006
 H       -1.13853017     0.98342837    -0.87899117
 H       -1.13853006     0.98342862     0.87899069
 H        0.04925091    -1.22409012     0.88649866
 H        0.04925091    -1.22409029    -0.88649869
 H        2.45802240    -1.14058499     0.88625101
 H        2.45802263    -1.14058518    -0.88625072
 H        4.52630290    -0.04296202     0.00000035
 H        3.53515128     1.13533257     0.88603836
 H        3.53515157     1.13533234    -0.88603830
 C       -3.73209820     0.42885179     0.00000011
 H       -2.51641869    -1.12792007     0.87727826
 H       -2.51641887    -1.12792024    -0.87727801
 H       -4.65251304    -0.16358777     0.00000028
 H       -3.75177738     1.07639930    -0.88361034
 H       -3.75177717     1.07639948     0.88361043
