          17
   Butyl formate
 C       -3.64622697    -0.07846687     0.00000030
 C       -2.26794886     0.58946044    -0.00000028
 C       -1.11808840    -0.42501586     0.00000010
 C        0.24215839     0.25249635    -0.00000027
 O        1.25184703    -0.77985179    -0.00000018
 C        2.51968277    -0.35701413     0.00000006
 O        2.88394609     0.78678140     0.00000025
 H        3.18638579    -1.23470850     0.00000006
 H        0.38436633     0.88493041     0.88300700
 H        0.38436605     0.88492994    -0.88300793
 H       -1.19282329    -1.07644209     0.87942548
 H       -1.19282339    -1.07644286    -0.87942471
 H       -2.17731445     1.24328570    -0.87730563
 H       -2.17731420     1.24328668     0.87730432
 H       -4.44818347     0.66604143    -0.00000009
 H       -3.77870473    -0.71205221     0.88387957
 H       -3.77870493    -0.71205335    -0.88387813
