          12
   Butyronitrile
 C        2.44585913    -0.01305160     0.00000042
 H        3.16590494     0.81014233     0.00000010
 H        2.64232904    -0.62847883    -0.88477128
 H        2.64232843    -0.62847761     0.88477311
 C        1.01127323     0.51923528    -0.00000044
 H        0.84121580     1.15175637     0.87770539
 H        0.84121641     1.15175521    -0.87770722
 C       -0.02413279    -0.62436934    -0.00000004
 H        0.11745433    -1.26411455    -0.87948609
 H        0.11745378    -1.26411345     0.87948691
 C       -1.40296037    -0.13714638    -0.00000077
 N       -2.48585159     0.26713951     0.00000064
