          18
 Chlorocyclohexane
 C        2.36851442     0.00000000    -0.31862499
 C        1.67119328    -1.26616793     0.19900872
 C        0.17200914    -1.26752072    -0.15176237
 C       -0.49599831     0.00000000     0.37673585
 C        0.17200914     1.26752071    -0.15176237
 C        1.67119328     1.26616793     0.19900873
 H       -0.48968119     0.00000001     1.47046485
Cl       -2.27058353     0.00000000    -0.05870272
 H        0.04442134     1.30560887    -1.24061008
 H       -0.32355318     2.15147959     0.26060823
 H        2.14381740     2.16352147    -0.21505753
 H        1.79013584     1.32710473     1.28963820
 H        2.35060124     0.00000001    -1.41714460
 H        3.42346942     0.00000000    -0.02267490
 H        2.14381740    -2.16352147    -0.21505756
 H        1.79013585    -1.32710474     1.28963818
 H       -0.32355317    -2.15147959     0.26060825
 H        0.04442132    -1.30560888    -1.24061007
