          14
 Chlorotrimethylsilane
Cl       -1.66430714    -0.00002563    -0.00001212
Si        0.43791480     0.00009479     0.00001814
 C        0.99529053     1.78472953     0.12674833
 C        0.99531185    -1.00217855     1.48208965
 C        0.99534416    -0.78261894    -1.60883689
 H        2.08977026     1.84633374     0.13109787
 H        0.62798879     2.37465037    -0.71842010
 H        0.62803396     2.24932297     1.04680451
 H        0.62845581    -2.03137977     1.42381406
 H        2.08978475    -1.03643340     1.53363829
 H        0.62752519    -0.56580968     2.41565070
 H        2.08981844    -0.80928232    -1.66466414
 H        0.62844915    -1.80970540    -1.69667516
 H        0.62761686    -0.21862927    -2.47134182
