          13
 Cyclobutanenitrile
 C       -0.06089872    -0.00000389     0.51494117
 C        0.89297205    -1.08738733    -0.07719409
 H        1.08294374    -1.96344650     0.54543274
 H        0.54745029    -1.41644629    -1.05977178
 C       -1.45397959    -0.00000454     0.10073880
 C        0.89296473     1.08738792    -0.07719067
 H       -0.01432439    -0.00000551     1.60819414
 H        1.08292993     1.96344676     0.54543859
 H        0.54744020     1.41644713    -1.05976731
 C        1.99562029     0.00000425    -0.18078838
 H        2.64955030     0.00000518     0.69566362
 H        2.61570704     0.00000784    -1.07882931
 N       -2.55504606     0.00000246    -0.25451419
