          19
 Cyclohexanethiol
 C       -2.34102641     0.02286867    -0.31961118
 C       -1.62483727     1.27404246     0.20822207
 C       -0.12661934     1.25556250    -0.13666272
 C        0.54074967    -0.02780664     0.38080422
 C       -0.16649489    -1.27692835    -0.16021184
 C       -1.66468050    -1.25813958     0.18869879
 S        2.32510540     0.03878102    -0.08230557
 H        0.49333029    -0.02887898     1.47574901
 H        0.37342794     2.13475504     0.28363729
 H       -0.00046815     1.30791458    -1.22656064
 H        0.30601793    -2.18063674     0.24126656
 H       -0.03724395    -1.31138430    -1.24939532
 H       -1.74461107     1.32823447     1.29911769
 H       -2.08545140     2.18050279    -0.20034708
 H       -1.78589962    -1.32490331     1.27890154
 H       -2.15353052    -2.14370209    -0.23284560
 H       -3.39673725     0.03811197    -0.02613968
 H       -2.32094041     0.03080577    -1.41824240
 H        2.68427735    -1.13725407     0.46605383
