          19
    Cyclohexanol
 O        2.34578328    -0.04961736    -0.10965679
 C        0.99466330     0.01002599     0.32876818
 C        0.27726391     1.26654108    -0.18113059
 C        0.30044750    -1.25591143    -0.17259410
 C       -1.20902283     1.26400697     0.20884694
 C       -1.18562459    -1.27116051     0.21439451
 C       -1.90907997    -0.01112947    -0.28424460
 H        0.95664314     0.01197916     1.43360520
 H        0.77410425     2.16390566     0.21237542
 H        0.38084763     1.29837833    -1.27391901
 H        0.82003559    -2.13431211     0.22468465
 H        0.40603952    -1.29137483    -1.26497346
 H       -1.29866673     1.32575300     1.30248011
 H       -1.70538156     2.15452404    -0.19277889
 H       -1.27763041    -1.33108591     1.30795026
 H       -1.66672802    -2.17071818    -0.18540532
 H       -2.95541642    -0.01923401     0.04188531
 H       -1.92300942    -0.01321350    -1.38298786
 H        2.78166188     0.76460718     0.15955515
