          17
   Cyclohexanone
 C        0.31566883     1.28414816     0.37076286
 H        0.91829434     2.13257312     0.03741426
 H        0.19424943     1.36632214     1.46078751
 C       -1.07967978     1.26549708    -0.28728960
 H       -1.63506386     2.16422830     0.00179169
 H       -0.96227908     1.30819778    -1.37811358
 C       -1.86200602    -0.00000002     0.08881214
 H       -2.06051132    -0.00000005     1.16979159
 H       -2.83848849    -0.00000002    -0.40811072
 C       -1.07967975    -1.26549709    -0.28728964
 H       -1.63506381    -2.16422833     0.00179159
 H       -0.96227899    -1.30819773    -1.37811361
 C        0.31566882    -1.28414814     0.37076291
 H        0.19424935    -1.36632205     1.46078755
 H        0.91829435    -2.13257313     0.03741439
 C        1.08760447     0.00000000     0.09096354
 O        2.22316289    -0.00000001    -0.32347664
