          10
 Cyclopropanecarbonitrile
 N       -2.15840968     0.00020102    -0.23223594
 C        0.30517746    -0.00023144     0.58046456
 C        1.35577467    -0.74850278    -0.22520577
 C        1.35552228     0.74880466    -0.22482463
 C       -1.05972761    -0.00034090     0.13183311
 H        0.41628848    -0.00048794     1.65971980
 H        2.11799581    -1.27152264     0.34067627
 H        1.01979275    -1.26004117    -1.11918309
 H        2.11756674     1.27179481     0.34132268
 H        1.01936594     1.26068412    -1.11854115
