          11
 Cyclopropylamine
 C        0.20702416    -0.00000001     0.49133888
 C       -0.93520961     0.75520871    -0.13518250
 C       -0.93520962    -0.75520870    -0.13518251
 N        1.45857583    -0.00000000    -0.22561620
 H        2.01049808    -0.81571531     0.02189441
 H        2.01049805     0.81571534     0.02189437
 H        0.23572172    -0.00000001     1.58363227
 H       -1.63004643     1.27501212     0.51534828
 H       -0.72841022     1.25012961    -1.07721431
 H       -1.63004645    -1.27501212     0.51534826
 H       -0.72841024    -1.25012960    -1.07721432
