          33
      Decanol
 O       -6.16658991    -0.41663153    -0.00000010
 C        0.05773265     0.46701990     0.00000042
 C        1.33973760    -0.37378503     0.00000047
 C       -1.22420088    -0.37354795     0.00000042
 C        2.62222562     0.46624022     0.00000044
 C       -2.50582288     0.46808028    -0.00000010
 C        3.90412398    -0.37426701    -0.00000008
 C       -3.78331609    -0.37746831     0.00000018
 C        5.18703265     0.46509062     0.00000003
 C       -5.05321093     0.46368749    -0.00000072
 C        6.46261619    -0.38302709    -0.00000080
 H        0.05788382     1.12916113     0.87738635
 H        0.05788387     1.12916103    -0.87738558
 H        1.33943626    -1.03594913    -0.87727621
 H        1.33943626    -1.03594908     0.87727720
 H       -1.22548060    -1.03534548     0.87727452
 H       -1.22548026    -1.03534598    -0.87727331
 H        2.62239646     1.12845900    -0.87733629
 H        2.62239683     1.12845853     0.87733752
 H       -2.50345131     1.12981642    -0.87768156
 H       -2.50345150     1.12981724     0.87768075
 H        3.90484812    -1.03671316    -0.87726907
 H        3.90484842    -1.03671385     0.87726840
 H       -3.80231843    -1.03387874    -0.87892894
 H       -3.80231887    -1.03387749     0.87893021
 H        5.18645886     1.12631376     0.87693356
 H        5.18645837     1.12631472    -0.87693278
 H       -5.06434558     1.11935187    -0.88700413
 H       -5.06434581     1.11935341     0.88700155
 H        7.36069315     0.24305124    -0.00000072
 H        6.50770232    -1.02980084    -0.88355397
 H        6.50770285    -1.02980181     0.88355163
 H       -6.96896699     0.11181923    -0.00000069
