          20
 4‐hydroxy‐4‐methylpentan‐2‐one
 O       -1.03653762     1.19790677     0.75829571
 C       -1.08580677    -0.01516235    -0.00358209
 C        0.13525546    -0.09698451    -0.96717241
 C        1.48313603    -0.11675068    -0.24864131
 C        2.09181132     1.22459889     0.10905011
 O        2.01991112    -1.16445794     0.03280814
 C       -2.38086803    -0.05216631    -0.82659739
 C       -1.07075004    -1.14667291     1.02642365
 H       -1.24861680     1.92889547     0.16848565
 H        0.08446237     0.75684981    -1.65486819
 H        0.06313091    -1.01694931    -1.55453587
 H        2.27015944     1.81505428    -0.79756151
 H        3.03112227     1.08031437     0.64446118
 H        1.37884583     1.78233979     0.72491626
 H       -3.24569254     0.05741275    -0.16552112
 H       -2.47964194    -0.99426605    -1.37420544
 H       -2.40298926     0.76275408    -1.56085361
 H       -0.18403392    -1.08743554     1.66070819
 H       -1.06710354    -2.12163454     0.53195226
 H       -1.95686994    -1.07547354     1.66304099
