          28
    Dibutylamine
 C        5.01930227    -0.45810618    -0.00886846
 H        5.93941800     0.13492017    -0.00274248
 H        5.04123250    -1.11592673     0.86735154
 H        5.03932584    -1.09571565    -0.89974989
 C        3.77616573     0.43680423     0.00239566
 H        3.80048094     1.10737600    -0.86688756
 H        3.80093520     1.08666100     0.88724255
 C        2.46561329    -0.35743542    -0.00945294
 H        2.44354432    -1.03118642     0.85997720
 H        2.42262434    -1.00073526    -0.89701794
 C        1.22136850     0.53107398     0.01248532
 H        1.23085673     1.19480962    -0.86346782
 H        1.25872961     1.19549700     0.89914424
 N       -0.00000001    -0.26285463    -0.04399006
 H       -0.00000002    -0.92689822     0.72544916
 C       -1.22136851     0.53107400     0.01248471
 H       -1.23085695     1.19480860    -0.86346922
 H       -1.25872948     1.19549801     0.89914287
 C       -2.46561330    -0.35743544    -0.00945212
 H       -2.44354505    -1.03118396     0.85997996
 H       -2.42262362    -1.00073781    -0.89701526
 C       -3.77616573     0.43680427     0.00239306
 H       -3.80048101     1.10737206    -0.86689321
 H       -3.80093509     1.08666508     0.88723699
 C       -5.01930226    -0.45810620    -0.00886688
 H       -5.93941800     0.13492016    -0.00274369
 H       -5.03932579    -1.09571982    -0.89974534
 H       -5.04123247    -1.11592268     0.86735618
