          27
 1-(Butylsulfanyl)butane
 C        5.27894952     0.08518740    -0.00000012
 C        3.94150818    -0.66171177    -0.00000041
 C        2.73286455     0.28386691     0.00000018
 C        1.40041636    -0.46907048     0.00000005
 S        0.00000000     0.70656880     0.00000015
 C       -1.40041636    -0.46907046     0.00000043
 C       -2.73286456     0.28386693    -0.00000018
 C       -3.94150817    -0.66171176     0.00000028
 C       -5.27894953     0.08518739    -0.00000052
 H        6.12392780    -0.61054038    -0.00000064
 H        5.37403698     0.72582957     0.88372397
 H        5.37403677     0.72583063    -0.88372347
 H        3.88803107    -1.31928845    -0.87767461
 H        3.88803122    -1.31928939     0.87767310
 H        2.77986382     0.93949719     0.87863321
 H        2.77986359     0.93949793    -0.87863232
 H        1.32400383    -1.10964832    -0.88592476
 H        1.32400380    -1.10964855     0.88592469
 H       -1.32400365    -1.10964881    -0.88592400
 H       -1.32400400    -1.10964803     0.88592545
 H       -2.77986381     0.93949812     0.87863218
 H       -2.77986361     0.93949704    -0.87863335
 H       -3.88803097    -1.31928955    -0.87767309
 H       -3.88803130    -1.31928828     0.87767461
 H       -6.12392780    -0.61054041    -0.00000017
 H       -5.37403672     0.72582943    -0.88372473
 H       -5.37403706     0.72583074     0.88372271
