          15
 Dichloromethylbenzene
 C       -2.72946656     0.00001267     1.03668720
 C       -1.35890956     0.00001431     1.29218185
 C       -0.44730214     0.00000076     0.23548565
 C       -0.91499005    -0.00001458    -1.08236273
 C       -2.28099569    -0.00001635    -1.33445552
 C       -3.19160083    -0.00000269    -0.27579013
 C        1.01959206     0.00000393     0.54824712
 H        1.20427049     0.00001199     1.61887730
Cl        1.84810521     1.47610422    -0.08736911
Cl        1.84810808    -1.47610367    -0.08734763
 H       -0.20506356    -0.00002512    -1.90238477
 H       -2.63885140    -0.00002848    -2.35882241
 H       -4.25793813    -0.00000412    -0.47703413
 H       -3.43135949     0.00002336     1.86409378
 H       -0.99844962     0.00002641     2.31668120
