          16
    Diethylamine
 C        2.45910537    -0.37154085    -0.01410543
 H        3.37439670     0.22795310     0.00012081
 H        2.48567688    -1.03681520     0.85719810
 H        2.46198477    -0.99476308    -0.91304227
 C        1.22136520     0.52185132     0.01588159
 H        1.23217577     1.19572690    -0.85138939
 H        1.25575465     1.17417757     0.91057794
 N       -0.00000000    -0.27081353    -0.05413203
 H       -0.00000008    -0.94922471     0.70290136
 C       -1.22136520     0.52185135     0.01588123
 H       -1.23217582     1.19572648    -0.85139010
 H       -1.25575464     1.17417805     0.91057725
 C       -2.45910536    -0.37154086    -0.01410526
 H       -3.37439670     0.22795308     0.00012044
 H       -2.46198466    -0.99476375    -0.91304164
 H       -2.48567695    -1.03681458     0.85719875
