          18
 Diethyl carbonate
 C       -3.43692893    -0.78813486     0.00000903
 H       -4.41633622    -0.30052133     0.00000370
 H       -3.36692115    -1.42441384    -0.88663569
 H       -3.36691666    -1.42438557     0.88667367
 C       -2.34153283     0.26135847    -0.00001022
 H       -2.39254281     0.90646805     0.88304672
 H       -2.39254936     0.90644168    -0.88308628
 O       -1.08063275    -0.43332336    -0.00000486
 C        0.00000000     0.35384632    -0.00000054
 O        0.00000001     1.56000652     0.00000080
 O        1.08063275    -0.43332336     0.00000222
 C        2.34153283     0.26135847     0.00000978
 H        2.39254744     0.90644242     0.88308538
 H        2.39254473     0.90646731    -0.88304762
 C        3.43692892    -0.78813486    -0.00000633
 H        4.41633622    -0.30052134     0.00000029
 H        3.36691950    -1.42441288     0.88663895
 H        3.36691828    -1.42438653    -0.88667041
