          23
   2‐(2‐ethoxyethoxy)ethan‐1‐ol
 C        4.78117445     0.42068318    -0.00000222
 C        3.58475762    -0.51706224     0.00000031
 O        2.40510938     0.25768648     0.00000036
 C        1.22899524    -0.51343384     0.00000103
 C        0.04751453     0.44563404     0.00000143
 O       -1.13031119    -0.32555529     0.00000061
 C       -2.30639825     0.44803473     0.00000139
 C       -3.49211726    -0.50524717    -0.00000159
 H        5.71410711    -0.15109055    -0.00000207
 H        0.09803609     1.09614973    -0.88812274
 H        0.09803562     1.09614860     0.88812645
 H        1.17672954    -1.16481909     0.88808365
 H        1.17672866    -1.16481925    -0.88808142
 H        3.60777983    -1.17410765     0.88646027
 H        3.60777809    -1.17411016    -0.88645783
 H        4.76581877     1.06157584    -0.88622129
 H        4.76582026     1.06157870     0.88621482
 H       -2.35615512     1.09882093    -0.88813404
 H       -2.35615645     1.09881712     0.88813954
 O       -4.66335830     0.29149296    -0.00000122
 H       -3.43167746    -1.15219095     0.88842031
 H       -3.43167574    -1.15218750    -0.88842591
 H       -5.42528848    -0.29276949    -0.00000009
