          20
  2‐(2‐methoxyethoxy)ethan‐1‐ol
 C        4.15869721    -0.29279622    -0.00000099
 O        2.95871389     0.43861755     0.00000058
 C        1.81508401    -0.38086608    -0.00000035
 C        0.59523724     0.52869749     0.00000072
 O       -0.54930032    -0.29085574     0.00000061
 C       -1.75665058     0.43324839     0.00000016
 C       -2.90166164    -0.56855368     0.00000099
 O       -4.10491071     0.17886506    -0.00000175
 H        1.79098904    -1.03371444    -0.88830313
 H        1.79098905    -1.03371650     0.88830092
 H        0.61911029     1.18063894     0.88816395
 H        0.61910960     1.18064009    -0.88816169
 H       -1.83328102     1.08134973     0.88814559
 H       -1.83328121     1.08134830    -0.88814629
 H       -2.81436091    -1.21243407    -0.88841630
 H       -2.81436276    -1.21243063     0.88842093
 H        4.98171722     0.42645374    -0.00000007
 H        4.24682253    -0.93416946    -0.89172050
 H        4.24682310    -0.93417239     0.89171635
 H       -4.84198499    -0.43646016     0.00000291
