          20
 bis(2‐aminoethyl)amine
 C       -1.22081767    -0.38660469    -0.07176929
 C       -2.45863700     0.50078568     0.05854991
 H       -2.47690122     1.21479133    -0.77597455
 N       -3.67563750    -0.31197104    -0.02579243
 H       -2.36537771     1.09590062     0.98177825
 H       -1.21221361    -1.11426234     0.75267081
 H       -1.30028445    -0.97470875    -1.00360716
 N        0.00000001     0.40462770     0.02062781
 H       -3.75503931    -0.89459776     0.80298988
 H       -4.49376863     0.28855803    -0.02344207
 C        1.22081765    -0.38660477    -0.07176911
 H        0.00000008     1.09679981    -0.72390471
 C        2.45863699     0.50078566     0.05854965
 H        1.21221366    -1.11426210     0.75267128
 H        1.30028434    -0.97470922    -1.00360674
 N        3.67563753    -0.31197103    -0.02579232
 H        2.47690115     1.21479087    -0.77597519
 H        2.36537769     1.09590104     0.98177770
 H        4.49376861     0.28855810    -0.02344220
 H        3.75503935    -0.89459733     0.80299028
