          23
 1,3‐Diethyl propanedioate
 C       -3.74794728    -1.76302078    -0.25185917
 C       -3.24658586    -0.38464812     0.13541327
 O       -1.92995916    -0.22594969    -0.42936200
 C       -1.31120374     0.93137953    -0.15372981
 C        0.09319752     0.93603220    -0.72745345
 C        1.04350919     0.13149025     0.14953437
 O        2.27546120     0.13049692    -0.38360133
 C        3.28346654    -0.58603958     0.36031968
 C        4.58963075    -0.46028753    -0.40071367
 O       -1.80339747     1.84055722     0.46230469
 O        0.74499719    -0.42081237     1.17639414
 H       -4.74824880    -1.92331764     0.16151906
 H       -3.08466171    -2.54080237     0.13655920
 H       -3.80377281    -1.86800620    -1.33922176
 H       -3.89348042     0.41138206    -0.24737773
 H       -3.17805858    -0.26181768     1.22061444
 H        0.10377271     0.50921477    -1.73440003
 H        0.45067749     1.96644466    -0.78725237
 H        3.34955541    -0.15802675     1.36550536
 H        2.96751490    -1.62861002     0.46664843
 H        5.38185661    -0.99312722     0.13358656
 H        4.88495744     0.58808471    -0.49921934
 H        4.50087584    -0.88907522    -1.40288347
