          19
 Diethyl sulfate
 C       -3.44630319     1.23622844     0.00000422
 C       -2.50834803     0.04569198    -0.00000202
 O       -1.15276146     0.57465860     0.00001392
 S       -0.00000000    -0.51254453    -0.00000026
 O        1.15276147     0.57465859    -0.00001924
 O       -0.00001925    -1.24091733    -1.23673904
 O        0.00001922    -1.24091207     1.23674164
 H       -4.48191856     0.88328114    -0.00000712
 H       -3.28951850     1.85382707    -0.88815734
 H       -3.28953143     1.85380801     0.88818128
 H       -2.63676798    -0.57530901    -0.89206070
 H       -2.63678170    -0.57532829     0.89204151
 C        2.50834804     0.04569197     0.00000578
 C        3.44630320     1.23622843    -0.00000469
 H        2.63676431    -0.57530305     0.89206913
 H        2.63678540    -0.57533426    -0.89203308
 H        4.48191858     0.88328114     0.00001296
 H        3.28953489     1.85380216    -0.88818644
 H        3.28951507     1.85383292     0.88815218
