          15
 (Ethylsulfanyl)ethane
 C       -2.72714060    -0.10368629    -0.00000007
 H       -3.56506140     0.60084175    -0.00000007
 H       -2.81823479    -0.73994296     0.88532865
 H       -2.81823469    -0.73994284    -0.88532889
 C       -1.40025551     0.65486536     0.00000005
 H       -1.32219485     1.29394765    -0.88580133
 H       -1.32219494     1.29394752     0.88580154
 S       -0.00000000    -0.52147892     0.00000004
 C        1.40025551     0.65486536    -0.00000002
 H        1.32219488     1.29394757    -0.88580146
 H        1.32219493     1.29394760     0.88580141
 C        2.72714060    -0.10368630    -0.00000004
 H        3.56506140     0.60084176    -0.00000006
 H        2.81823472    -0.73994291    -0.88532880
 H        2.81823476    -0.73994290     0.88532873
