14
1,2-Benzenediol
 C       -1.91900902    -0.68935318    -0.00000000
 C       -1.92059305     0.70184669     0.00000000
 C       -0.70927442     1.39740841     0.00000000
 C        0.49010593     0.69837298     0.00000000
 C        0.49501808    -0.70571051     0.00000000
 C       -0.71351867    -1.39236814    -0.00000000
 O        1.67046359    -1.38826618     0.00000000
 O        1.73213910     1.28442646    -0.00000000
 H       -2.85594999    -1.23595927    -0.00000000
 H       -2.85503643     1.25209060     0.00000000
 H       -0.69607136     2.48480268     0.00000000
 H       -0.69043094    -2.47667982    -0.00000000
 H        2.38402189    -0.73872613     0.00000000
 H        1.64045863     2.24107072    -0.00000000
