20
1,2-Dimethoxybenzene
 C       -0.15353896     0.55718300    -0.05483782
 C        0.10495047    -0.82414025    -0.19640221
 C        1.41481839    -1.28480688    -0.14823727
 C        2.47971184    -0.40379230     0.04484595
 C        2.22302986     0.95203530     0.19964688
 C        0.91278883     1.43387065     0.15058783
 O       -0.90066705    -1.71606335    -0.45628097
 C       -1.82349330    -1.94578949     0.60284145
 O       -1.45859740     0.93401275    -0.14233737
 C       -1.76511758     2.31002900    -0.04764469
 H       -2.52529403    -2.70003801     0.23953381
 H       -1.30911439    -2.33250738     1.49296366
 H       -2.37021675    -1.03525256     0.86600055
 H        1.57799151    -2.34987875    -0.27485390
 H        3.49635559    -0.78038676     0.07736775
 H        3.03838101     1.65097874     0.35527461
 H        0.73114066     2.49532490     0.26398182
 H       -2.84758283     2.38853000    -0.16344230
 H       -1.47558088     2.72558837     0.92661942
 H       -1.27448758     2.88829851    -0.84123788
