18
1,2-Dimethylbenzene
 C       -1.82365048    -1.47762682    -0.00007123
 C       -0.52707858    -0.70462618    -0.00001266
 C       -0.52713611     0.70466176    -0.00000973
 C        0.69427182    -1.38175437     0.00006889
 C       -1.82385126     1.47748815     0.00007314
 C        0.69419269     1.38181967    -0.00003582
 C        1.90674745    -0.69529146     0.00003792
 C        1.90670242     0.69538021    -0.00005422
 H       -2.43668747    -1.24297324     0.87867902
 H       -1.63930055    -2.55499795     0.00032101
 H       -2.43635757    -1.24354695    -0.87921213
 H        0.69267097    -2.46848479     0.00013965
 H       -2.43618242     1.24394096    -0.87947542
 H       -1.63977360     2.55490855     0.00137192
 H       -2.43724436     1.24188472     0.87832129
 H        0.69262845     2.46854646    -0.00003554
 H        2.84228272    -1.24572110     0.00007023
 H        2.84222197     1.24583665    -0.00013576
