12
1,2-Dichlorobenzene
 C        2.46728534    -0.69667008    -0.00000000
 C        2.46730773     0.69662445     0.00000000
 C        1.26333009     1.39259925     0.00000000
 C        0.05302157     0.69946952     0.00000000
 C        0.05299796    -0.69945752     0.00000000
 C        1.26329086    -1.39261733    -0.00000000
Cl       -1.43235141    -1.60525791     0.00000000
Cl       -1.43232139     1.60527822    -0.00000000
 H        3.40242004    -1.24604163    -0.00000000
 H        3.40245788     1.24597113    -0.00000000
 H        1.24495278     2.47595655     0.00000000
 H        1.24490230    -2.47597490    -0.00000000
