12
1,2-Dibromobenzene
 C       -0.69643753    -3.08841876    -0.00000000
 C        0.69642043    -3.08840987     0.00000000
 C        1.39177308    -1.88406914     0.00000000
 C        0.69875431    -0.67273734    -0.00000000
 C       -0.69879401    -0.67275472    -0.00000000
 C       -1.39181047    -1.88408239    -0.00000000
Br       -1.71190060     0.93368056     0.00000000
Br        1.71191558     0.93365420    -0.00000000
 H       -1.24666551    -4.02314954    -0.00000000
 H        1.24665335    -4.02313855     0.00000000
 H        2.47503838    -1.87133251     0.00000000
 H       -2.47507763    -1.87136410    -0.00000000
