14
1,2-Dimethylidenecyclobutane
 C        1.67475901    -1.15311012    -0.00021288
 C        0.74039423    -0.20506744     0.00009105
 C       -0.74038682    -0.20508062    -0.00007939
 C        0.78308896     1.32283134     0.00037927
 C       -1.67473028    -1.15314276     0.00020545
 C       -0.78312374     1.32280584    -0.00038110
 H        2.73273161    -0.91060133    -0.00013033
 H        1.41461040    -2.20725144    -0.00055561
 H        1.24264200     1.76986127    -0.88598918
 H        1.24161864     1.76937333     0.88752568
 H       -2.73271487    -0.91068342     0.00011287
 H       -1.41452536    -2.20726128     0.00056601
 H       -1.24271713     1.76980971     0.88597744
 H       -1.24166143     1.76932093    -0.88753564
