11
1,2-Dichlorohexafluoropropane
 C       -1.16003442     0.35057293    -0.23334235
Cl       -2.11286961    -1.08474253     0.24431638
 F       -1.79390975     1.43187189     0.21545682
 F       -1.08736762     0.41144467    -1.55991706
 C        0.27645858     0.32840592     0.37993499
 F        0.16446345     0.18632699     1.71172527
Cl        1.05241377     1.89277429     0.00004076
 C        1.20833402    -0.80914980    -0.13579633
 F        0.71657263    -1.99912507     0.19999102
 F        2.40338855    -0.68049216     0.43172972
 F        1.34362211    -0.75508623    -1.45557391
