11
1,2-Dichloropropane
 C        0.42628533    -1.73247431     0.15252423
 C        0.45469672    -0.29158705    -0.33098760
Cl        2.10551008     0.42972435    -0.01716598
 C       -0.54274113     0.63416206     0.35549674
Cl       -2.24173862     0.17031807    -0.06872070
 H        0.61495635    -1.78458917     1.22868735
 H        1.18547860    -2.32483267    -0.36213611
 H       -0.55650041    -2.16692986    -0.05237013
 H        0.32587307    -0.23518135    -1.41290575
 H       -0.41329939     1.66476587     0.02979288
 H       -0.45712016     0.57620395     1.44106113
