12
1,2-Ethanediamine
 N        1.92848570    -0.07027272     0.00000003
 H        2.04542911    -0.67178137     0.81099448
 H        2.04542912    -0.67178160    -0.81099426
 C        0.58212412     0.50440416    -0.00000004
 H        0.49004245     1.15804185    -0.87822312
 H        0.49004241     1.15804190     0.87822299
 C       -0.58212412    -0.50440415    -0.00000004
 H       -0.49004239    -1.15804190     0.87822299
 H       -0.49004245    -1.15804185    -0.87822312
 N       -1.92848570     0.07027272     0.00000003
 H       -2.04542912     0.67178141     0.81099446
 H       -2.04542915     0.67178154    -0.81099429
