16
1,2-Hexadiene
 C        1.94213936    -0.30822143    -0.03898892
 C        0.62084907    -0.93632151     0.44595235
 C        1.93408173     1.22300121    -0.02549583
 C       -0.54321231    -0.66061121    -0.48029249
 C       -1.63792507    -0.03472570    -0.14782714
 C       -2.73388730     0.58251644     0.19307707
 H        2.75607420    -0.67811107     0.59650290
 H        2.15841649    -0.66799166    -1.05366712
 H        0.38130857    -0.57255001     1.45104644
 H        0.75631286    -2.02364661     0.52461166
 H        2.88678694     1.62703505    -0.38199917
 H        1.76670693     1.60585814     0.98767969
 H        1.13816596     1.62023498    -0.66296540
 H       -0.43817678    -1.01607621    -1.50680721
 H       -3.59439590     0.04402883     0.58249063
 H       -2.83471084     1.66103840     0.10101213
