           9
 Difluoro(methoxy)trifluoroethane
 F        1.94748817    -0.48179730    -0.87328479
 F        1.26267055    -0.58030723     1.17741145
 F        1.13118484     1.27404958     0.09116411
 F       -2.26122825    -0.92969388    -0.08193066
 F       -1.69651509     1.16309554    -0.08440967
 O       -0.18581025    -0.42951481    -0.51690964
 C        1.03015205    -0.05017958    -0.03072677
 C       -1.29814926    -0.07251099     0.24632704
 H       -1.09126108    -0.11761636     1.32068686
