          33
 3‐Methyl‐1‐(3‐methylbutoxy)butane
 C       -4.83323659     0.90174507     0.51031368
 C       -3.73431150    -0.14633363     0.28406926
 C       -2.37226940     0.54320146     0.09164223
 C       -1.17869061    -0.40526340     0.05449320
 O        0.00000061     0.36758876     0.00001136
 C        1.17869189    -0.40526290    -0.05447560
 C        2.37226922     0.54320292    -0.09164877
 C        3.73431085    -0.14633268    -0.28407782
 C        4.83323625     0.90174703    -0.51031621
 H       -5.80425924     0.42644308     0.68558307
 H       -4.93661775     1.55467493    -0.36480296
 H       -4.60796230     1.53675447     1.37358294
 H       -3.67204236    -0.76675653     1.19048985
 C       -4.10261378    -1.06434076    -0.89181600
 H       -2.38289778     1.13465427    -0.83338051
 H       -2.20378540     1.25235752     0.91104006
 H       -1.17419662    -1.04840530     0.95343560
 H       -1.22956818    -1.07703048    -0.81873955
 H        1.22958064    -1.07702039     0.81876385
 H        1.17418787    -1.04841499    -0.95341065
 H        2.20377725     1.25234639    -0.91105579
 H        2.38290454     1.13466806     0.83336600
 C        4.10261290    -1.06434475     0.89180373
 H        3.67204191    -0.76675200    -1.19050083
 H        5.80425578     0.42644536    -0.68560376
 H        4.93662858     1.55466125     0.36481077
 H        4.60795479     1.53677191    -1.37357221
 H        5.08623047    -1.52061334     0.73724761
 H        3.38152635    -1.87625539     1.02614431
 H        4.14423771    -0.49682465     1.82959355
 H       -5.08622776    -1.52061649    -0.73725819
 H       -3.38152255    -1.87624589    -1.02616504
 H       -4.14424640    -0.49681505    -1.82960206
