          10
 Diketene
 C        0.02346915     1.19052522    -0.00000008
 C        1.01989334     0.05727381    -0.00000003
 O        0.01439664    -0.92751309    -0.00000014
 C       -0.98941881     0.03971502    -0.00000001
 O       -2.15931416    -0.13403826     0.00000013
 C        2.32371186    -0.14107367     0.00000013
 H       -0.00540108     1.81829489     0.89342213
 H        2.73916958    -1.14100378     0.00000017
 H        3.00265492     0.70151467     0.00000023
 H       -0.00540112     1.81829468    -0.89342244
