          13
 Dimethoxymethane
 C       -1.80633116    -0.57351227     0.30922475
 O       -1.00046173     0.13953695    -0.61106603
 C       -0.00000000     0.90268771     0.00000003
 O        1.00046172     0.13953690     0.61106604
 C        1.80633118    -0.57351223    -0.30922478
 H       -2.54830902    -1.12390679    -0.27366626
 H       -2.32703519     0.11207209     0.99539658
 H       -1.21530984    -1.27942300     0.90500882
 H        0.41547754     1.53134798    -0.80151718
 H       -0.41547756     1.53134792     0.80151727
 H        2.54830873    -1.12390717     0.27366622
 H        2.32703558     0.11207221    -0.99539625
 H        1.21530980    -1.27942259    -0.90500925
