          11
 Dimethyldichlorosilane
Cl        1.67878013    -0.80241887    -0.00000000
Cl       -1.67878014    -0.80241886    -0.00000000
Si        0.00000000     0.42406865     0.00000000
 C        0.00000001     1.43084480     1.56660924
 C        0.00000001     1.43084481    -1.56660923
 H        0.00000014     0.78097722     2.44562804
 H        0.88844694     2.06898275     1.60991333
 H       -0.88844702     2.06898258     1.60991347
 H        0.00000019     0.78097725    -2.44562804
 H       -0.88844705     2.06898255    -1.60991348
 H        0.88844690     2.06898280    -1.60991329
