          10
 (Methyldisulfanyl)methane
 C       -1.85340895    -0.85978562     0.45213176
 H       -2.86692587    -0.84440180     0.04042941
 H       -1.88867967    -0.62561884     1.51672456
 H       -1.41735171    -1.84751981     0.29398710
 S       -0.92422332     0.42727744    -0.45617337
 S        0.92422332     0.42727744     0.45617337
 C        1.85340895    -0.85978562    -0.45213176
 H        2.86692587    -0.84440180    -0.04042942
 H        1.88867966    -0.62561884    -1.51672456
 H        1.41735171    -1.84751981    -0.29398709
