          13
 Dimethyl sulfate
 S        0.00000000     0.22113066     0.00000001
 O        1.15076053    -0.87049712     0.00001321
 O       -1.15076054    -0.87049712    -0.00001344
 O        0.00001539     0.94723380    -1.23720390
 O       -0.00001539     0.94723356     1.23720404
 C        2.49243155    -0.33877886     0.00000181
 C       -2.49243155    -0.33877886    -0.00000176
 H        3.14361347    -1.21220681     0.00000987
 H        2.66125027     0.26029649     0.89853731
 H        2.66124298     0.26027536    -0.89854902
 H       -3.14361348    -1.21220681    -0.00000216
 H       -2.66124061     0.26028137     0.89854549
 H       -2.66125264     0.26029048    -0.89854084
