          21
 1‐(propylsulfanyl)propane
 S       -0.00000000     0.74213122    -0.00000006
 C        1.39992252    -0.43373735     0.00000007
 C       -1.39992252    -0.43373736    -0.00000023
 C        2.73318779     0.31848097    -0.00000017
 C       -2.73318779     0.31848097     0.00000037
 C        3.93370024    -0.63457805     0.00000017
 C       -3.93370024    -0.63457805    -0.00000008
 H        1.32430245    -1.07453631    -0.88593834
 H        1.32430255    -1.07453598     0.88593871
 H       -1.32430230    -1.07453650     0.88593803
 H       -1.32430270    -1.07453580    -0.88593902
 H        2.77851782     0.97305418     0.87829489
 H        2.77851784     0.97305356    -0.87829569
 H       -2.77851794     0.97305440    -0.87829451
 H       -2.77851772     0.97305334     0.87829606
 H        3.92813294    -1.28109080     0.88447687
 H        4.87617667    -0.07831131    -0.00000010
 H        3.92813286    -1.28109153    -0.88447600
 H       -3.92813306    -1.28109055    -0.88447697
 H       -4.87617667    -0.07831130     0.00000047
 H       -3.92813276    -1.28109177     0.88447591
