          23
  Phenoxybenzene
 C        2.25965950     1.05649555     0.66303083
 H        2.07958708     1.96172288     1.23203588
 C        3.51985633     0.46850019     0.60707833
 H        4.34415395     0.92185870     1.14848883
 C        3.72355432    -0.69568204    -0.13221033
 H        4.70573494    -1.15435657    -0.17103234
 C        2.65540363    -1.26410658    -0.82400258
 H        2.80491644    -2.16591298    -1.40947870
 C        1.39049211    -0.68206179    -0.78316030
 H        0.56157031    -1.11751521    -1.32882388
 C        1.19724575     0.47845680    -0.03144753
 O        0.00000083     1.15374815     0.00000624
 C       -1.19724531     0.47845839     0.03145350
 C       -1.39049896    -0.68205441     0.78317333
 H       -0.56158203    -1.11750389     1.32884755
 C       -2.65541098    -1.26409852     0.82400836
 H       -2.80492961    -2.16590050     1.40948979
 C       -3.72355503    -0.69567867     0.13220188
 H       -4.70573615    -1.15435265     0.17101811
 C       -3.51984998     0.46849801    -0.60709347
 H       -4.34414247     0.92185269    -1.14851496
 C       -2.25965234     1.05649250    -0.66303877
 H       -2.07957429     1.96171547    -1.23204899
