          24
 Diphenylmethanone
 O        0.00000008    -2.27322729     0.00000042
 C       -1.30280440    -0.30976260     0.02111191
 C        1.30280441    -0.30976249    -0.02111153
 C        0.00000004    -1.05443500     0.00000033
 C       -1.45466936     0.95083219     0.61227884
 C        2.42950019    -0.95464665     0.50802722
 C       -2.42949980    -0.95464652    -0.50802788
 C        1.45466897     0.95083261    -0.61227788
 C       -2.70755303     1.55804764     0.66207556
 C        3.67427692    -0.33940099     0.47624595
 C       -3.67427657    -0.33940089    -0.47624717
 C        2.70755258     1.55804813    -0.66207510
 C       -3.81572164     0.91964504     0.10996413
 C        3.81572159     0.91964524    -0.10996479
 H       -0.59907940     1.44592673     1.05726149
 H        2.30189138    -1.94218012     0.93688790
 H       -2.30189070    -1.94217978    -0.93688899
 H        0.59907872     1.44592737    -1.05725973
 H       -2.81748395     2.52897677     1.13438978
 H        4.53768507    -0.84109654     0.90146264
 H       -4.53768441    -0.84109621    -0.90146473
 H        2.81748316     2.52897752    -1.13438887
 H       -4.78957444     1.39815267     0.14120246
 H        4.78957437     1.39815289    -0.14120357
