          39
 Dodecane-1-thiol
 C        5.83255099    -0.42089696     0.00000048
 C        4.56611906     0.44269539    -0.00000092
 C        3.26887659    -0.37434395     0.00000178
 C        2.00192404     0.48892612     0.00000098
 C        0.70518086    -0.32893548     0.00000181
 C       -0.56188624     0.53421020     0.00000165
 C       -1.85779273    -0.28489132     0.00000119
 C       -3.12421839     0.57964379     0.00000103
 C       -4.41683601    -0.24708908     0.00000001
 C       -5.66882300     0.63214887    -0.00000038
 S       -7.16934422    -0.43317562    -0.00000155
 H       -0.55056390     1.19602615     0.87746740
 H       -0.55056349     1.19602636    -0.87746395
 H        0.69325288    -0.99088228    -0.87733812
 H        0.69325329    -0.99088137     0.87734244
 H       -1.87034011    -0.94626977     0.87747535
 H       -1.87033965    -0.94626939    -0.87747326
 H        2.01362618     1.15094269    -0.87736659
 H        2.01362630     1.15094452     0.87736716
 H       -3.11387554     1.24012023    -0.87810612
 H       -3.11387638     1.24011941     0.87810879
 H        3.25683275    -1.03640563    -0.87730617
 H        3.25683407    -1.03640206     0.87731245
 H       -4.43432089    -0.90366508    -0.87904132
 H       -4.43432187    -0.90366572     0.87904084
 H        4.57819465     1.10477981     0.87735434
 H        4.57819362     1.10477548    -0.87735946
 H       -5.68786809     1.27044320    -0.88751401
 H       -5.68786906     1.27044264     0.88751363
 C        7.13061413     0.39477324    -0.00000277
 H        5.82112995    -1.08324353    -0.87728699
 H        5.82113129    -1.08323871     0.87729161
 H       -8.08014277     0.55738982    -0.00000220
 C        8.39024658    -0.47683872    -0.00000110
 H        7.14229293     1.05589562     0.87692486
 H        7.14229172     1.05589051    -0.87693428
 H        9.29978771     0.13244672    -0.00000365
 H        8.42328697    -1.12432394    -0.88356447
 H        8.42328833    -1.12431857     0.88356616
