          10
 Epichlorohydrin
 C       -0.41613224    -1.06243785     0.08283642
 H       -0.70128952    -1.63927455     0.96532966
 C        1.03956653    -0.66810545     0.16958473
 O        1.53958286     0.27718551    -0.75838698
 C        1.53774843     0.63145974     0.62959490
 H       -0.58976124    -1.66963932    -0.80794846
 H        1.68029621    -1.54297019     0.31647481
 H        0.83071421     1.40927039     0.90593736
 H        2.51963054     0.68843984     1.09744140
Cl       -1.55362711     0.32975590    -0.02718112
