          14
   Ethyl acetate
 C       -2.62038031     0.35638121    -0.00000028
 H       -3.48597426    -0.31293542    -0.00000015
 H       -2.67783968     0.99434065    -0.88657770
 H       -2.67784005     0.99434147     0.88657652
 C       -1.33944450    -0.45723718     0.00000033
 H       -1.26298327    -1.10151431     0.88192666
 H       -1.26298290    -1.10151506    -0.88192541
 O       -0.23587918     0.46764601     0.00000018
 C        0.99395525    -0.08436787    -0.00000004
 C        2.06140549     0.98606529    -0.00000004
 H        1.95156726     1.62538248     0.88070358
 H        1.95156540     1.62538453    -0.88070193
 H        3.04496400     0.51776103    -0.00000153
 O        1.19291471    -1.27269722    -0.00000016
