21
1,2,3-Trimethylbenzene
 C       -2.53819507    -0.77746964     0.00000015
 C       -1.22077919    -0.03236366    -0.00000005
 C       -1.23633022     1.36602821     0.00000000
 C       -0.05535954     2.09786254    -0.00000004
 C        1.16352904     1.42928598    -0.00000001
 C        1.21346905     0.03413944    -0.00000005
 C        2.55218325    -0.66529890     0.00000016
 C        0.01475252    -0.70679830    -0.00000018
 C        0.08774879    -2.21752615    -0.00000011
 H       -3.37594286    -0.07530663     0.00000109
 H       -2.64821836    -1.42057189     0.88083029
 H       -2.64821934    -1.42057062    -0.88083081
 H       -2.19189208     1.88275621     0.00000010
 H       -0.08458849     3.18301325    -0.00000002
 H        2.09230087     1.99287801     0.00000006
 H        3.37126070     0.05834483     0.00000153
 H        2.67621121    -1.30998716     0.87868791
 H        2.67621252    -1.30998518    -0.87868887
 H        0.62842992    -2.59151684    -0.87808442
 H        0.62842182    -2.59151715     0.87808914
 H       -0.89796909    -2.68263867    -0.00000470
