22
1,2,3-Trimethylcyclopent-1-ene
 C       -2.55888795     0.26796060     0.23483227
 C       -1.12984673    -0.13299435     0.03101959
 C       -0.05317749     0.65216304    -0.12056809
 C        1.20886191    -0.16540894    -0.37017090
 C        0.77087561    -1.60274783     0.00322932
 C       -0.76891547    -1.60006712    -0.09298558
 C        2.45434956     0.30486220     0.39191224
 C       -0.00296220     2.15044791    -0.14191672
 H       -2.95767516    -0.15843825     1.16486088
 H       -3.19326000    -0.11586338    -0.57557220
 H       -2.69412961     1.35139655     0.27958720
 H        1.44341674    -0.11555271    -1.44689946
 H        1.07051352    -1.80463320     1.03838785
 H        1.24254134    -2.36583221    -0.62282484
 H       -1.12135987    -1.99766135    -1.05716666
 H       -1.24286259    -2.21932058     0.67923744
 H        2.76196511     1.31179720     0.09130585
 H        3.29909098    -0.36690829     0.20423461
 H        2.27012982     0.31661946     1.47255817
 H       -0.99056953     2.60358200    -0.02728347
 H        0.42295157     2.51411009    -1.08709444
 H        0.63825021     2.54439169     0.65641636
