          10
 Ethylamine
 C        1.27097484     0.25623012    -0.01722771
 H        2.15595548    -0.38696958     0.01566212
 H        1.32810966     0.94343273     0.83542649
 H        1.30316624     0.85453175    -0.93230869
 C       -0.01102490    -0.57188765     0.03482509
 H       -0.03435215    -1.26150045    -0.81797448
 H       -0.00030108    -1.19978335     0.94337281
 N       -1.18660380     0.29937453    -0.06835782
 H       -2.03550724    -0.25751034    -0.04936796
 H       -1.23200224     0.90666795     0.74544429
