          21
  Ethyl benzoate
 C       -3.88714851    -1.16223699    -0.00000073
 H       -4.94886981    -0.89784801    -0.00000080
 H       -3.68328939    -1.76898019     0.88693935
 H       -3.68328900    -1.76897909    -0.88694146
 C       -3.04266644     0.09841629     0.00000022
 H       -3.23125536     0.71911220    -0.88194982
 H       -3.23125574     0.71911111     0.88195095
 O       -1.66128125    -0.30331361     0.00000027
 C       -0.75857182     0.69687962     0.00000022
 O       -1.06604856     1.86643550     0.00000018
 C        0.64549798     0.19546169     0.00000014
 C        1.67540436     1.14226426    -0.00000026
 H        1.40911010     2.19304389    -0.00000044
 C        3.00276635     0.72967488    -0.00000044
 H        3.79923930     1.46676427    -0.00000078
 C        3.30897013    -0.63141879    -0.00000020
 H        4.34548286    -0.95413024    -0.00000035
 C        2.28535944    -1.57840359     0.00000023
 H        2.52410261    -2.63708610     0.00000043
 C        0.95545311    -1.16881247     0.00000039
 H        0.15390026    -1.89711211     0.00000069
