24
1,2,3,4-Tetramethyl-5-methylidenecyclopenta-1,3-diene
 C        0.74660720     0.90629097     0.00008641
 C       -0.74708580     0.90595789    -0.00007656
 C        1.19140878    -0.37326612     0.00039235
 C        1.54857345     2.17065359    -0.00054202
 C       -1.19130848    -0.37380579    -0.00010740
 C       -1.54948873     2.17006223     0.00020120
 C        0.00024123    -1.25273344     0.00000624
 C       -2.59692594    -0.88922507     0.00021701
 C        0.00069448    -2.59245936    -0.00058008
 C        2.59727155    -0.88805937     0.00048150
 H        1.32642127     2.78604725    -0.88195279
 H        2.62331500     1.97473487     0.00380998
 H        1.31979749     2.79115292     0.87553635
 H       -1.32516970     2.78717573     0.87986173
 H       -2.62422501     1.97398550    -0.00126677
 H       -1.32315454     2.78903338    -0.87760879
 H       -3.32661489    -0.07569443    -0.00275208
 H       -2.80105421    -1.50962076     0.88232112
 H       -2.79945879    -1.51464877    -0.87867232
 H       -0.92172610    -3.16406949    -0.00132630
 H        0.92359728    -3.16327525    -0.00045142
 H        2.79954781    -1.51403869     0.87902583
 H        3.32665318    -0.07424407     0.00450200
 H        2.80221733    -1.50771673    -0.88196309
