12
1,2,3,4-Tetrachlorobenzene
 C       -0.69327385    -2.05704104    -0.00009794
 C       -1.39228661    -0.85327936    -0.00002056
 C        0.69325064    -2.05707913    -0.00011061
 C       -0.70347486     0.36672433    -0.00002344
 C        1.39224764    -0.85331337    -0.00005705
 C        0.70344294     0.36668827    -0.00004310
Cl       -3.12789442    -0.90115965     0.00006577
 H       -1.24416930    -2.98927015    -0.00013349
 H        1.24415261    -2.98930557    -0.00011352
Cl        1.57243640     1.86016057    -0.00002531
Cl       -1.57238155     1.86023524     0.00000091
Cl        3.12787234    -0.90115788     0.00008678
