12
1,2,3,4-Tetrafluorobenzene
 F        1.35616288    -1.78451467    -0.00000000
 C        0.69576553    -0.63391054    -0.00000000
 C       -0.69576045    -0.63391259     0.00000000
 F       -1.35615400    -1.78451877     0.00000000
 C       -1.38458246     0.57856904     0.00000000
 F       -2.71585348     0.55031825     0.00000000
 C       -0.69717242     1.78194548    -0.00000000
 H       -1.26020130     2.70723255    -0.00000000
 C        0.69716187     1.78194807    -0.00000000
 H        1.26019084     2.70723350    -0.00000000
 C        1.38457864     0.57857662     0.00000000
 F        2.71585101     0.55032552     0.00000000
