21
1,2,4-Trimethylbenzene
 C        1.72047582    -1.89862182    -0.00102742
 C        0.71666161    -0.77092320    -0.00006481
 C        1.14275162     0.57262665     0.00275146
 C       -0.64955161    -1.05002414    -0.00526213
 C        2.61080780     0.92290919     0.00498915
 C        0.17575036     1.57737830    -0.00099895
 C       -1.62122144    -0.04356079    -0.00626906
 C       -1.18562216     1.28038905    -0.00639008
 C       -3.09103109    -0.38976860     0.00904093
 H        2.37885763    -1.85534157    -0.87725921
 H        1.22091738    -2.87081129    -0.00671735
 H        2.37219696    -1.86239348     0.88051718
 H       -0.96919937    -2.09001422    -0.01028033
 H        3.12723157     0.51965485    -0.87481961
 H        3.12594475     0.51455142     0.88315904
 H        2.75580342     2.00639105     0.00817353
 H        0.49473023     2.61639468    -0.00293649
 H       -1.91288686     2.08760619    -0.01183592
 H       -3.32193334    -1.19052880    -0.70149353
 H       -3.70693918     0.47686717    -0.24719695
 H       -3.40984677    -0.73854804     0.99915924
