          24
     Heptan-1-ol
 O       -4.26856624    -0.30866205    -0.00000006
 C        0.67179852    -0.44108066     0.00000004
 C       -0.57879407     0.44589068     0.00000003
 C        1.98296157     0.35265306     0.00000001
 C       -1.88555155    -0.35369850    -0.00000009
 C        3.23409974    -0.53331331     0.00000011
 C       -3.12488359     0.53186205     0.00000007
 C        4.53994245     0.26736841    -0.00000012
 H        0.64658469    -1.10240663     0.87729393
 H        0.64658469    -1.10240666    -0.87729384
 H       -0.55261617     1.10707836    -0.87769581
 H       -0.55261626     1.10707824     0.87769596
 H        2.00807844     1.01453283     0.87737775
 H        2.00807848     1.01453268    -0.87737783
 H       -1.92792174    -1.00902859    -0.87892544
 H       -1.92792172    -1.00902888     0.87892505
 H        3.20898824    -1.19397549    -0.87692094
 H        3.20898833    -1.19397516     0.87692142
 H       -3.11273029     1.18751160    -0.88699589
 H       -3.11273027     1.18751129     0.88699627
 H        5.41421970    -0.39148289     0.00000001
 H        4.60904440     0.91200865    -0.88358023
 H        4.60904446     0.91200908     0.88357968
 H       -5.05186816     0.24766835     0.00000005
