          23
  Heptanoic acid
 O        3.93938785     0.61822514    -0.00000029
 O        2.87975569    -1.32785834     0.00000005
 C       -1.04494492     0.57906685     0.00000017
 C       -2.29645826    -0.30606531     0.00000003
 C        0.25917191    -0.22531826     0.00000003
 C       -3.60703474     0.48909394    -0.00000010
 C        1.50505833     0.66183783     0.00000030
 C       -4.85172011    -0.40361882    -0.00000013
 C        2.80572465    -0.13209435    -0.00000000
 H       -1.06839703     1.24086099     0.87767523
 H       -1.06839703     1.24086126    -0.87767468
 H       -2.27285214    -0.96761414    -0.87717492
 H       -2.27285232    -0.96761416     0.87717498
 H        0.29506119    -0.88570859    -0.87362148
 H        0.29506113    -0.88570903     0.87362121
 H       -3.62942332     1.14967818    -0.87715166
 H       -3.62942345     1.14967830     0.87715137
 H        1.50869431     1.32528085     0.87686458
 H        1.50869423     1.32528148    -0.87686351
 H       -5.77080941     0.19093656    -0.00000028
 H       -4.87401244    -1.05138812     0.88355157
 H       -4.87401228    -1.05138831    -0.88355169
 H        3.71684256     1.55615966    -0.00000035
