          21
      Hexanol
 O       -3.61979465    -0.39360798    -0.00000012
 C        0.04036752     0.49304934     0.00000009
 C        1.32225905    -0.34767315     0.00000017
 C       -1.23662652    -0.35320235     0.00000020
 C        2.60405163     0.49303675     0.00000004
 C       -2.50694670     0.48732072    -0.00000010
 C        3.87998711    -0.35450544    -0.00000021
 H        0.04238973     1.15478627     0.87770326
 H        0.04238972     1.15478603    -0.87770326
 H        1.32228620    -1.00968954    -0.87726109
 H        1.32228625    -1.00968935     0.87726157
 H       -1.25528825    -1.00961192     0.87892864
 H       -1.25528812    -1.00961230    -0.87892796
 H        2.60304761     1.15416709    -0.87702231
 H        2.60304787     1.15416699     0.87702246
 H       -2.51837872     1.14296654    -0.88700852
 H       -2.51837897     1.14296682     0.88700811
 H        4.77756600     0.27220498    -0.00000026
 H        3.92535303    -1.00116205    -0.88356663
 H        3.92535326    -1.00116225     0.88356604
 H       -4.42249120     0.13435653    -0.00000030
