          21
  Hexane-2-thiol
 S        2.66600041    -0.59254408    -0.01742242
 C       -0.12869925    -0.40915949    -0.19285594
 C       -1.46826791     0.22957733     0.20401476
 C        1.10271826     0.32347603     0.35886433
 C       -2.67749035    -0.58893603    -0.26625335
 C        1.28170676     1.73586766    -0.20796643
 C       -4.01763088     0.04429445     0.11969471
 H       -0.11502170    -1.44510123     0.16902789
 H       -0.04826894    -0.46655238    -1.28576735
 H       -1.51082807     0.34269390     1.29671612
 H       -1.54201641     1.24261447    -0.21101675
 H        1.02894664     0.38649371     1.44967233
 H       -2.62906334    -0.71049405    -1.35643148
 H       -2.61473226    -1.60125883     0.15445443
 H        2.18315213     2.20996557     0.19052841
 H        1.36293020     1.71075900    -1.29992316
 H        0.42795062     2.36634955     0.05578748
 H       -4.86042915    -0.56127471    -0.22829665
 H       -4.12351808     1.04398454    -0.31643175
 H       -4.10832081     0.14766524     1.20687322
 H        2.31508116    -1.76513594     0.54297857
