          18
   Hexanenitrile
 N        3.70223408    -0.45131839     0.00000030
 C       -1.16754635     0.39843530     0.00000001
 C        0.19985172    -0.29186488    -0.00000022
 C       -2.33884816    -0.59095420    -0.00000026
 C        1.36184239     0.72256469    -0.00000021
 C       -3.70571602     0.10000474     0.00000035
 C        2.67418351     0.07718035     0.00000003
 H       -1.24537000     1.05482486     0.87809062
 H       -1.24537006     1.05482539    -0.87809021
 H        0.29344727    -0.94107918    -0.87807047
 H        0.29344742    -0.94107938     0.87806987
 H       -2.25793178    -1.24622125    -0.87714488
 H       -2.25793145    -1.24622213     0.87714367
 H        1.29701875     1.37452489     0.87943760
 H        1.29701894     1.37452470    -0.87943818
 H       -4.52045841    -0.63054133     0.00000006
 H       -3.82820958     0.73576010    -0.88394718
 H       -3.82820929     0.73575909     0.88394865
