          20
   Hexanoic acid
 C        2.87318244     0.51404797     0.00000815
 C        1.66703708    -0.43224038    -0.00000388
 C        0.32333147     0.30394014     0.00000598
 C       -0.87178524    -0.64944067    -0.00000634
 C       -2.20526384     0.06603388    -0.00000163
 O       -2.37171378     1.25876477    -0.00000576
 O       -3.23612411    -0.81247594     0.00000691
 H        0.25669482     0.96240932    -0.87382503
 H        0.25669567     0.96238708     0.87385395
 H       -0.85222151    -1.31553473     0.87210234
 H       -0.85221843    -1.31551335    -0.87213154
 H       -4.04434550    -0.27914754     0.00000654
 H        1.72436087    -1.09235700     0.87733498
 H        1.72435995    -1.09233425    -0.87735993
 C        4.21578198    -0.22299195    -0.00000354
 H        2.81504752     1.17232817    -0.87684232
 H        2.81504943     1.17230345     0.87687734
 H        5.05661610     0.47779319     0.00000656
 H        4.31607022    -0.86332832     0.88367098
 H        4.31606939    -0.86330190    -0.88369729
