          13
  Isopropylamine
 C        1.37516518    -0.51684844     0.11226525
 H        1.58278349    -1.52157735    -0.27382523
 H        2.18213593     0.14398191    -0.22368905
 H        1.41386574    -0.56409397     1.20772427
 C        0.00677488     0.00128912    -0.35931526
 H        0.00998779     0.02041420    -1.45801523
 C       -1.12719490    -0.92090687     0.09460056
 H       -0.98243182    -1.93940043    -0.27874545
 H       -1.16872768    -0.97225045     1.19018306
 H       -2.09086698    -0.54806532    -0.26196758
 N       -0.29673632     1.37327580     0.07433869
 H       -0.31085643     1.40722459     1.09166542
 H        0.45385495     1.99676384    -0.21103219
