          17
    Isoquinoline
 C       -0.00568967     0.68990761    -0.00000000
 C       -1.22723206     1.40701368     0.00000000
 H       -1.19933532     2.49296054     0.00000000
 C       -2.42517596     0.73428150     0.00000000
 H       -3.36115695     1.28333479     0.00000000
 C       -2.44721370    -0.68147952    -0.00000000
 H       -3.40189769    -1.19816922    -0.00000000
 C       -1.27722731    -1.40271275    -0.00000000
 H       -1.29578436    -2.48853777    -0.00000000
 C       -0.02561211    -0.73615183    -0.00000000
 C        1.22575732    -1.40005003     0.00000000
 H        1.26408255    -2.48516660     0.00000000
 C        2.38240746    -0.66049745     0.00000000
 H        3.35239846    -1.15121120     0.00000000
 N        2.41467298     0.69860608    -0.00000000
 C        1.26298692     1.32917186    -0.00000000
 H        1.29902098     2.41919190    -0.00000000
