          22
  Leucine
 N       -1.62502791     1.71353920     0.46383768
 C       -0.69249674     0.57578233     0.57137592
 C       -1.35701925    -0.66733114    -0.05302330
 O       -2.37383810    -0.37785918    -0.87274200
 C        0.61577325     0.92034876    -0.17131171
 C        1.69992882    -0.17201940    -0.22780789
 C        2.12119357    -0.65453579     1.16738876
 C        2.90733121     0.35189230    -1.01888711
 O       -0.97915479    -1.79087110     0.15602175
 H       -2.48506733     0.59627251    -0.79455069
 H       -1.12478923     2.59222342     0.38861243
 H       -2.22726593     1.77531015     1.27787393
 H       -0.46061999     0.31933169     1.61084339
 H        1.03841406     1.81080737     0.31786614
 H        0.35232470     1.22237774    -1.19392597
 H        1.28608462    -1.03306722    -0.76387391
 H        2.95993939    -1.35431985     1.09349564
 H        1.30237743    -1.17625319     1.66862938
 H        2.44529140     0.18307299     1.79852126
 H        3.67068601    -0.42542507    -1.12464003
 H        3.37290983     1.20633970    -0.51203068
 H        2.61955268     0.67745538    -2.02455460
