          18
 Methyl benzoate
 C       -3.38434512    -0.60378100    -0.00000005
 H       -3.80775830    -1.60859159    -0.00000074
 H       -3.70546057    -0.05273491     0.88793611
 H       -3.70546045    -0.05273370    -0.88793550
 O       -1.96525405    -0.77899971    -0.00000006
 C       -1.24459768     0.36118560     0.00000002
 O       -1.74942855     1.45949570     0.00000009
 C        0.22310842     0.10493681     0.00000002
 C        1.07730886     1.21295478    -0.00000004
 H        0.63684703     2.20342087    -0.00000006
 C        2.45537538     1.03151126    -0.00000006
 H        3.11523980     1.89301803    -0.00000011
 C        2.98796282    -0.25793983    -0.00000002
 H        4.06418932    -0.40010627    -0.00000003
 C        2.13996555    -1.36495032     0.00000004
 H        2.55489376    -2.36773347     0.00000007
 C        0.75985341    -1.18715451     0.00000006
 H        0.09384477    -2.04116415     0.00000010
