          23
 Methyl hexanoate
 O        2.73787568     0.75837485     0.00005009
 O        1.85036073    -1.30942331    -0.00008606
 C       -2.16009101     0.43766064    -0.00005631
 C       -0.82566693    -0.31527088     0.00006279
 C       -3.37837271    -0.49294843     0.00010857
 C        0.38171398     0.62289400    -0.00009004
 C       -4.71150321     0.26112538    -0.00001994
 C        1.70716947    -0.11269699    -0.00004047
 C        4.04084666     0.16686700     0.00007096
 H       -2.20911859     1.09838644    -0.87748355
 H       -2.20911007     1.09868477     0.87714664
 H       -0.76773512    -0.97495982    -0.87351567
 H       -0.76773780    -0.97467833     0.87385552
 H       -3.32875068    -1.15212763    -0.87661339
 H       -3.32874698    -1.15182168     0.87706033
 H        0.36868544     1.28860286    -0.87245976
 H        0.36873512     1.28885015     0.87208846
 H       -5.56138023    -0.42872485     0.00010487
 H       -4.80356120     0.90259636    -0.88379211
 H       -4.80355510     0.90290859     0.88352619
 H        4.74569534     0.99891500     0.00019106
 H        4.18408112    -0.45480826    -0.88786461
 H        4.18397548    -0.45497856     0.88790364
