          15
 (Methylsulfanyl)isopropane
 S       -0.76104577     0.63958992    -0.27658686
 C        0.77015626    -0.15229483     0.37207342
 C        1.91685720     0.84367223     0.17309891
 C        1.06857475    -1.49998583    -0.28864730
 C       -2.04176430    -0.50039145     0.33032080
 H        0.60957938    -0.30001941     1.44665051
 H        2.06919137     1.05688369    -0.89049020
 H        1.71888192     1.78902006     0.68531578
 H        2.84936633     0.42572251     0.56727599
 H        1.22735063    -1.37635803    -1.36443790
 H        1.97479784    -1.94067321     0.14472872
 H        0.25400550    -2.21552349    -0.14623860
 H       -3.00343183    -0.05333150     0.06934736
 H       -1.97424569    -1.48281956    -0.14249525
 H       -1.98843461    -0.60708232     1.41725642
