          15
 Methyl methacrylate
 C       -2.24472073    -0.78781354     0.00000043
 H       -3.23443918    -0.32532063    -0.00000023
 H       -2.15661256    -1.43913177    -0.87555700
 H       -2.15661314    -1.43913041     0.87555894
 C       -1.16332522     0.25836717     0.00000001
 C       -1.39576122     1.57344563    -0.00000036
 H       -2.40865691     1.96394988    -0.00000037
 H       -0.58543799     2.29150501    -0.00000064
 C        0.22828669    -0.28503179    -0.00000008
 O        0.48259274    -1.46742651    -0.00000047
 O        1.17832155     0.67160643     0.00000026
 C        2.52506584     0.19239368     0.00000019
 H        3.15664969     1.08130242     0.00000102
 H        2.71981193    -0.41531897     0.88783338
 H        2.71981233    -0.41531758    -0.88783386
