          18
 (Methylsulfanyl)butane
 S       -1.67913155    -0.59102400    -0.00000005
 C        1.07035794    -0.30118933     0.00000015
 C        2.32355452     0.58443296    -0.00000006
 C       -0.22363928     0.51561267     0.00000000
 C        3.62298103    -0.22674070    -0.00000002
 C       -3.01006991     0.64773962     0.00000003
 H        1.08535337    -0.95829289    -0.87869983
 H        1.08535337    -0.95829260     0.87870034
 H        2.30213888     1.24380259    -0.87768366
 H        2.30213901     1.24380286     0.87768334
 H       -0.27032259     1.15881027    -0.88613971
 H       -0.27032277     1.15881038     0.88613962
 H        3.68680416    -0.87120161    -0.88374559
 H        4.50072961     0.42711642    -0.00000012
 H        3.68680421    -0.87120144     0.88374568
 H       -3.95511967     0.10058648    -0.00000006
 H       -2.96542081     1.27548820     0.89405070
 H       -2.96542075     1.27548838    -0.89405050
