          21
 (Methylsulfanyl)pentane
 S       -2.30454173    -0.55003783    -0.00000006
 C        1.75778961     0.39796659    -0.00000019
 C        0.45733532    -0.41612013    -0.00000001
 C        3.01684479    -0.47717852     0.00000021
 C       -0.78863080     0.47250047    -0.00000019
 C        4.31394562     0.33741174     0.00000004
 C       -3.56296437     0.76236464     0.00000024
 H        1.77532367     1.05874263    -0.87799388
 H        1.77532354     1.05874322     0.87799307
 H        0.43431922    -1.07280727    -0.87873401
 H        0.43431921    -1.07280691     0.87873425
 H        2.99769492    -1.13747776     0.87706896
 H        2.99769508    -1.13747836    -0.87706808
 H       -0.79904672     1.11725537    -0.88614466
 H       -0.79904678     1.11725562     0.88614410
 H        4.37645575     0.98239871     0.88373041
 H        5.19433106    -0.31301259     0.00000038
 H        4.37645593     0.98239805    -0.88373079
 H       -4.53763419     0.26991127     0.00000033
 H       -3.48261810     1.38658233     0.89402752
 H       -3.48261837     1.38658253    -0.89402692
