          19
 Methyl salicylate
 C       -3.48780908    -0.67967685     0.00000003
 H       -3.94826135    -1.66843910     0.00000058
 H       -3.79088417    -0.11703364    -0.88730175
 H       -3.79088394    -0.11703273     0.88730130
 O       -2.07844118    -0.90710705    -0.00000004
 C       -1.31702002     0.21667683    -0.00000001
 O       -1.80135838     1.32136273     0.00000005
 C        0.13511166    -0.11349023    -0.00000002
 C        0.56027786    -1.45118998    -0.00000002
 H       -0.19776997    -2.22347435    -0.00000004
 C        1.90423739    -1.79471503     0.00000001
 H        2.20167027    -2.83725668     0.00000001
 C        2.86423987    -0.78315114     0.00000003
 H        3.92144910    -1.02939840     0.00000005
 C        2.47351717     0.54817642     0.00000002
 H        3.22098720     1.33817864     0.00000003
 C        1.11792579     0.90144062    -0.00000001
 O        0.74435203     2.19955965    -0.00000003
 H        1.53576558     2.74845175    -0.00000007
