          18
 2-Methoxybutane
 O        0.68982671    -0.63768094    -0.42021748
 C        0.05994292     0.43211626     0.27455335
 C       -1.39846111     0.46019892    -0.18910925
 C        0.76789177     1.76687688     0.02067657
 C       -2.16643325    -0.82061503     0.14681625
 C        1.88647260    -1.09960654     0.15394814
 H        0.08399712     0.21385078     1.35775141
 H       -1.40591461     0.62791626    -1.27353176
 H       -1.88987099     1.32768105     0.26781393
 H        0.75291943     2.00592831    -1.04765879
 H        1.81057246     1.74271301     0.35068928
 H        0.26827628     2.57551187     0.56391604
 H       -1.67283942    -1.68892693    -0.29633368
 H       -3.19256252    -0.77684127    -0.23116191
 H       -2.21740258    -0.97841211     1.23038526
 H        2.20388941    -1.97404648    -0.42092655
 H        1.74487336    -1.40097211     1.20449115
 H        2.69381316    -0.35274748     0.11900034
