          10
 Methoxyethene
 C       -1.35641102    -0.57290079    -0.00000006
 O       -0.62961920     0.64067748     0.00000010
 C        0.71774587     0.54155916    -0.00000007
 C        1.46986139    -0.55975644     0.00000003
 H       -2.41355710    -0.30213493    -0.00000018
 H       -1.13002076    -1.17074989     0.89252526
 H       -1.13002050    -1.17074974    -0.89252541
 H        1.06530526    -1.56321862     0.00000032
 H        2.54734396    -0.45858922    -0.00000015
 H        1.15654822     1.53554784    -0.00000031
