11
1,3-Cyclopentadiene
 C        0.00002440     1.23420622    -0.00000000
 C       -1.17988667     0.29884848     0.00000000
 C       -0.73452323    -0.97149067    -0.00000000
 C        0.73448969    -0.97151108    -0.00000000
 C        1.17989711     0.29881129     0.00000000
 H       -2.21019170     0.62955546     0.00000001
 H       -1.34478636    -1.86673349    -0.00000000
 H        1.34472544    -1.86677281    -0.00000000
 H        2.21021907     0.62946714     0.00000000
 H        0.00000907     1.89887580     0.87640971
 H        0.00000906     1.89887579    -0.87640972
