12
1,3-Difluorobenzene
 F       -2.34147474    -0.92906459     0.00000000
 C       -1.18755077    -0.25644021    -0.00000000
 C        1.21299957     1.13266340     0.00000000
 C       -0.00000000    -0.97676591    -0.00000000
 C       -1.21299956     1.13266340    -0.00000000
 C        0.00000000     1.81808717    -0.00000000
 C        1.18755077    -0.25644021    -0.00000000
 H       -0.00000001    -2.05931364    -0.00000000
 H       -2.16457594     1.65014842    -0.00000000
 H        0.00000000     2.90284066     0.00000000
 F        2.34147474    -0.92906459     0.00000000
 H        2.16457595     1.65014841     0.00000000
