          15
      Morpholine
 C        0.73510149     1.20361683     0.22244968
 N        1.39562656     0.00000001    -0.28076593
 C        0.73510151    -1.20361682     0.22244969
 C       -0.72694638    -1.17125978    -0.22061253
 O       -1.37616519    -0.00000002     0.24364813
 C       -0.72694641     1.17125977    -0.22061252
 H        0.76482579    -1.28156206     1.32548269
 H        1.22886874    -2.08941474    -0.19295695
 H       -0.77314878    -1.22044942    -1.32107146
 H       -1.28037930    -2.01925934     0.19372072
 H       -1.28037934     2.01925931     0.19372075
 H       -0.77314882     1.22044942    -1.32107145
 H        1.22886869     2.08941476    -0.19295700
 H        0.76482581     1.28156210     1.32548267
 H        2.37486840     0.00000002    -0.01991193
