          19
 2‐[(2‐aminoethyl)amino]ethan‐1‐ol
 O       -3.57416636     0.32368766    -0.00025312
 N        0.01874356    -0.40209357    -0.01811740
 N        3.69159209     0.30861145     0.05811421
 C        1.23960536     0.39226772     0.01529502
 C       -1.20015550     0.39480437    -0.01723393
 C        2.47548918    -0.50613479     0.01546865
 C       -2.42691806    -0.50768666     0.03703553
 H       -4.35226377    -0.23162932     0.09180165
 H        0.03049643    -0.99237441    -0.84537217
 H        4.50770412    -0.28817574     0.14377141
 H        3.80107004     0.81304623    -0.81689901
 H        1.31085937     1.10860287    -0.82839167
 H        1.24161832     0.99529154     0.93056132
 H       -1.19717242     1.03568775     0.87249645
 H       -1.29341650     1.06744401    -0.88973863
 H        2.42241910    -1.18788895    -0.85453536
 H        2.44911362    -1.13860361     0.90931097
 H       -2.38650262    -1.11558591     0.95301558
 H       -2.41008744    -1.20422682    -0.81979931
