          20
 Naphthalen-2-amine
 N       -3.43777012     0.66176735    -0.05557300
 C        0.28770240     0.62285953     0.00051796
 C        0.53830422    -0.78652054     0.00012031
 C       -1.04798022     1.09032951     0.00666859
 C       -0.57677112    -1.66396372     0.00199674
 C       -2.11744450     0.21441994     0.00431528
 C        1.40085076     1.50500605     0.00092784
 C        1.87592052    -1.25278176    -0.00086346
 C       -1.86028789    -1.18575968     0.00206730
 C        2.68711045     1.02077722    -0.00030707
 C        2.93157405    -0.37215018    -0.00129248
 H       -1.22751249     2.16281907     0.00987551
 H       -0.39834489    -2.73575743     0.00318266
 H        1.21731152     2.57592170     0.00127920
 H        2.05263798    -2.32508317    -0.00151501
 H       -2.70151381    -1.87367535    -0.00521528
 H        3.52525404     1.71100738    -0.00077633
 H        3.95242277    -0.74020292    -0.00254652
 H       -3.57977157     1.61276997     0.25159998
 H       -4.11888205     0.03551533     0.34776965
