          19
 2,2‐dimethylpropane‐1,3‐diol
 C       -0.80577052    -1.40804464    -0.96601670
 C        0.00000002    -0.52442547    -0.00000009
 C        0.80577018    -1.40804459     0.96601696
 C        0.94389535     0.37364799    -0.82887597
 O        1.79594577     1.19149168    -0.04179063
 C       -0.94389479     0.37364859     0.82887578
 O       -1.79594587     1.19149164     0.04179041
 H       -0.15008402    -2.08730545    -1.52134471
 H       -1.53339434    -2.02401449    -0.42419163
 H       -1.34879397    -0.80601703    -1.70275127
 H        1.53339434    -2.02401445     0.42419235
 H        1.34879325    -0.80601705     1.70275189
 H        0.15008335    -2.08730537     1.52134460
 H        1.52734610    -0.24910448    -1.52595766
 H        0.33658723     1.06429297    -1.42153576
 H        2.46889127     0.63083446     0.35330874
 H       -1.52734492    -0.24910330     1.52595849
 H       -0.33658621     1.06429414     1.42153445
 H       -2.46889336     0.63083458    -0.35330578
