          20
  N-ethylaniline
 N       -1.34704476     0.49345119    -0.14797961
 C        0.01140793     0.22206239    -0.05724361
 C       -2.35762680    -0.51908814     0.09615483
 C        0.92876391     1.28830857     0.00013694
 C        0.51639808    -1.08896565    -0.05454928
 C       -3.75386142     0.09500084     0.03720184
 C        2.29437906     1.05007246     0.05143222
 C        1.89078929    -1.31353650    -0.00737291
 C        2.79177767    -0.25451600     0.04646346
 H       -2.20831549    -1.01907225     1.06852485
 H       -2.27288143    -1.29920374    -0.67119431
 H       -1.60506133     1.41752645     0.16408697
 H        0.55348620     2.30867242    -0.00038090
 H       -0.16102494    -1.93380137    -0.09003383
 H       -4.51735612    -0.67131489     0.19554851
 H       -3.93162333     0.56454758    -0.93512172
 H       -3.88239003     0.85782453     0.81402394
 H        2.97793133     1.89276742     0.09634480
 H        2.25581117    -2.33646871    -0.00790427
 H        3.85978815    -0.43822233     0.08595657
