          21
 N-ethylmorpholine
 O       -2.11490840    -0.00000165    -0.45401201
 N        0.54184874     0.00000160     0.52565670
 C       -0.03839690    -1.20135472    -0.05981841
 C       -0.03839899     1.20135591    -0.05982047
 C       -1.55610738    -1.16722071     0.12057624
 C       -1.55610944     1.16721942     0.12057413
 C        1.99726477     0.00000285     0.61574646
 C        2.78689980    -0.00000237    -0.70673396
 H        0.18373833    -1.30294379    -1.13909844
 H        0.37272824    -2.08200404     0.44870051
 H        0.37272442     2.08200671     0.44869729
 H        0.18373637     1.30294393    -1.13910058
 H       -1.79486276    -1.21241833     1.19608639
 H       -2.02591323    -2.01863231    -0.38117782
 H       -2.02591682     2.01862931    -0.38118140
 H       -1.79486489     1.21241854     1.19608422
 H        2.28793990     0.87927486     1.20512351
 H        2.28794118    -0.87926402     1.20513062
 H        2.56714068     0.88509047    -1.31169182
 H        3.86171746     0.00000063    -0.49749023
 H        2.56714382    -0.88510250    -1.31168225
