          10
     Nitroethane
 C       -1.97760088     0.06409379    -0.00000801
 H       -2.85058910    -0.59569387     0.00000049
 H       -2.02325246     0.70273426     0.88413389
 H       -2.02324733     0.70270384    -0.88417232
 C       -0.72273625    -0.78638836     0.00001037
 H       -0.63702074    -1.42664849    -0.88119434
 H       -0.63702728    -1.42661724     0.88123872
 N        0.55427409     0.03169743     0.00000105
 O        0.46081027     1.24728068     0.00000371
 O        1.59469511    -0.60437642    -0.00000681
