          12
 N-methylacetamide
 C        1.77996094    -0.67769860    -0.00000701
 C        0.47343663     0.10429027     0.00000788
 N       -0.65921287    -0.66125909     0.00001311
 C       -1.98804319    -0.08319740    -0.00000976
 O        0.45193665     1.32135426     0.00000117
 H        2.36034601    -0.39003410    -0.88069536
 H        1.64770634    -1.76316118     0.00020035
 H       -1.86582549     1.00072782     0.00003369
 H       -2.55436554    -0.38013365    -0.89029344
 H       -2.55441970    -0.38020240     0.89021571
 H       -0.56674733    -1.66245472     0.00000779
 H        2.36055371    -0.38971264     0.88043642
