          17
 N-methylaniline
 N       -1.83378518     0.57856905    -0.12742092
 C       -0.48536842     0.25968319    -0.04762426
 C        0.46993779     1.29214763     0.00386201
 C       -0.02929154    -1.06880951    -0.05043858
 C        1.82625694     1.00394472     0.04467962
 C        1.33627231    -1.34354165    -0.01377414
 C        2.27552491    -0.31800352     0.03462325
 C       -2.86743256    -0.40456119     0.11519868
 H        0.13203101     2.32548574     0.00739727
 H       -0.73784248    -1.88799301    -0.08248646
 H       -2.05724356     1.51194346     0.17786396
 H        2.54053047     1.82095317     0.08541731
 H        1.66384400    -2.37904218    -0.01838725
 H        3.33637747    -0.54055058     0.06601841
 H       -3.83968637     0.09305382     0.08889827
 H       -2.86879030    -1.16977824    -0.66964093
 H       -2.76540319    -0.91718057     1.08508901
