          23
 N-methylcyclohexylamine
 N        1.94542452    -0.53121020    -0.24956739
 C        0.59292691    -0.20436894     0.20268212
 C        0.03515752     1.14300414    -0.30569567
 C       -0.35833457    -1.34795327    -0.18031870
 C       -1.39573892     1.39736764     0.19429139
 C       -1.79180973    -1.10059713     0.31158929
 C       -2.33604187     0.24563176    -0.18726961
 C        3.00490758     0.33830940     0.24238550
 H        0.63997062    -0.15707762     1.30199204
 H        0.69001933     1.96665467    -0.00059604
 H        0.04068750     1.12706884    -1.40620341
 H        0.03758864    -2.28845863     0.21611839
 H       -0.36342044    -1.44760256    -1.27660446
 H       -1.38141190     1.50461464     1.28820751
 H       -1.77235627     2.34687876    -0.20365926
 H       -1.80244674    -1.10861241     1.41061821
 H       -2.44579282    -1.91955929    -0.00949479
 H       -3.33990732     0.42365533     0.21552201
 H       -2.43985695     0.21142901    -1.28099980
 H        1.96425488    -0.55786488    -1.26458951
 H        3.96880362    -0.01860301    -0.13463244
 H        3.03877877     0.28199679     1.33683495
 H        2.91234920     1.40348733    -0.03103994
