          17
 N-methylpyrrolidine
 C       -0.01588913     1.15684257     0.17641791
 C       -1.49093923     0.77841806    -0.05397864
 C       -1.49093920    -0.77841807    -0.05397875
 C       -0.01588914    -1.15684255     0.17641799
 N        0.72042891    -0.00000001    -0.31932066
 C        2.12996747    -0.00000000     0.00453631
 H        0.28896985     2.06633452    -0.35274757
 H        0.17231589     1.32488718     1.25683048
 H       -2.13885470     1.19849800     0.71944047
 H       -1.84069794     1.16185590    -1.01585188
 H       -2.13885481    -1.19849815     0.71944018
 H       -1.84069771    -1.16185578    -1.01585211
 H        0.17231578    -1.32488703     1.25683060
 H        0.28896990    -2.06633455    -0.35274737
 H        2.61271793     0.88560108    -0.42226346
 H        2.61271792    -0.88560112    -0.42226338
 H        2.32314283     0.00000005     1.09618911
