          26
 N,N-diethylaniline
 C        3.12408949     0.00000085    -0.00000084
 C        2.40857343    -1.14710414     0.33357322
 C        1.01854651    -1.15733315     0.33239255
 C        0.27922702     0.00000014     0.00000105
 C        1.01854550     1.15733387    -0.33239118
 C        2.40857243     1.14710555    -0.33357376
 N       -1.10758195    -0.00000011     0.00000190
 C       -1.87239359     1.13825588    -0.48472607
 C       -1.87239273    -1.13825817     0.48472623
 H        0.50901839    -2.08028990     0.57732292
 H        0.50901657     2.08029041    -0.57732065
 C       -2.16185872    -2.20175938    -0.58484265
 H       -2.82012362    -0.75783332     0.88321875
 H       -1.35302774    -1.58952286     1.33665285
 H       -2.82012354     0.75782901    -0.88321892
 H       -1.35302807     1.58951937    -1.33665302
 C       -2.16186226     2.20175903     0.58484012
 H        2.93611610    -2.06040717     0.59340622
 H        2.93611429     2.06040885    -0.59340742
 H        4.20832237     0.00000109    -0.00000165
 H       -2.75028172    -3.02310865    -0.16163505
 H       -2.72905493    -1.77272594    -1.41724260
 H       -1.23451390    -2.61558593    -0.99038151
 H       -2.75028572     3.02310665     0.16162996
 H       -2.72905898     1.77272665     1.41724026
 H       -1.23451846     2.61558759     0.99037926
