          15
 N,N-dimethylacetamide
 C        1.62744493     1.06585764    -0.00000007
 H        2.65263409     0.69749252    -0.00000062
 H        1.47489974     1.69197702    -0.88484296
 H        1.47490056     1.69197653     0.88484332
 C        0.71444555    -0.15596991     0.00000005
 O        1.18446549    -1.28151656    -0.00000002
 N       -0.64255765     0.06589735     0.00000027
 C       -1.54380184    -1.07343957    -0.00000011
 H       -0.94481276    -1.98237113     0.00000011
 H       -2.18848529    -1.05723294     0.88853728
 H       -2.18848460    -1.05723297    -0.88853800
 C       -1.28198341     1.36459884    -0.00000006
 H       -0.54846896     2.16813787     0.00000184
 H       -1.92045517     1.48477986    -0.88630239
 H       -1.92045816     1.48477851     0.88630026
