          20
 N,N-dimethylaniline
 C       -2.60169110     0.00000000     0.02864460
 C       -1.88871934    -1.19629505     0.01359139
 C       -0.49895527    -1.20601945    -0.02002583
 C        0.23385897     0.00000000    -0.04814046
 C       -0.49895527     1.20601946    -0.02002576
 C       -1.88871934     1.19629506     0.01359146
 N        1.61978281    -0.00000001    -0.10876770
 C        2.34127418     1.24546088     0.05391808
 C        2.34127417    -1.24546089     0.05391822
 H        3.41209861    -1.05374369    -0.03180388
 H        2.07227850    -1.96618088    -0.72786335
 H        2.15641001    -1.72429988     1.02867785
 H        3.41209860     1.05374372    -0.03180434
 H        2.15641028     1.72429984     1.02867778
 H        2.07227827     1.96618089    -0.72786339
 H        0.01628189     2.15778502    -0.02337139
 H       -2.41797943     2.14459685     0.03222584
 H       -3.68570047     0.00000000     0.05689527
 H       -2.41797944    -2.14459685     0.03222571
 H        0.01628189    -2.15778501    -0.02337159
