          31
 N,N-dipropylpropan-1-amine
 N        0.00040374     0.00000123     0.05040765
 C       -0.94717674    -1.03737193     0.46019821
 C       -0.42447511     1.33947486     0.45949497
 C        1.37271322    -0.30122070     0.46030584
 C       -0.94869474    -2.25702027    -0.46819695
 C       -1.47896782     1.95051599    -0.47005829
 C        2.42933390     0.30460882    -0.47027429
 C       -1.95716933    -3.32327188    -0.02924881
 C       -1.90298789     3.35465572    -0.02818917
 C        3.85724382    -0.03049820    -0.02825401
 H       -0.76446473    -1.36183403     1.50401736
 H       -1.95299461    -0.60371198     0.45305272
 H       -0.79782494     1.34346727     1.50296224
 H        0.45413517     1.99354085     0.45321249
 H        1.56289012     0.02240312     1.50304708
 H        1.49998670    -1.38914626     0.45633271
 H       -1.17240833    -1.91459626    -1.48507324
 H        0.05382943    -2.70005274    -0.50815262
 H       -1.06791809     1.97699171    -1.48577649
 H       -2.36210166     1.30158199    -0.51420656
 H        2.24633630    -0.06576579    -1.48549108
 H        2.30950452     1.39389565    -0.51596943
 H       -1.94732334    -4.18254624    -0.70678228
 H       -1.73421563    -3.69216303     0.97834985
 H       -2.97777603    -2.92389549    -0.01470230
 H       -2.64985630     3.77659585    -0.70763867
 H       -2.33848147     3.34146168     0.97738558
 H       -1.04832392     4.04055757    -0.00730874
 H        4.59623222     0.40541631    -0.70749042
 H        4.06353659     0.35293538     0.97746227
 H        4.02377974    -1.11363333    -0.00758730
