          28
     Nonan-5-one
 O       -0.00001632     2.26958289     0.00001808
 C        1.07181892     0.26589690    -0.73746421
 C       -1.07180197     0.26585488     0.73745604
 C        2.27035456    -0.01906149     0.19123786
 C       -2.27035744    -0.01905432    -0.19123539
 C       -0.00000066     1.05925401     0.00000478
 C        3.39021990    -0.80332365    -0.50251712
 C       -3.39020655    -0.80335552     0.50250153
 C        4.58426497    -1.07468496     0.41773639
 C       -4.58427336    -1.07466525    -0.41773896
 H        1.40557016     0.85978754    -1.59394559
 H        0.66163585    -0.68169766    -1.10762923
 H       -1.40553648     0.85970031     1.59397545
 H       -0.66161054    -0.68175820     1.10756359
 H        1.93110719    -0.57631822     1.07510020
 H        2.66162393     0.93717641     0.55998269
 H       -2.66163491     0.93720364    -0.55991930
 H       -1.93112859    -0.57626257    -1.07513553
 H        2.98889659    -1.75473387    -0.87606877
 H        3.72506761    -0.24571840    -1.38674580
 H       -2.98887456    -1.75478664     0.87599066
 H       -3.72503360    -0.24579979     1.38676933
 H        5.36879217    -1.63325376    -0.10233339
 H        4.28418843    -1.65960542     1.29444579
 H        5.02496001    -0.13931961     0.77990628
 H       -5.36878805    -1.63326356     0.10231800
 H       -4.28421760    -1.65953621    -1.29448848
 H       -5.02497717    -0.13927956    -0.77984561
