          29
   Nonanoic acid
 C        4.94618603     0.44424507    -0.00000082
 C        3.64171575    -0.36116861     0.00000036
 C        2.38259205     0.51306756    -0.00000013
 C        1.07901869    -0.29361234     0.00000081
 C       -0.18001375     0.58106839     0.00000040
 C       -1.47861216    -0.23250663     0.00000074
 C       -2.72737693     0.64947519     0.00000038
 C       -4.01693579    -0.14242532    -0.00000023
 O       -4.11381364    -1.34281677    -0.00000054
 O       -5.09724692     0.67459457    -0.00000048
 H       -1.50669988    -0.89372663    -0.87381552
 H       -1.50669987    -0.89372598     0.87381750
 H       -2.74672831     1.31561931     0.87209794
 H       -2.74672763     1.31561944    -0.87209711
 H       -5.87299813     0.09505749    -0.00000094
 H       -0.16233978     1.24321423     0.87736820
 H       -0.16233977     1.24321338    -0.87736804
 H        1.06028827    -0.95523617    -0.87720264
 H        1.06028866    -0.95523484     0.87720527
 H        2.40014615     1.17495126     0.87741158
 H        2.40014579     1.17494975    -0.87741297
 H        3.62480385    -1.02331513    -0.87726323
 H        3.62480436    -1.02331342     0.87726525
 C        6.19882028    -0.43737881    -0.00000031
 H        4.96304068     1.10519676     0.87696954
 H        4.96304015     1.10519504    -0.87697248
 H        7.11303066     0.16483229    -0.00000120
 H        6.22677651    -1.08507980    -0.88355445
 H        6.22677705    -1.08507801     0.88355512
