          19
   N-pentylamine
 N        3.10817710    -0.24472910    -0.05427231
 C       -0.68278511     0.37801337     0.00937011
 C        0.64760597    -0.38115103    -0.01793835
 C       -1.90922113    -0.54169665    -0.01451371
 C        1.86947780     0.53797244     0.01599592
 C       -3.23614290     0.22303002     0.00876854
 H        3.91157046     0.37627948    -0.05871453
 H        3.19928028    -0.81289629     0.78352622
 H       -0.72526945     1.01349475     0.90538193
 H       -0.72886367     1.06343074    -0.84883319
 H        0.69212046    -1.06754268     0.84057670
 H        0.70840874    -1.00932255    -0.91503389
 H       -1.86701770    -1.17656128    -0.90942227
 H       -1.86476321    -1.22550566     0.84371921
 H        1.80400697     1.19063133     0.90560219
 H        1.84608354     1.20281570    -0.85715090
 H       -3.32398531     0.88937281    -0.85683570
 H       -4.09228102    -0.45900542    -0.00846550
 H       -3.32107235     0.84127874     0.90969091
