          20
 n-propyl propionate
 C       -3.69930182     0.64233101     0.00165015
 C       -2.56045336    -0.38133855    -0.00272966
 C       -1.19166974     0.28616939    -0.00019639
 O       -0.20668971    -0.75072530    -0.00030163
 C        1.12340256    -0.48853716     0.00070531
 C        1.56295911     0.96943625     0.00128874
 O        1.89246884    -1.41164336     0.00108658
 C        3.08444631     1.10986488    -0.00166379
 H       -3.65887133     1.29117831    -0.88036605
 H       -3.65757608     1.28426847     0.88861881
 H       -4.67184093     0.14250130     0.00033149
 H       -2.63012713    -1.03538000     0.87340458
 H       -2.63060929    -1.02881743    -0.88367958
 H       -1.07543935     0.92322953    -0.88692471
 H       -1.07786557     0.92066242     0.88872649
 H        1.12733822     1.46877240     0.87599518
 H        1.12336437     1.47099761    -0.87006213
 H        3.52045108     0.62905112     0.87707079
 H        3.37056356     2.16561548    -0.00148170
 H        3.51693316     0.63031049    -0.88283135
