          20
  2-Ethylaniline
 C       -2.97497853    -0.73008980    -0.04430541
 C       -1.93704143     0.39255477     0.02891613
 C       -0.48261321    -0.03510591     0.02451132
 C       -0.08565026    -1.37198378     0.02667726
 C        1.25840853    -1.74351286     0.00627543
 C        2.23640634    -0.75453341    -0.01636314
 C        1.86898904     0.58642414    -0.01213721
 C        0.52023892     0.96085882     0.00678305
 N        0.16850168     2.31465260    -0.05609049
 H       -3.98548397    -0.31077953    -0.05330524
 H       -2.90345878    -1.40461316     0.81476192
 H       -2.85374466    -1.32861849    -0.95269135
 H       -2.09891985     1.08594411    -0.80875046
 H       -2.13622666     0.98770477     0.93534940
 H       -0.84364390    -2.14752118     0.04138811
 H        1.53308496    -2.79287859     0.00605672
 H        3.28854690    -1.02170326    -0.03192211
 H        2.63166738     1.36109835    -0.02639887
 H       -0.69323130     2.55839979     0.40922546
 H        0.91273021     2.94590619     0.20323181
