          12
 1,1,1,2,2‐pentafluoro‐2‐methoxyethane
 F        0.71120970     1.02454574     1.08448353
 F        0.71121048     1.02454352    -1.08448478
 F       -1.27606067    -0.89124644    -1.08361227
 F       -1.27605904    -0.89125286     1.08360836
 F       -1.76404975     0.91898682     0.00000379
 O        1.24838824    -0.86425192     0.00000162
 C        0.48949181     0.24383665     0.00000008
 C       -0.99966170    -0.17116011    -0.00000002
 C        2.66677118    -0.64409892    -0.00000000
 H        3.11713244    -1.63602674     0.00000934
 H        2.97073604    -0.09651497    -0.89610347
 H        2.97073565    -0.09649846     0.89609350
