          17
  Pentanoic acid
 C        2.23709656    -0.57234595     0.00000010
 C        0.92734521     0.22314299    -0.00000010
 C       -0.30934018    -0.67534621    -0.00000003
 C       -1.60922383     0.09940840     0.00000001
 O       -2.67855280    -0.73182073    -0.00000001
 O       -1.72175384     1.29841429     0.00000005
 H        0.89128842     0.88417046    -0.87381036
 H        0.89128831     0.88417075     0.87380994
 H       -0.31978710    -1.34166471     0.87213453
 H       -0.31978717    -1.34166475    -0.87213457
 H       -3.46198307    -0.16269803    -0.00000000
 C        3.47738239     0.32623490    -0.00000002
 H        2.26276273    -1.23318683     0.87703139
 H        2.26276279    -1.23318719    -0.87703092
 H        4.39858668    -0.26477674     0.00000014
 H        3.49589584     0.97383363    -0.88355370
 H        3.49589575     0.97383398     0.88355341
