          20
  Pentyl formate
 C        4.25974688    -0.49307489    -0.00000045
 C        3.03743942     0.42958811     0.00000087
 C        1.70868870    -0.33540992    -0.00000024
 C        0.48440143     0.58740137     0.00000023
 C       -0.81962238    -0.19304978    -0.00000024
 O       -1.90561051     0.75888243    -0.00000051
 C       -3.13745703     0.24063896    -0.00000011
 O       -3.41360506    -0.92758403     0.00000049
 H       -3.86912457     1.06498866    -0.00000041
 H       -0.91268789    -0.83440772     0.88305000
 H       -0.91268733    -0.83440756    -0.88305066
 H        0.50762456     1.24251785     0.87946339
 H        0.50762463     1.24251878    -0.87946223
 H        1.67095681    -0.99565234    -0.87763417
 H        1.67095631    -0.99565399     0.87763242
 H        3.07405857     1.08895792     0.87715098
 H        3.07405860     1.08896043    -0.87714736
 H        5.19210209     0.08014424     0.00000065
 H        4.26699238    -1.14083779    -0.88377392
 H        4.26699210    -1.14084073     0.88377087
