          22
       Phenazine
 N       -0.00000000     1.42169995     0.00000000
 N        0.00000000    -1.42169994     0.00000000
 C        1.14147562     0.72234060     0.00000000
 C        1.14147562    -0.72234059     0.00000000
 C       -1.14147562     0.72234059    -0.00000000
 C       -1.14147561    -0.72234059     0.00000000
 C        2.39019969     1.41318539     0.00000001
 C        2.39019969    -1.41318539    -0.00000001
 C       -2.39019969     1.41318539    -0.00000001
 C       -2.39019969    -1.41318539     0.00000001
 C        3.56409213     0.71330297     0.00000000
 C        3.56409213    -0.71330298    -0.00000001
 C       -3.56409213     0.71330297    -0.00000001
 C       -3.56409213    -0.71330298     0.00000000
 H        2.36310535     2.49737308     0.00000001
 H        2.36310534    -2.49737308    -0.00000001
 H       -2.36310535     2.49737308    -0.00000001
 H       -2.36310534    -2.49737309     0.00000001
 H        4.51245475     1.24113002     0.00000000
 H        4.51245475    -1.24113003    -0.00000002
 H       -4.51245476     1.24113002    -0.00000001
 H       -4.51245475    -1.24113003     0.00000000
