          23
   Phenylalanine
 N        2.42650620     1.76729640    -0.29469472
 C        1.46888261     0.64981962    -0.20867118
 C        2.27794236    -0.65840857    -0.04831988
 O        3.53204382    -0.56525394    -0.50132910
 C        0.35321649     0.78797107     0.86643988
 C       -1.01991592     0.33515019     0.41040173
 C       -1.30962693    -1.02084864     0.21242297
 C       -2.02524421     1.27682146     0.16883723
 C       -2.57340923    -1.41665838    -0.21809241
 C       -3.29041904     0.88109673    -0.26178473
 C       -3.56816240    -0.46930500    -0.45719836
 O        1.82806904    -1.67387176     0.41457273
 H        3.64607757     0.38075617    -0.73877343
 H        2.68380344     2.09029647     0.63406000
 H        2.02040434     2.55788900    -0.78241207
 H        0.99570006     0.57270408    -1.19518726
 H        0.29691484     1.84514972     1.14694713
 H        0.65566362     0.22899646     1.75807797
 H       -0.53246715    -1.75507560     0.39385820
 H       -1.81857164     2.33253761     0.32590923
 H       -2.78251683    -2.47191101    -0.36493859
 H       -4.05765822     1.62815162    -0.44057467
 H       -4.55259748    -0.78201059    -0.79067778
