          17
 Phenylmethanamine
 N        2.77868744    -0.44634026     0.32777328
 C        0.45871815     0.26004100    -0.13807044
 C        1.93337295     0.57338460    -0.30113414
 C       -0.00253705    -1.06007384    -0.17059875
 C       -0.46987636     1.29176821     0.02111892
 C       -1.36203844    -1.33770282    -0.05283139
 C       -1.83130670     1.01687178     0.13418238
 C       -2.28196589    -0.30078409     0.09767659
 H        2.18401426     0.58256800    -1.37129399
 H        2.11675316     1.59836286     0.06335384
 H        0.72012346    -1.86136963    -0.27879968
 H       -0.12262580     2.32119428     0.05858442
 H       -1.70503981    -2.36771203    -0.07834629
 H       -2.53803755     1.83169241     0.25833886
 H       -3.34127329    -0.51871674     0.19066488
 H        3.75663919    -0.24615369     0.14515265
 H        2.65769951    -0.41900017     1.33586201
