          16
 Phenylmethanethiol
 C        1.41103439    -0.33640040     0.85597208
 S        2.65280366     0.13701456    -0.42885361
 H        2.16500534    -0.64451692    -1.40994641
 C       -0.02114781    -0.15003175     0.43091095
 H        1.66315389     0.31126523     1.70029137
 H        1.59970654    -1.36773720     1.16032913
 C       -0.81202588    -1.25892345     0.11880385
 C       -2.13967253    -1.09884983    -0.27563964
 C       -2.69307282     0.17577227    -0.35982645
 C       -1.91178734     1.28921272    -0.04809562
 C       -0.58699915     1.12696510     0.34239510
 H       -0.38620669    -2.25624848     0.18953063
 H       -2.74037467    -1.97125962    -0.51299801
 H       -3.72691406     0.30322901    -0.66421986
 H       -2.33760369     2.28589098    -0.10829458
 H        0.02096467     1.99631817     0.57512181
