          17
 1,3-Dihydro-2-benzofuran
 O        2.38301446     0.00000000    -0.05925183
 C        0.15573766    -0.69612825     0.00923193
 C        0.15573767     0.69612821     0.00923181
 C        1.58229078    -1.17626726     0.02900526
 C        1.58229077     1.17626733     0.02900551
 C       -1.03781479    -1.40814923     0.00098837
 C       -1.03781475     1.40814923     0.00098823
 C       -2.23943698    -0.69828033    -0.00976051
 C       -2.23943696     0.69828036    -0.00976055
 H        1.82203731    -1.83757668    -0.81603171
 H        1.81955921    -1.72703398     0.95364125
 H        1.81955926     1.72703349     0.95364178
 H        1.82203719     1.83757636    -0.81603175
 H       -1.04223570    -2.49414412     0.00109792
 H       -1.04223566     2.49414412     0.00109775
 H       -3.18216878    -1.23602746    -0.01935855
 H       -3.18216875     1.23602752    -0.01935856
