          14
  Benzene-1,4-diol 
 O        2.76615002    -0.06087156     0.00000000
 O       -2.76615301    -0.06084475     0.00000000
 C        1.40035872     0.00404331    -0.00000000
 C       -1.40036126     0.00401144    -0.00000000
 C        0.69756715     1.20726657    -0.00000000
 C       -0.69755564     1.20724668    -0.00000000
 C        0.69401367    -1.20168613    -0.00000000
 C       -0.69402467    -1.20171082    -0.00000000
 H        3.12262368     0.83227551    -0.00000001
 H       -3.12257604     0.83232184     0.00000001
 H        1.23507657     2.15240340     0.00000000
 H       -1.23506919     2.15238642    -0.00000000
 H        1.24959503    -2.13294641    -0.00000000
 H       -1.24957842    -2.13298985    -0.00000000
