35
1,3,5-Trimethyladamantane
 C        1.28396570    -0.66575906     0.76604957
 C        1.24324179     0.79505016     0.26590494
 C        0.06676335    -1.47430344     0.26550476
 C        1.22301307     0.78200088    -1.27865094
 C       -0.06585208     1.44492878     0.76571453
 C        0.06627604    -1.44935625    -1.27918499
 C       -1.21901414    -0.77956286     0.76554836
 C        0.00040925     0.00041703    -1.79242276
 H        0.97120601    -1.94337646    -1.65741794
 H       -0.78939770    -2.02383942    -1.65840311
 H        1.19942562     1.81273485    -1.65691726
 H        2.14832881     0.32741765    -1.65705313
 C       -1.28818376     0.66793202    -1.27925878
 C       -1.31052235     0.67901688     0.26546266
 H       -1.35789730     1.69651850    -1.65767004
 H       -2.16828817     0.13150085    -1.65837172
 C       -2.59108429     1.34287101     0.78152714
 H       -0.06677747     1.47397915     1.86437382
 H       -0.11344201     2.48876685     0.42536255
 C        0.13232405    -2.91533399     0.78131738
 C        2.45844347     1.57210903     0.78200999
 H        1.30958497    -0.67880631     1.86471593
 H        2.21169478    -1.14687947     0.42611496
 H        3.39425868     1.11980451     0.43340025
 H        2.44037568     2.61153585     0.43399322
 H        2.48343970     1.58755521     1.87795003
 H       -2.09921481    -1.34263418     0.42517619
 H       -1.24336015    -0.79514280     1.86418802
 H        1.04193118    -3.41897919     0.43378002
 H        0.13282360    -2.94431074     1.87722578
 H       -0.72684273    -3.50003879     0.43237544
 H       -3.48225097     0.80737224     0.43385112
 H       -2.61616938     1.35663255     1.87744949
 H       -2.66756225     2.37946002     0.43299842
 H        0.00075249     0.00060793    -2.88914271
