12
1,3,5-Trifluorobenzene
 C        1.11861443     0.85461474     0.00000001
 C       -0.17591852     1.35826347    -0.00000001
 C       -1.29942707     0.54143666    -0.00000001
 C       -1.08830059    -0.83148315    -0.00000002
 C        0.18082215    -1.39612406    -0.00000003
 C        1.26422076    -0.52679130    -0.00000002
 F        2.49488518    -1.03952439     0.00000002
 F       -2.14773349    -1.64082363     0.00000002
 F       -0.34715981     2.68040889     0.00000001
 H        1.97832266     1.51137536     0.00000003
 H       -2.29808563     0.95750652     0.00000003
 H        0.31978306    -2.46903359    -0.00000002
