          10
    Propanal
 C        1.49501002    -0.56313391    -0.00000002
 C        0.67195190     0.72266972     0.00000004
 C       -0.82270344     0.49643671    -0.00000004
 O       -1.35341272    -0.58420860     0.00000002
 H        2.56531488    -0.33986823     0.00000010
 H        1.26783334    -1.17019996    -0.88022854
 H        1.26783317    -1.17020015     0.88022832
 H        0.90185235     1.35504639    -0.87062586
 H        0.90185227     1.35504626     0.87062605
 H       -1.43093258     1.43142773    -0.00000015
