          12
     Propanamide
 C        0.51254991     0.07954949    -0.02604092
 C       -0.75161222    -0.77420286    -0.14058639
 C       -2.02310917     0.03438411     0.11165415
 O        0.49867646     1.29403164    -0.04473860
 N        1.67350443    -0.63415385     0.09717159
 H       -0.76672299    -1.20277356    -1.15216648
 H       -0.67999295    -1.62551269     0.54758540
 H       -2.05312561     0.40684028     1.13939441
 H       -2.05886289     0.90195891    -0.55042544
 H       -2.91248924    -0.57918896    -0.05842488
 H        1.69527054    -1.63549409     0.01801324
 H        2.54462728    -0.13016000     0.07047788
