          13
 Propane-1,2-diol
 C       -0.91012943     0.14262275     0.70049679
 C        0.59847275    -0.01679500     0.49352259
 C        1.20800200     1.13742870    -0.29946647
 O        0.73270986    -1.26021598    -0.20098920
 O       -1.60222630     0.14264627    -0.53117869
 H       -1.12383382     1.09587199     1.19533555
 H       -1.26231480    -0.66843526     1.35724374
 H        1.08172514    -0.08423526     1.48209211
 H        2.26560815     0.94828272    -0.51881680
 H        1.15212812     2.07084060     0.27001244
 H        0.66838117     1.27265551    -1.24023583
 H        1.61848711    -1.31017351    -0.57022362
 H       -1.27297369    -0.62956120    -1.00666829
