          13
 Propane-1,3-diol
 C        0.00000002    -0.34412508     0.00000027
 C       -1.27514960     0.50161588     0.01839166
 O       -2.45762503    -0.27659178    -0.05331436
 C        1.27514960     0.50161592    -0.01839164
 O        2.45762504    -0.27659177     0.05331409
 H        0.02776884    -0.99761742     0.88225261
 H       -0.02776884    -0.99761803    -0.88225161
 H       -1.27909289     1.15399279     0.90743102
 H       -1.30407425     1.15876235    -0.85851727
 H       -2.48055642    -0.84936387     0.71903825
 H        1.27909265     1.15399256    -0.90743120
 H        1.30407459     1.15876249     0.85851719
 H        2.48055587    -0.84936434    -0.71903819
