38
1,3,5,7-Tetramethyladamantane
 C       -0.50820093    -1.41872219     0.93034592
 C       -0.98631721     0.02175990     1.21181299
 C        0.46864494    -1.46724811    -0.26392509
 C       -1.67805714     0.56348881    -0.05728249
 C        0.25013149     0.89795169     1.50574858
 C       -0.25032384    -0.89789696    -1.50567857
 C        1.67834369    -0.56369003     0.05723434
 C       -0.72324357     0.55255656    -1.27020351
 H       -1.11224488    -1.53160935    -1.75670896
 H        0.42509390    -0.93077297    -2.37183880
 H       -2.03428342     1.58708598     0.12417507
 H       -2.56708482    -0.04236947    -0.28124285
 C       -1.43272980     1.09436882    -2.51560581
 C        0.50842464     1.41867068    -0.93033434
 C        1.24147180     0.89294049     0.32240231
 H        0.19519837     2.45911344    -0.76621407
 H        1.19893170     1.43104914    -1.78510647
 C        2.45848084     1.76868130     0.63872332
 H        0.75364143     0.53409785     2.41221451
 H       -0.06834749     1.92833475     1.71663493
 C        0.92767389    -2.90610339    -0.52303980
 C       -1.95389231     0.04323562     2.39986091
 H       -0.01921768    -1.82747976     1.82555263
 H       -1.37475521    -2.06266072     0.72533755
 H       -2.83693184    -0.57556433     2.20207324
 H       -2.30045143     1.06188939     2.60967803
 H       -1.47465600    -0.34000055     3.30831916
 H       -2.31003369     0.48697431    -2.76689232
 H       -0.76472222     1.09154894    -3.38482137
 H       -1.77344045     2.12464685    -2.36000724
 H        2.39135374    -0.58962482    -0.77851754
 H        2.21018986    -0.95597171     0.93517830
 H        0.07648446    -3.55790656    -0.75193443
 H        1.44039382    -3.32168677     0.35226014
 H        1.62170625    -2.95366471    -1.37027090
 H        3.17058759     1.77277019    -0.19472651
 H        2.98699907     1.40534012     1.52776995
 H        2.16074898     2.80654208     0.82838841
