          13
 Pyrrolidine-2-one
 C        1.49037057     0.70201473    -0.18894739
 C        0.08787510     1.23782861     0.14185171
 C       -0.83210104     0.01819253    -0.00096187
 N       -0.01386750    -1.08124924    -0.06472546
 C        1.39800620    -0.80803436     0.13546375
 H        2.02223821    -1.41492580    -0.52826998
 H        1.71000460    -1.01587596     1.16992237
 H        2.29150246     1.19189615     0.36819441
 H        1.69770300     0.83094062    -1.25548340
 H        0.01336334     1.58944571     1.17775568
 H       -0.24962044     2.05092951    -0.50304794
 H       -0.41264611    -2.00521142    -0.01425066
 O       -2.04212123     0.00650100    -0.03504789
