          15
 Salicylaldehyde
 C       -1.28914565    -1.27756072     0.00000000
 C        0.03712720    -0.82425756     0.00000000
 C        0.29027075     0.57276992     0.00000000
 C       -0.78794720     1.47480737    -0.00000000
 C       -2.09334022     1.02017386    -0.00000000
 C       -2.33093500    -0.36306512    -0.00000000
 O        1.02978174    -1.71531064    -0.00000000
 C        1.65909413     1.05732635     0.00000000
 O        2.65128002     0.33521601    -0.00000000
 H       -0.57258388     2.54029754    -0.00000000
 H       -2.92283199     1.71779352    -0.00000000
 H       -3.35328190    -0.72902464    -0.00000000
 H       -1.47045779    -2.34639465     0.00000000
 H        1.87453390    -1.20645047    -0.00000000
 H        1.78139505     2.15921853     0.00000001
