          20
 Butan-2-yl acetate
 C        2.80738839     0.85925652    -0.33262708
 C        1.64363662     0.02952620     0.16206763
 O        1.73092721    -0.91276329     0.90952644
 O        0.48441371     0.48994905    -0.34690647
 C       -0.73334493    -0.20011244     0.03998033
 C       -1.84528305     0.84467453    -0.05234248
 C       -3.19358771     0.35375514     0.48495265
 H       -1.94737955     1.16478119    -1.09671561
 H       -1.52261106     1.72598413     0.51340162
 H       -0.60858237    -0.53075574     1.07614549
 C       -0.92745282    -1.41546507    -0.86161968
 H        2.66418456     1.90844310    -0.05906055
 H        2.86123528     0.81333645    -1.42424523
 H        3.73289524     0.48253036     0.10133891
 H       -3.93305697     1.15958167     0.46162127
 H       -3.10750056     0.01221038     1.52252875
 H       -3.59339979    -0.47538382    -0.10671376
 H       -0.08587525    -2.10320074    -0.75348360
 H       -1.00485667    -1.10818215    -1.90983754
 H       -1.83985637    -1.95465911    -0.59122740
