          16
  Butan-2-amine
 C       -1.75496693    -0.76971557    -0.01482383
 C       -0.47718130    -0.00544197     0.33676060
 C        0.75906735    -0.69325674    -0.26069152
 C        2.08822559    -0.02149999     0.10040821
 H       -2.63496966    -0.29673814     0.43632890
 H       -1.90136485    -0.78712390    -1.09973471
 H       -1.70819043    -1.80080958     0.34914023
 N       -0.58930329     1.36184876    -0.19210903
 H       -0.36468867    -0.02052911     1.43791452
 H        0.77424672    -1.73345036     0.08821148
 H        0.64425786    -0.72159938    -1.35132913
 H        2.93607794    -0.59368163    -0.28915365
 H        2.15948525     0.98615772    -0.32238227
 H        2.21364930     0.05661017     1.18696067
 H       -1.43510821     1.79702822     0.16461765
 H        0.18016192     1.93229754     0.14387184
