          15
       Sulfolane
 S        0.70404216     0.00000006     0.00000007
 C       -0.52350912     1.26154498     0.49610673
 C       -1.86134155     0.76900363    -0.06671062
 C       -1.86134027    -0.76900421     0.06671031
 C       -0.52350880    -1.26154291    -0.49611128
 O        1.42274932     0.45624844    -1.17218165
 O        1.42274190    -0.45624997     1.17218589
 H       -0.51435552     1.28405779     1.58788169
 H       -0.18609111     2.21919472     0.09909445
 H       -2.70389516     1.22170924     0.46282316
 H       -1.94709138     1.04927376    -1.12241821
 H       -1.94708628    -1.04927482     1.12241809
 H       -2.70389479    -1.22171097    -0.46282102
 H       -0.51435704    -1.28405091    -1.58788637
 H       -0.18608970    -2.21919421    -0.09910370
