          10
       Thiethane
 C       -0.41648640    -1.15342524     0.11831907
 C       -1.41166473    -0.00000000    -0.14038697
 C       -0.41648640     1.15342524     0.11831907
 S        1.02609944     0.00000000    -0.04730893
 H       -0.47379191    -1.56664559     1.12798067
 H       -0.41898166    -1.96788213    -0.60722178
 H       -2.30158865    -0.00000000     0.49661450
 H       -1.73812504    -0.00000000    -1.18335969
 H       -0.41898164     1.96788213    -0.60722178
 H       -0.47379192     1.56664559     1.12798066
