          14
 (2E)-but-2-en-1,4-diol
 C        1.92007901     0.38233570     0.36164485
 C        0.58480507     0.33806378    -0.31636776
 C       -0.58480511     0.33806399     0.31636768
 C       -1.92007903     0.38233565    -0.36164492
 O       -2.74317556    -0.63111214     0.20173982
 H       -2.37453245     1.37680033    -0.20622697
 H       -1.79353324     0.24933962    -1.44781586
 O        2.74317565    -0.63111203    -0.20173979
 H        1.79353318     0.24933980     1.44781581
 H        2.37453231     1.37680044     0.20622681
 H        0.62064378     0.32589067    -1.40519459
 H       -0.62064378     0.32589150     1.40519448
 H       -3.63429430    -0.51350794    -0.13858795
 H        3.63429393    -0.51350890     0.13858954
