          22
 (1R,3R)‐3‐methylcyclohexan‐1‐ol
 C       -1.21069451    -0.69495068     0.45861636
 C        0.27469024    -1.01321069     0.65284081
 C        1.18527296    -0.19042613    -0.27559969
 C        0.89802641     1.31184447    -0.10776604
 C       -0.58590875     1.63969226    -0.32644276
 C       -1.47803744     0.81068153     0.60776889
 H        0.53854170    -0.81062268     1.70010558
 H        0.43130710    -2.08475203     0.48464453
 H        0.93216010    -0.46643997    -1.30740815
 C        2.66279659    -0.51550411    -0.03709939
 H        1.51944400     1.89012145    -0.80255806
 H        1.19547495     1.62274317     0.90546251
 H       -0.85598667     1.41744497    -1.36571022
 H       -0.76907878     2.70900910    -0.17158339
 H       -2.53997617     1.01660581     0.41521139
 H       -1.29419406     1.09535836     1.65275999
 H       -1.79390533    -1.24089812     1.21814320
 O       -1.56333810    -1.16431119    -0.84307730
 H       -2.48079762    -0.92636774    -1.00642141
 H        3.30856570     0.04626022    -0.72103314
 H        2.96299865    -0.26009301     0.98678810
 H        2.86567434    -1.58183647    -0.18539097
