          11
 Trichloroethylsilane
Cl       -0.21672960     1.66754488    -1.04665413
Si        0.05104796     0.00000001     0.13494999
Cl        1.99446914    -0.00000017     0.81787291
 C       -1.13480133    -0.00000010     1.57023219
 C       -2.62587747    -0.00000017     1.18920089
Cl       -0.21672970    -1.66754460    -1.04665448
 H       -0.88888790     0.87775352     2.18058922
 H       -0.88888780    -0.87775374     2.18058915
 H       -3.24879658    -0.00000025     2.08867210
 H       -2.88779250    -0.88414396     0.60103572
 H       -2.88779261     0.88414366     0.60103581
