          25
 Triethanolamine
 N        0.00019979     0.00066867     0.13845477
 C        1.12661016     0.84746058     0.52342851
 C        0.17051198    -1.39804445     0.52408930
 C       -1.29609173     0.55264293     0.52450311
 H       -0.24829939    -1.61351655     1.52233864
 C       -0.45543469    -2.34787184    -0.49468946
 H        1.23868271    -1.62811528     0.57950603
 O       -0.24899960    -3.66884405    -0.02261506
 H       -1.52854204    -2.12712495    -0.61052635
 H        0.01957988    -2.17999595    -1.47370295
 H       -0.65392346    -4.27933691    -0.64356401
 H       -1.27244577     1.02481419     1.52188527
 C       -1.80761024     1.56754797    -0.49539226
 H       -2.02888487    -0.25775213     0.58208283
 O       -3.05468919     2.04891709    -0.02257156
 H       -1.08086092     2.38706961    -0.61360919
 H       -1.90057416     1.07062359    -1.47350712
 H        0.79189662     1.88761788     0.57819377
 H        1.52272453     0.59322803     1.52184955
 C        2.26234857     0.77947581    -0.49503676
 O        3.30329737     1.61841528    -0.02271172
 H        2.60731572    -0.26040957    -0.61036705
 H        1.88007838     1.10686299    -1.47430045
 H       -3.38205913     2.70392340    -0.64389460
 H        4.03477076     1.57239339    -0.64325055
