          15
 (Trifluoromethyl)benzene
 C       -0.84971729     1.21002374    -0.01885979
 H       -0.30095083     2.14455846    -0.03705147
 C       -2.24160642     1.20743194     0.00247247
 H       -2.78194612     2.14829849     0.00566736
 C       -2.93793937     0.00000520     0.01456532
 H       -4.02310030     0.00001018     0.02928665
 C       -2.24161774    -1.20742717     0.00247174
 H       -2.78196596    -2.14828907     0.00566601
 C       -0.84972733    -1.21003279    -0.01885952
 H       -0.30096969    -2.14457181    -0.03704936
 C       -0.15609091    -0.00000844    -0.02627290
 C        1.35052676    -0.00000365    -0.00331743
 F        1.85925539    -1.08343053    -0.61122877
 F        1.82842844     0.00016826     1.25471232
 F        1.85924537     1.08326899    -0.61151538
