          13
 Trimethylaluminium
 C        0.75266706    -1.81660813    -0.00000021
Al       -0.00004389     0.00001797    -0.00000037
 C        1.19702596     1.56006334    -0.00000023
 C       -1.94963918     0.25652214     0.00000086
 H       -0.00287675    -2.60954696    -0.00003235
 H        1.39593455    -1.97838770    -0.87538850
 H        1.39587600    -1.97840654     0.87542808
 H        1.01571020     2.19801419     0.87544742
 H        2.26142854     1.30190393    -0.00004142
 H        1.01565222     2.19806490    -0.87539849
 H       -2.25844109     1.30735122     0.00006381
 H       -2.41136371    -0.21954432    -0.87546022
 H       -2.41138589    -0.21966024     0.87538646
