          14
 Trimethylsilane
Si       -0.00001800    -0.00000551     0.35705247
 C       -1.76533776    -0.29049104    -0.23780313
 C        0.63109748     1.67402826    -0.23779034
 C        1.13427133    -1.38352147    -0.23779893
 H       -0.00001769    -0.00007363     1.85021264
 H       -2.15270640    -1.24975346     0.12131881
 H       -2.43967123     0.49398334     0.12147971
 H       -1.82024193    -0.29944211    -1.33201146
 H       -0.00572039     2.48921122     0.12157976
 H        1.64777501     1.86558089     0.12119822
 H        0.65042316     1.72600219    -1.33200131
 H        2.15862280    -1.23940369     0.12156213
 H        0.79201521    -2.35981723     0.12124353
 H        1.16965137    -1.42632190    -1.33200680
