          12
   Uracil
 O       -2.26074614    -0.99436962    -0.00000000
 O        2.31243349    -0.96867660    -0.00000001
 N        0.03445840    -0.95006982     0.00000001
 N       -1.17438831     1.01831172    -0.00000000
 C       -1.22190351    -0.37437299     0.00000000
 C        1.29330869    -0.31208768     0.00000000
 C       -0.00766947     1.73983534    -0.00000000
 C        1.20052905     1.14414976     0.00000001
 H        0.05008314    -1.96123390     0.00000001
 H       -2.07331363     1.47324995    -0.00000001
 H        2.11910276     1.71228331     0.00000001
 H       -0.13099058     2.81691631    -0.00000000
