          12
   Ethenyl acetate
 C        2.03732056     0.92733772     0.00000009
 H        3.00643649     0.43026662    -0.00000188
 H        1.94393191     1.56928309     0.88072489
 H        1.94392962     1.56928613    -0.88072222
 C        0.94188334    -0.10809465    -0.00000008
 O        1.09106824    -1.29917461    -0.00000005
 O       -0.27906190     0.50762140    -0.00000012
 C       -1.40410719    -0.28849397     0.00000015
 H       -1.19513161    -1.35108113     0.00000049
 C       -2.61186671     0.25776058    -0.00000001
 H       -3.48900382    -0.37604396     0.00000023
 H       -2.75264308     1.33214416    -0.00000038
