19
1,4-Dimethylcyclopent-1-ene
 C       -1.19018351     0.13198897     0.38376932
 C        0.02794134     1.02695781     0.03542233
 C       -0.74707963    -1.29904740    -0.02885893
 C        1.19364066     0.05851701    -0.00976406
 C        0.75891993    -1.20399546    -0.04320726
 C       -2.51364054     0.58970389    -0.22814014
 C        2.61188136     0.53416662    -0.06027883
 H       -1.29277195     0.13564206     1.47631480
 H        0.17375140     1.83733097     0.76099753
 H       -0.09861649     1.51551757    -0.94388901
 H       -1.13205393    -1.56318623    -1.02638474
 H       -1.12902898    -2.06526310     0.65669690
 H        1.40283570    -2.07542920    -0.11639608
 H       -2.77936812     1.59999864     0.10219838
 H       -3.33556112    -0.07789972     0.05321218
 H       -2.45553716     0.60230320    -1.32298949
 H        3.31749051    -0.30005601    -0.11020579
 H        2.86042291     1.13930728     0.82141040
 H        2.78387191     1.17716120    -0.93371136
