12
1,4-Dichlorobenzene
 C       -1.38053100    -0.00000003    -0.00000000
 C       -0.69613641    -1.21229908    -0.00000000
 C        0.69613638    -1.21229910    -0.00000000
 C        1.38053099    -0.00000002    -0.00000000
 C        0.69613640     1.21229910    -0.00000000
 C       -0.69613643     1.21229908    -0.00000000
Cl        3.12898690     0.00000001     0.00000000
Cl       -3.12898688     0.00000001     0.00000000
 H        1.24520902    -2.14618024    -0.00000000
 H       -1.24520904    -2.14618022    -0.00000000
 H       -1.24520908     2.14618024    -0.00000000
 H        1.24520906     2.14618027    -0.00000000
