          21
  Ethenyl pivalate
 O        1.04871140    -0.30746924     0.00000066
 O        0.09541065     1.74381393    -0.00000103
 C       -1.33622256    -0.23035361    -0.00000009
 C       -1.39338083    -1.11643439     1.26375884
 C       -1.39337819    -1.11644146    -1.26375411
 C       -2.49912257     0.77235364    -0.00000413
 C       -0.02076413     0.54766902    -0.00000035
 C        2.31461319     0.23432241     0.00000148
 C        3.38166297    -0.55242073    -0.00000130
 H       -2.33589332    -1.67337305     1.27870688
 H       -1.34726092    -0.51053697     2.17461086
 H       -0.56902870    -1.83272172     1.28587831
 H       -2.33589094    -1.67337970    -1.27870126
 H       -0.56902642    -1.83272937    -1.28586763
 H       -1.34725576    -0.51054927    -2.17460948
 H       -3.45211703     0.23384377    -0.00000383
 H       -2.46546794     1.41722097    -0.88187282
 H       -2.46547002     1.41722575     0.88186111
 H        2.33310608     1.31712136     0.00000449
 H        3.29535216    -1.63259270    -0.00000455
 H        4.37185493    -0.11581862    -0.00000028
