          12
 (2Z)-1,3-dichlorobut-2-ene
Cl        1.71813992     1.10403481    -0.08400792
Cl       -2.56512154     0.03725209    -0.33556554
 C       -0.09728683    -0.82616201     0.46080131
 C        1.14684911    -0.55520383     0.06364485
 C       -1.15621479     0.15042422     0.82448479
 C        2.18757524    -1.57069090    -0.29065299
 H       -0.37259561    -1.87628549     0.51930750
 H       -0.80875981     1.18013897     0.78517304
 H       -1.58432821    -0.06025963     1.80561369
 H        2.52681463    -1.43180888    -1.32268688
 H        3.06618866    -1.47197925     0.35554901
 H        1.78347816    -2.58083838    -0.18561656
