           9
 (1Z)-1,3-dichloroprop-1-ene
Cl        2.31713892    -0.31285252     0.22394411
Cl       -2.18769083    -0.52210388     0.02077205
 C        0.86129949     0.11467072    -0.78699092
 C        0.00372807     1.10087642    -0.07604793
 C       -1.26151319     0.92746465     0.29578075
 H        1.26697475     0.52439413    -1.71339949
 H        0.34002507    -0.81782414    -0.99283096
 H        0.45920059     2.05804831     0.16472755
 H       -1.83681983     1.68965817     0.80475608
