          10
     Prop-2-en-1-ol
 C        1.84332993     0.03128628     0.26965419
 C        0.70317952     0.21580392    -0.39028292
 C       -0.55750207    -0.56297043    -0.14175574
 O       -1.65901590     0.28252966     0.16718303
 H       -1.40379346     0.81750147     0.92528743
 H       -0.85822804    -1.10318743    -1.04780940
 H       -0.38643609    -1.31388469     0.64585651
 H        2.73185258     0.61872745     0.06188577
 H        1.93508220    -0.72786053     1.04260385
 H        0.62851825     0.98588977    -1.15697479
