          16
          Pentanal
 C        0.71726248    -0.88698726     0.00001285
 C       -0.40903588     0.14575965     0.00006515
 C       -1.80460186    -0.48748922    -0.00003781
 C        2.10878082    -0.29755042    -0.00001127
 C       -2.92903666     0.55249913    -0.00000983
 O        2.35759112     0.88062760    -0.00002058
 H        0.65027873    -1.55815003     0.87059125
 H        0.65018150    -1.55811880    -0.87058439
 H       -0.29502406     0.79890931     0.87338345
 H       -0.29494221     0.79902030    -0.87316098
 H       -1.90899117    -1.14050367    -0.87712103
 H       -1.90911377    -1.14057674     0.87698233
 H        2.92934513    -1.05333057    -0.00000760
 H       -2.87014180     1.19773059     0.88350793
 H       -2.87028190     1.19771465    -0.88354783
 H       -3.91420343     0.07561181     0.00005615
