          18
             2-Methyl-2-butanol
 C       -2.17214166    -0.01398319     0.02027678
 C       -0.88338900    -0.73450155     0.42753522
 C        0.42125374    -0.00739715     0.02851478
 C        1.63472033    -0.86315865     0.42094722
 H       -2.31700679     0.91167962     0.58549884
 H       -2.14596516     0.24305273    -1.04223659
 H       -3.04534419    -0.64858672     0.20060703
 C        0.52465861     1.38189501     0.66415378
 H        1.58055661    -1.85363447    -0.04761231
 H        2.56013345    -0.38085694     0.09278476
 H        1.68647758    -1.01317015     1.50443138
 H       -0.87439593    -0.91156546     1.51060769
 H       -0.86448376    -1.73011288    -0.03918739
 H       -0.28300091     2.03009308     0.31628930
 H        0.47486976     1.31561168     1.75528434
 H        1.47323931     1.85071693     0.38736032
 O        0.43907450     0.22918998    -1.38553505
 H        0.44102645    -0.62698248    -1.82605675
