          18
   1-Methoxybutane
 C       -0.67468351     0.41728158     0.00024606
 O       -1.75268087    -0.49176483    -0.00036051
 H       -0.72865176     1.07442186     0.88708507
 H       -0.72794558     1.07490338    -0.88628955
 C        0.63105218    -0.36656289     0.00037536
 H        0.64488968    -1.02243791     0.87969801
 C        1.86740509     0.53871567    -0.00025540
 H        0.64452379    -1.02319344    -0.87837295
 C        3.18153792    -0.24833847    -0.00002835
 H        1.83713556     1.19909290     0.87668338
 H        1.83705398     1.19818689    -0.87788454
 H        3.25656080    -0.89176936     0.88360090
 H        4.04770906     0.42089647     0.00010206
 H        3.25692514    -0.89178066    -0.88362848
 C       -3.00559174     0.14217110     0.00002482
 H       -3.77055099    -0.63888948    -0.00073720
 H       -3.14571032     0.77631675    -0.89088016
 H       -3.14597251     0.77472760     0.89202877
