          19
        3,3-Dimethyl-2-butanone
 C       -0.63715996    -0.04906121    -0.00749557
 C        0.88995445     0.17697277    -0.01753864
 C       -1.34628437     1.26323470    -0.37388956
 C       -1.03612150    -1.15980982    -0.99965625
 C       -1.03628167    -0.46674733     1.42805812
 C        1.80360032    -1.04234398    -0.00872105
 O        1.36038848     1.29157237    -0.02367770
 H       -2.43228419     1.13209816    -0.32270092
 H       -1.05675753     2.06792641     0.30484336
 H       -1.08669004     1.58171481    -1.38791131
 H       -2.12378059    -1.28762565    -0.99527897
 H       -0.59091655    -2.12543164    -0.74273239
 H       -0.73695696    -0.90816539    -2.02296191
 H       -0.75984909     0.30486623     2.15348043
 H       -2.12082688    -0.60925022     1.48385619
 H       -0.56372467    -1.40608463     1.73187895
 H        1.45744804    -1.82129151     0.67621010
 H        1.83203485    -1.48562298    -1.01078813
 H        2.81257010    -0.72728416     0.26073548
