          19
        3-Hexanone
 C       -3.11092375     0.09995686    -0.00080200
 C       -1.77380722     0.83805149     0.00021362
 H       -3.20152982    -0.54310153     0.87835175
 H       -3.94444660     0.80821990    -0.00053566
 H       -3.20100485    -0.54176345    -0.88099737
 H       -1.68782164     1.50186278     0.87183836
 C       -0.56378855    -0.09163155     0.00040273
 H       -1.68694505     1.50284242    -0.87057535
 C        0.80491708     0.58135644     0.00070060
 H        0.85353928     1.25029200     0.87253737
 C        1.97973379    -0.39751061    -0.00023465
 H        0.85334719     1.25179595    -0.86999549
 H        1.89578675    -1.05486813     0.87182083
 H        1.89516505    -1.05388237    -0.87297969
 C        3.33772087     0.30989927    -0.00053204
 H        3.45714143     0.94700834     0.88337757
 H        4.15944703    -0.41297491    -0.00139017
 H        3.45605424     0.94793212    -0.88391959
 O       -0.68504702    -1.29546651     0.00034434
