          19
           2-Methyl-3-pentanone
 C       -2.78824851    -0.10956276     0.00919503
 C       -1.44376453    -0.52025252     0.60444476
 H       -2.94104973     0.96804867     0.10644980
 H       -3.61072977    -0.62612328     0.51220376
 H       -2.83196483    -0.34710498    -1.05726085
 H       -1.41091556    -0.31703770     1.68525051
 C       -0.25127966     0.19592654    -0.01546737
 H       -1.27676337    -1.60301078     0.51908406
 C        1.13959085    -0.29304323     0.40491130
 H        1.04480636    -0.82793247     1.35848922
 C        2.10899938     0.88380213     0.56478750
 C        1.63987352    -1.29178088    -0.65952453
 O       -0.38855940     1.09269380    -0.81662690
 H        1.79435000     1.55380303     1.37118431
 H        2.14486719     1.46760370    -0.35847360
 H        3.11727118     0.52537823     0.79471715
 H        0.95848279    -2.14114656    -0.77628572
 H        2.62184994    -1.68601574    -0.38003034
 H        1.73220456    -0.79509419    -1.63040962
