          16
    Phenylmethanol
 C        0.00683823     1.05205615     0.15191292
 C        1.36494368     1.34341389     0.04821849
 C       -0.43883885    -0.27270394     0.12136873
 C        2.29538590     0.31381460    -0.08365403
 C        1.85881157    -1.00935856    -0.11643268
 C        0.49942502    -1.29816559    -0.01960576
 H       -0.72314816     1.84838395     0.25267494
 H        1.69784371     2.37660902     0.07145776
 H        3.35352484     0.54121077    -0.16511410
 H        2.57597590    -1.81688954    -0.22672043
 H        0.16260620    -2.33110826    -0.05666271
 C       -1.91506516    -0.59061403     0.25998593
 O       -2.76837592     0.41457245    -0.25988954
 H       -2.12404607    -1.57247145    -0.19363059
 H       -2.18447620    -0.67077511     1.32072121
 H       -2.53808535     0.54116788    -1.18590538
