          16
    2-Methylphenol
 C       -0.47708306     0.69807511     0.00000634
 C        0.75310877     1.35406858    -0.00001015
 C       -0.54858775    -0.70468271     0.00001393
 C        1.93658080     0.61832559    -0.00001803
 C        1.88893197    -0.77166776     0.00000556
 C        0.65091246    -1.41503240     0.00002237
 O       -1.66381038     1.37482585     0.00000823
 H        0.78149046     2.44151631     0.00000066
 H        2.88988868     1.13699567    -0.00004285
 H        2.80457976    -1.35311450    -0.00001099
 H        0.60971245    -2.50089690     0.00005144
 C       -1.89046679    -1.38954421    -0.00002836
 H       -1.77341712    -2.47624444    -0.00017012
 H       -2.48281059    -1.10641837     0.87722021
 H       -2.48280243    -1.10610042    -0.87717128
 H       -1.48597961     2.32024313     0.00009155
