          16
    3-Methylphenol
 C        2.55880923     1.01096738     0.01017073
 C        1.23946622     0.27595792    -0.01010688
 C        0.03766041     0.98293951    -0.00867239
 C        1.20257128    -1.12408066    -0.00744869
 C       -1.18547819     0.30940306     0.00108485
 C       -0.01665987    -1.79341807     0.00232244
 O       -2.31778641     1.06908664     0.00078370
 C       -1.21652172    -1.08585829     0.00711349
 H        3.32339516     0.47284049    -0.55826322
 H        2.93452689     1.11987105     1.03519843
 H        2.46438717     2.01595455    -0.41070156
 H        0.02981289     2.06824959    -0.01662832
 H        2.13099954    -1.68671960    -0.01475792
 H       -0.03858630    -2.87888979     0.00215660
 H       -3.08501290     0.48861473     0.00559312
 H       -2.16868200    -1.61071156     0.01088641
