          18
     Bicyclo[2.2.1]heptan-2-one
 C        1.59641721     0.07599109     0.88447418
 C        0.80594629     1.35916381     0.46966983
 C        1.01873029    -1.01187157    -0.05188363
 H        1.46066656    -0.17724343     1.93995470
 H        2.66976051     0.20422850     0.71693181
 C       -0.12611304     0.85755040    -0.67376866
 H        1.47590676     2.13156543     0.08112381
 H        0.24288997     1.80206104     1.29532300
 C        0.76670816    -0.20627394    -1.34982474
 H        1.68034329     0.21740362    -1.77799975
 H        0.24792715    -0.78195527    -2.12312111
 C       -0.42524333    -1.32026197     0.39489861
 H        1.65166129    -1.89512686    -0.15480325
 C       -1.16829885    -0.02348314     0.01517126
 H       -0.54303015    -1.54709647     1.45868392
 H       -0.85845741    -2.15455611    -0.16997304
 O       -2.32217547     0.23694348     0.23490136
 H       -0.56090583     1.64540188    -1.28801699
