          22
       2,2-Dimethyl-3-pentanone
 C       -2.92302584    -0.20843706     0.08383040
 C       -1.51375900    -0.75868631    -0.13120188
 H       -3.66647620    -1.00574412    -0.00643420
 H       -3.15102046     0.56850642    -0.64924105
 H       -3.02052528     0.24333908     1.07500649
 H       -1.43813286    -1.24736234    -1.11239157
 H       -1.27816700    -1.54489300     0.59644844
 C       -0.43414726     0.32153353    -0.07720561
 O       -0.73729580     1.49355500    -0.07488612
 C        1.04592242    -0.11656672     0.00359249
 C        1.94414111     1.06051821    -0.40800152
 C        1.33090299    -1.33464024    -0.89647103
 C        1.32786272    -0.48532648     1.48030867
 H        1.77839508     1.33574580    -1.45425095
 H        2.99850084     0.78972998    -0.28889415
 H        1.73520777     1.94290732     0.19954674
 H        1.13632046     0.36620708     2.14054723
 H        2.37798145    -0.77433185     1.59649402
 H        0.71387588    -1.32596213     1.81926281
 H        1.10398948    -1.11928284    -1.94628276
 H        0.75700404    -2.21660627    -0.59814974
 H        2.39216281    -1.59852961    -0.83627493
