          22
       2,4-Dimethyl-3-pentanone
 C       -2.35491732     0.94040948     0.26412961
 C       -1.30084037     0.11299890    -0.47662583
 C       -1.80334331    -1.32047621    -0.75612260
 C       -0.00034805     0.00880206     0.32600820
 C        1.29976475    -0.13150685    -0.47184517
 O        0.00034949     0.03663593     1.53637012
 H        1.06651900    -0.63340291    -1.41991225
 C        1.80972375     1.28845747    -0.80214572
 C        2.34932326    -0.93663825     0.29944389
 H        2.01490897    -1.96412749     0.47243554
 H        3.29238621    -0.97301334    -0.25497695
 H        2.53263959    -0.48076423     1.27562937
 H       -2.53883983     0.51812444     1.25520038
 H       -2.02431906     1.97436174     0.40217535
 H       -3.29688982     0.95418900    -0.29314837
 H       -2.04480242    -1.82846121     0.18312935
 H       -2.70798305    -1.29194797    -1.37128810
 H       -1.05727538    -1.92212928    -1.28541047
 H       -1.06887269     0.58148450    -1.44204289
 H        2.71517120     1.23322791    -1.41430426
 H        1.06741609     1.87417480    -1.35420586
 H        2.05198270     1.82875052     0.11866145
