          19
     2-Ethylphenol
 C        0.54636253     1.47214320     0.18826883
 C       -0.36882903     0.42267144     0.27213032
 C        0.11976354    -0.88222179     0.09120525
 C        1.89995485     1.25511828    -0.06853685
 C        2.36107499    -0.04545263    -0.24433761
 C        1.47117291    -1.11419647    -0.16311686
 H        0.18343661     2.48647994     0.33222506
 C       -1.83739771     0.66403947     0.53426866
 H        2.58517422     2.09397703    -0.12626138
 H        3.41092421    -0.23603247    -0.44262378
 H        1.82409045    -2.13453727    -0.29672828
 O       -0.78460141    -1.90428482     0.17916373
 H       -2.19782771    -0.05481447     1.27843704
 H       -1.95961862     1.66247934     0.96861005
 C       -2.70514217     0.54578933    -0.73217683
 H       -2.62441720    -0.45587927    -1.16246884
 H       -3.75862647     0.73353630    -0.50010576
 H       -2.38998197     1.26879393    -1.49145234
 H       -0.32591443    -2.74037179     0.05306424
