          19
     3-Ethylphenol
 C       -0.53313760     1.44125071     0.13573966
 C       -0.85000295     0.09042949     0.32495593
 C        0.16893384    -0.85935056     0.24907378
 C        0.77824625     1.82435125    -0.12753586
 C        1.79353994     0.87422331    -0.20561471
 C        1.48422077    -0.47385034    -0.01556376
 H       -1.31591150     2.19106165     0.19941451
 C       -2.27922816    -0.34097991     0.57091969
 H        1.01857587     2.87355946    -0.26946371
 H        2.81866171     1.17525294    -0.40736560
 O        2.42640839    -1.45795124    -0.07245531
 H       -2.28890891    -1.23376440     1.20660553
 H       -2.80743801     0.44448861     1.12364503
 C       -3.03903042    -0.64027136    -0.73407575
 H       -2.54973178    -1.44276307    -1.29511150
 H       -4.06894535    -0.94811089    -0.52610124
 H       -3.07089952     0.24347933    -1.37924620
 H       -0.04090528    -1.91413860     0.39763659
 H        3.28346141    -1.06146255    -0.25643872
