          19
             3,5-Dimethylphenol
 C       -1.21391631    -0.72339692     0.00840144
 C       -2.51339814    -1.49337632    -0.00932478
 C        0.01166010    -1.40298486     0.00890384
 C       -1.21569349     0.66831093     0.00573262
 C        1.22264998    -0.71357882     0.00127127
 C       -0.00822116     1.37166611    -0.00106866
 C        2.54033932    -1.45206961    -0.00355539
 C        1.20367308     0.68563935    -0.00356821
 O       -0.07923146     2.73372857    -0.00145642
 H       -3.35555727    -0.86443243     0.29171223
 H       -2.73144954    -1.87800352    -1.01326022
 H       -2.47439772    -2.35619991     0.66331847
 H        0.01797383    -2.48961509     0.01690096
 H       -2.14477517     1.22875443     0.01091318
 H        3.10646699    -1.25110249    -0.92070818
 H        3.17361828    -1.14576512     0.83674922
 H        2.39035317    -2.53257636     0.06539293
 H        2.13951356     1.24170973    -0.00496761
 H        0.81311336     3.09341834    -0.00380873
