          10
    1,2-Ethanediol
 C       -0.70225027    -0.64028322    -0.28034599
 O       -1.33473587     0.55324604     0.17250868
 C        0.70990277    -0.60966344     0.28575614
 O        1.41036662     0.53387472    -0.15561335
 H       -0.65363405    -0.66782602    -1.37860798
 H       -1.23635584    -1.53766646     0.06920189
 H       -2.13044884     0.69850286    -0.34471418
 H        1.26755518    -1.48916151    -0.05345496
 H        0.65268784    -0.64791876     1.38610558
 H        0.80877055     1.27359185    -0.01108746
