          14
         2-Methyl-1,3-dioxolane
 O       -0.02599096    -1.11780160     0.12642936
 C       -1.38802677    -0.76796983    -0.04086884
 C        0.69672825    -0.02636773    -0.39262608
 C       -1.38853541     0.76858084     0.13552390
 H       -1.74605240    -1.05172834    -1.04236143
 H       -1.97939226    -1.29868911     0.70883990
 O       -0.02251444     1.13529878    -0.01452935
 H       -2.01235975     1.26799816    -0.61678051
 H       -1.72796706     1.07615853     1.13117605
 C        2.09643989     0.00673376     0.17912211
 H        0.71953596    -0.09299084    -1.49869060
 H        2.04509179     0.05960916     1.26925724
 H        2.64242744    -0.89367094    -0.11407783
 H        2.63080467     0.88212406    -0.19818118
