          15
 Methyl (2E)-but-2-enoate
 C        2.83995490     0.26564742     0.00049612
 O        1.50562044     0.77732687    -0.00010978
 C        0.53016821    -0.15912723    -0.00030005
 O        0.75194625    -1.34788261    -0.00020233
 C       -0.80353393     0.48035177    -0.00050285
 C       -1.91576808    -0.25818262     0.00024450
 C       -3.31160372     0.27491182     0.00026132
 H        3.49428929     1.13806831     0.00223918
 H        3.01906276    -0.34839546     0.88739272
 H        3.02088440    -0.34600494    -0.88771814
 H       -0.82777966     1.56559841    -0.00117895
 H       -1.79369270    -1.34027730     0.00096262
 H       -3.33391386     1.36791258    -0.00130122
 H       -3.86377128    -0.08564326    -0.87661608
 H       -3.86278702    -0.08311218     0.87880341
