          17
           4-Methyl-1,3-dioxane
 C       -0.99957310     0.06605238    -0.33883024
 C       -0.22495062     1.29823412     0.14849278
 O       -0.37052987    -1.11380345     0.16265206
 H       -0.95722291     0.04054294    -1.44354753
 C       -2.45050695     0.03613465     0.11307769
 C        1.25920548     1.12653177    -0.18723375
 H       -0.34453215     1.38776681     1.23417032
 H       -0.61977829     2.20914846    -0.31622486
 O        1.73858522    -0.11584524     0.30561034
 H        1.87437677     1.90452459     0.27286397
 H        1.40653597     1.17641923    -1.28049841
 C        0.98096904    -1.18120893    -0.19878132
 H        1.38530633    -2.09781236     0.23680813
 H        1.07099478    -1.21108760    -1.30356449
 H       -2.50873667     0.04807268     1.20575180
 H       -2.94357497    -0.87111183    -0.24674333
 H       -2.99078454     0.90538814    -0.27453404
