          17
 (2S,4R)‐2,4‐dimethyl‐1,3‐dioxolane
 O        0.77045976    -1.17272271     0.08533479
 C       -0.64558387    -1.28718612     0.11102816
 C        1.09282016     0.12902042    -0.38614607
 C       -1.15576639     0.08377087    -0.38494152
 H       -0.97809118    -2.11122698    -0.53260562
 H       -0.97368193    -1.49144074     1.13907234
 O       -0.03699147     0.92810127    -0.14106278
 H       -1.34413524     0.03400247    -1.47062536
 C       -2.37960022     0.62530893     0.32991651
 C        2.30233619     0.67371235     0.34165130
 H        1.27842556     0.07507037    -1.47692948
 H        2.09110348     0.73119960     1.41220479
 H        3.15938110     0.01509603     0.18015187
 H        2.54850964     1.67109161    -0.03227308
 H       -2.19140832     0.69490970     1.40548041
 H       -2.63486299     1.62095361    -0.04297157
 H       -3.23958342    -0.03193164     0.16590701
