          19
   1,5-Pentanediol
 C        2.55508433    -0.25547401     0.24338906
 H        2.60446322    -0.37416594     1.33887511
 C        1.27276681    -0.90133484    -0.28940552
 O        2.69673345     1.10668498    -0.12845762
 H        3.42895642    -0.76576695    -0.17560119
 C       -0.00549286    -0.28139185     0.28502234
 H        1.26693929    -0.81431402    -1.38355027
 H        1.30194375    -1.97464576    -0.05565890
 H       -0.04423515     0.78877394     0.04886019
 C       -1.29125565    -0.92714192    -0.24225130
 H        0.01074899    -0.35710151     1.38214148
 H       -1.28790223    -0.90975165    -1.34250198
 H       -1.32931083    -1.98712061     0.04388435
 C       -2.56122909    -0.23727496     0.26183087
 O       -2.62714799     1.13746787    -0.09007091
 H       -3.45020283    -0.78057127    -0.09535129
 H       -2.58932325    -0.25708463     1.35770873
 H        2.01219531     1.61060761     0.32000494
 H       -2.66992991     1.19376127    -1.04954037
