          14
   1,3-Benzenediol
 C        1.20295864     0.29001327    -0.00001788
 C        1.21548126    -1.10844265    -0.00003530
 C       -0.00307231     0.98886007    -0.00000707
 C        0.00600417    -1.79120647     0.00000423
 C       -1.21117632    -1.11138789     0.00003851
 C       -1.20812347     0.28454053     0.00001574
 H       -0.02756508     2.07458375     0.00001260
 O       -2.35403120     1.02162186    -0.00001819
 O        2.40629866     0.92706096     0.00002090
 H        2.16572043    -1.62857581    -0.00006215
 H        0.00722628    -2.87670548    -0.00002944
 H        2.26040532     1.87809176     0.00006160
 H       -2.15124923    -1.65589780     0.00005415
 H       -3.10872668     0.42494020    -0.00005878
