          18
  Ethyl (2E)‐but‐2‐enoate
 O       -1.10259537     0.43343528     0.00093826
 O       -0.05464050    -1.56428618    -0.00028111
 C       -2.36582190    -0.25240670     0.00024983
 C       -3.46017690     0.79917510    -0.00101972
 C       -0.00608613    -0.35549231     0.00041662
 C        1.22544125     0.46520723     0.00065043
 C        2.43055602    -0.10918881    -0.00028041
 C        3.73759347     0.61505265    -0.00050404
 H       -2.42022314    -0.89946492     0.88206632
 H       -2.41883945    -0.90018367    -0.88112182
 H       -3.39038572     1.43621317     0.88537586
 H       -4.44153382     0.31522422    -0.00167165
 H       -3.38885189     1.43555267    -0.88775676
 H        1.09686249     1.54315192     0.00138085
 H        2.46177865    -1.19770594    -0.00106818
 H        3.60581432     1.70034234     0.00029788
 H        4.33395342     0.33783498    -0.87877377
 H        4.33501196     0.33656574     0.87664384
