          20
 Methyl 2,2-dimethylpropanoate
 C       -1.94016042    -1.11801457     0.00091896
 C       -1.01595901     0.10794459    -0.00004863
 C       -1.26034243     0.96209315     1.26271259
 C        0.43848452    -0.37266700    -0.00029631
 C       -1.26110695     0.96131423    -1.26314476
 O        1.30293499     0.66518166    -0.00037503
 C        2.68896444     0.31132616     0.00041329
 O        0.80014479    -1.52294348    -0.00031333
 H        3.23723358     1.25398232     0.00229873
 H        2.93911370    -0.27476846    -0.88795980
 H        2.93733131    -0.27740989     0.88751962
 H       -1.76879740    -1.74108122     0.88246142
 H       -2.98626641    -0.79494111     0.00164678
 H       -1.77034476    -1.74195230    -0.88032152
 H       -0.60592548     1.83518362    -1.28504239
 H       -1.08699967     0.37882350    -2.17399925
 H       -2.30004791     1.30697742    -1.28034841
 H       -1.08826794     0.37926976     2.17376020
 H       -0.60336583     1.83460879     1.28520046
 H       -2.29855478     1.31001205     1.27909902
