          20
        Butyl acetate
 C       -1.93070879     0.09148285    -0.04307939
 O       -0.62374459     0.18765714     0.27235735
 C        0.14973276    -1.02075577     0.13778415
 O       -2.45472378    -0.92688605    -0.41697963
 H       -0.26846683    -1.78336954     0.80289299
 C        1.59316972    -0.69515180     0.48870678
 H        0.05326085    -1.39063060    -0.88902600
 C       -2.62493477     1.42205112     0.13902945
 H       -2.15744170     2.17934186    -0.49694483
 H       -3.67868788     1.31966536    -0.11753017
 H       -2.52320808     1.75985714     1.17437807
 H        2.15460215    -1.63865783     0.49611858
 C        2.25640809     0.29665818    -0.47452887
 H        1.63017672    -0.30226601     1.51280672
 H        2.22070698    -0.11339592    -1.49277414
 H        1.66831609     1.22084134    -0.49454481
 C        3.70665649     0.61148053    -0.09732329
 H        4.32317486    -0.29463141    -0.09646437
 H        4.15669402     1.31917881    -0.80051525
 H        3.76796754     1.05272216     0.90382512
