          20
  2-Methoxyoxane
 C       -1.85016394    -1.02711595    -0.27662519
 C       -2.23430268     0.37624322     0.21472781
 C       -0.41920490    -1.37532213     0.16131031
 H       -1.91274948    -1.05544138    -1.37342136
 H       -2.55581272    -1.77747596     0.09460822
 C        0.54050537    -0.26078386    -0.24399238
 H       -0.08471452    -2.31958913    -0.27988108
 H       -0.36105436    -1.47648474     1.25094980
 C       -1.15448841     1.38296513    -0.18950291
 H       -2.32449356     0.37699227     1.30780089
 H       -3.20284054     0.68512870    -0.19535638
 O        0.12097700     0.98778861     0.28640306
 H       -1.34603383     2.37249131     0.23594863
 H       -1.13353492     1.48806550    -1.28918122
 O        1.79989963    -0.55048203     0.25290781
 H        0.57428020    -0.16809476    -1.35183419
 C        2.81485559     0.33759153    -0.17788560
 H        3.75640981    -0.03651821     0.23044586
 H        2.63900996     1.35662451     0.18308055
 H        2.88488454     0.35822246    -1.27648513
