          22
             1,1-Diethoxyethane
 C       -0.23271966     2.24289698    -0.15882168
 C        0.01798244     0.80809408     0.28528570
 O        1.29205736     0.45545651    -0.14134352
 O       -0.91456222    -0.09052083    -0.29160109
 C        1.74887998    -0.80546877     0.32686313
 C        3.16862684    -1.01008038    -0.17486494
 C       -2.12866011    -0.24051931     0.41565053
 C       -2.94199693    -1.33544102    -0.25719670
 H        0.50022974     2.91443100     0.29592291
 H       -1.23429490     2.56953172     0.13401178
 H       -0.14332162     2.30211912    -1.24646259
 H       -0.05414011     0.71962293     1.38890953
 H        1.08601244    -1.60142255    -0.03430242
 H        1.71963465    -0.82322285     1.42954978
 H        3.19332926    -0.99585146    -1.26825049
 H        3.55792565    -1.97351949     0.16839808
 H        3.82724055    -0.21763516     0.19244964
 H       -1.92611047    -0.50140984     1.46835361
 H       -2.69941550     0.70235930     0.42266406
 H       -3.15242189    -1.07120723    -1.29737635
 H       -3.89306631    -1.47997935     0.26443079
 H       -2.39234076    -2.28110537    -0.24944795
