          15
 2-Hydroxy-2,4,6-cycloheptatriene-1-one
 C       -0.36585878     1.58823451     0.00010464
 C       -1.69215148     1.23920385     0.00009885
 C       -2.30428831    -0.03389478    -0.00003975
 C       -1.68493735    -1.26169537    -0.00009655
 C       -0.31141975    -1.57250424    -0.00001652
 C        0.76651956    -0.71908441     0.00001930
 C        0.80942894     0.76665560    -0.00004524
 O        1.99270276    -1.22265468     0.00013326
 O        1.95733055     1.24691359    -0.00016464
 H        2.55444177    -0.40215256     0.00009674
 H       -0.04992359    -2.62730584     0.00001082
 H       -3.39022145    -0.03702265    -0.00009057
 H       -2.34383422    -2.12679457    -0.00018548
 H       -0.12728500     2.64846574     0.00018506
 H       -2.38615123     2.07746822     0.00018692
