          15
          (2E)-3-(furan-2-yl)prop-2-enal 
 O       -1.75034022     1.06379365    -0.00000001
 C       -0.80043438     0.07474309    -0.00000000
 C       -2.95853364     0.46554807    -0.00000001
 C       -2.82607697    -0.89306279     0.00000000
 C       -1.42772254    -1.14915082     0.00000000
 H       -0.94042353    -2.11186118     0.00000001
 H       -3.81150245     1.12532375    -0.00000001
 H       -3.62620779    -1.61659096     0.00000000
 C        0.56325258     0.51089190     0.00000001
 C        1.66334820    -0.27012429     0.00000002
 H        0.69362627     1.59239610     0.00000002
 C        2.99870861     0.32441133     0.00000002
 H        1.60992806    -1.35513929     0.00000002
 O        4.03532738    -0.30268034    -0.00000003
 H        2.99998717     1.44010343     0.00000006
