          21
   Ethyl pentenoate
 O        1.44116558     0.77022707    -0.35522122
 C        0.54724544    -0.22688195    -0.20207806
 C        2.82590272     0.38506658    -0.46998438
 O        0.84054173    -1.39635026    -0.16037220
 C       -0.85861037     0.33160343    -0.09686137
 C        3.47059388     0.20660139     0.89729446
 C       -1.91290326    -0.76137788     0.05787452
 C       -3.33158526    -0.27592043     0.17181423
 C       -3.75688127     0.98488660     0.15212942
 H        2.88902890    -0.53535963    -1.05554919
 H        3.29236705     1.20199475    -1.02636085
 H       -0.87933418     1.02898614     0.74909222
 H       -1.04459779     0.94441500    -0.98669413
 H        3.01157235    -0.62857759     1.43154459
 H        3.36509909     1.11441108     1.49858624
 H        4.53817792    -0.00566175     0.77936539
 H       -1.83742822    -1.45810023    -0.78742805
 H       -1.67038843    -1.37522162     0.93533296
 H       -4.06832302    -1.07137910     0.28159109
 H       -4.81118818     1.22431556     0.24279804
 H       -3.08349397     1.82946024     0.04581975
