          21
 Ethyl (2E)-2-pentenoate
 O        1.61292256    -0.43540258     0.02188388
 O        0.60336975     1.58195096     0.01276715
 C       -3.21614247    -0.51322978     0.45358122
 C       -1.89745525     0.18064422     0.30976853
 C        2.88255326     0.22234397    -0.12416975
 C       -4.17505077    -0.19228233    -0.70739885
 C       -0.70635479    -0.41710079     0.22923572
 C        3.95447441    -0.85126324    -0.16721404
 C        0.53424949     0.37596346     0.07870271
 H       -3.06533942    -1.59572465     0.53052018
 H       -3.68395926    -0.19011764     1.39432624
 H       -1.91361969     1.26902656     0.25413414
 H        2.86872219     0.82446650    -1.03879527
 H        3.02555908     0.91094748     0.71525020
 H       -3.76340442    -0.53546771    -1.66133702
 H       -5.14230462    -0.68091186    -0.55696190
 H       -4.35030857     0.88555215    -0.78744684
 H       -0.59581157    -1.49627454     0.27275229
 H        3.79401424    -1.52920465    -1.01043889
 H        4.94005271    -0.38921777    -0.27867356
 H        3.95251902    -1.44184279     0.75342947
