          17
 Trimethoxymethane
 C        0.00060412     0.33561077    -0.29166042
 O        1.09596532     0.68987121     0.48155632
 C        2.32414926     0.63193023    -0.21949409
 O        0.00028323    -1.01858631    -0.65430964
 C       -0.00379200    -1.92690969     0.44333905
 O       -1.09455938     0.69051798     0.48149586
 H        0.00068336     0.86790168    -1.26070776
 C       -2.32248920     0.63559683    -0.22025178
 H        0.00253631    -2.92885181     0.00951620
 H       -0.89777301    -1.80197300     1.06376012
 H        0.88086553    -1.79577193     1.07569767
 H        3.10034153     0.94431950     0.48183824
 H        2.32526346     1.31599732    -1.08118114
 H        2.54248552    -0.38111546    -0.57838702
 H       -2.32229951     1.32129721    -1.08063370
 H       -3.09860368     0.94769204     0.48129815
 H       -2.54211627    -0.37646281    -0.58119287
