          18
        1,3,6-Trioxacyclooctane
 C        1.79539617    -0.40560698    -0.07900685
 C        0.72799666    -1.47142497    -0.32429113
 O        1.37273427     0.92108296    -0.31263278
 O       -0.32450547    -1.34832004     0.62877291
 C        0.42488382     1.42903877     0.60821672
 C       -1.53492040    -0.85712084     0.11192703
 C       -0.99154073     1.47397644     0.01303697
 O       -1.39986875     0.29574531    -0.66002172
 H        2.16626440    -0.51323103     0.95316840
 H        2.63666635    -0.57975558    -0.76006316
 H        0.34196111    -1.38716109    -1.34595654
 H        1.18196589    -2.46342000    -0.19742080
 H        0.43836881     0.84919736     1.53737388
 H        0.71349823     2.46196847     0.85017423
 H       -2.00361240    -1.58983252    -0.56105044
 H       -2.17393317    -0.69166306     0.99251405
 H       -1.70519425     1.73537212     0.81291853
 H       -1.03769331     2.25477814    -0.75187399
