          12
         2-Methylpropanenitrile
 C        1.12809457     1.27890419    -0.15529970
 C        0.46735173    -0.00000183     0.39497566
 C       -0.97171736     0.00001498     0.10175458
 N       -2.10231359    -0.00000210    -0.14014756
 H        0.56412036     0.00000205     1.48829358
 C        1.12808263    -1.27892063    -0.15529922
 H        1.04539161    -1.31829014    -1.24527025
 H        0.65924790    -2.17617462     0.25609999
 H        2.18914217    -1.28791657     0.11052871
 H        1.04596629     1.31801521    -1.24533275
 H        2.18900456     1.28826479     0.11109959
 H        0.65883867     2.17616774     0.25560745
