          17
  Cyclopentylamine
 C        0.76095431    -0.00075553    -0.36430504
 C       -0.04719137    -1.19562938     0.16246526
 C       -0.04666124     1.19664576     0.15800792
 C       -1.52222317    -0.78062319    -0.03141248
 H        0.19033069    -1.31685840     1.22597245
 H        0.20038472    -2.13752393    -0.33847422
 C       -1.52327410     0.78015457    -0.02542109
 H       -2.16491586    -1.19877843     0.74818396
 H       -1.90591653    -1.15656668    -0.98531693
 H       -2.15794461     1.19051579     0.76483502
 H       -1.91851615     1.16344640    -0.97155624
 H        0.19791279     2.13530679    -0.35036404
 H        0.19622608     1.32528077     1.21938585
 N        2.13846463     0.00014274     0.13051852
 H        0.69993861    -0.00313140    -1.46928295
 H        2.63446027    -0.81135648    -0.22756118
 H        2.63462716     0.81015605    -0.23068208
