          17
           2,3-Dimethylpyridine
 C       -1.87492680    -0.71405192    -0.00020970
 C       -0.67112670    -1.41249756    -0.00022070
 C       -1.82121367     0.67405742     0.00017884
 N       -0.67810371     1.36396792     0.00024099
 C        0.47743841     0.69022609     0.00010876
 C        0.53686774    -0.71901741     0.00004660
 C        1.73580941     1.52187315    -0.00037208
 C        1.85600281    -1.44899238     0.00027050
 H       -2.82776628    -1.23236860    -0.00048189
 H       -0.66626392    -2.49932435    -0.00051360
 H       -2.73567085     1.26400350     0.00036186
 H        1.46916296     2.57930758    -0.00446818
 H        2.35836867     1.31033416    -0.87814421
 H        2.35510374     1.31684338     0.88132611
 H        1.70532593    -2.53185661     0.00240142
 H        2.46049156    -1.19266398     0.87836181
 H        2.45906313    -1.19609843    -0.87983685
