          17
           2,4-Dimethylpyridine
 C       -1.24901561     0.27315198     0.00909453
 C       -1.15245582    -1.11937396     0.00650785
 C       -0.05168200     0.99046964     0.00805950
 C        1.17293599     0.31823559    -0.00080200
 N        1.25231766    -1.02015345    -0.00615626
 C        0.10918823    -1.70623619    -0.00213952
 H        0.20385677    -2.79093284    -0.00276086
 H       -2.04360369    -1.73955740     0.01343738
 C       -2.58531272     0.97091396    -0.00860572
 C        2.48278226     1.06545243    -0.00132025
 H        3.07381259     0.79520667    -0.88238512
 H        2.33365844     2.14816232     0.00150440
 H        3.07738473     0.79113729     0.87608894
 H       -0.06916076     2.07659045     0.01634403
 H       -2.51235447     1.98536427     0.39299537
 H       -2.96982466     1.04991986    -1.03283077
 H       -3.32983632     0.42093866     0.57461709
