          17
           2,5-Dimethylpyridine
 C        2.90773633     0.07326206     0.00015701
 C        1.40233990    -0.00277637    -0.00000721
 C        0.61108656     1.14926628    -0.00008485
 N       -0.72126047     1.15826922    -0.00010294
 C       -1.36465550    -0.01607991    -0.00008677
 C       -0.67028220    -1.22977556    -0.00010609
 C       -2.87145159     0.03910210     0.00018500
 C        0.71883923    -1.22009494    -0.00004186
 H        3.25015619     1.11182194    -0.00425543
 H        3.33417390    -0.41510488     0.88378609
 H        3.33470172    -0.42293621    -0.87880157
 H        1.09254350     2.12724316    -0.00026384
 H       -1.21568887    -2.16811435    -0.00024190
 H       -3.23354222     0.58563854    -0.87666752
 H       -3.31372112    -0.96042207    -0.00428819
 H       -3.23364271     0.57746764     0.88210839
 H        1.27145494    -2.15628948    -0.00012711
