          17
           3,4-Dimethylpyridine
 C       -0.64604389    -1.39346476    -0.00018366
 C        0.56648333    -0.70471488    -0.00007064
 C       -1.84426651    -0.68497751    -0.00007447
 N       -1.90755964     0.64685939     0.00012652
 C       -0.74473370     1.30175795     0.00013203
 C        0.51596744     0.70063318     0.00002764
 C        1.76508411     1.54334511    -0.00017935
 C        1.88066461    -1.44182543     0.00020096
 H       -0.65779998    -2.47945796    -0.00036371
 H       -2.79483840    -1.21482784    -0.00014138
 H       -0.81153898     2.38950118     0.00021906
 H        2.38864223     1.34523463     0.87991560
 H        1.51779066     2.60820215    -0.00095945
 H        2.38897780     1.34391676    -0.87971638
 H        1.72783328    -2.52375579    -0.00097532
 H        2.48238941    -1.18527088     0.88006983
 H        2.48404968    -1.18355663    -0.87805006
