          17
           3,5-Dimethylpyridine
 C        0.00000620     1.00873506    -0.00000314
 C       -1.21128466     0.31672628    -0.00001457
 C        1.21128776     0.31669279     0.00000400
 C        1.13947777    -1.07959027    -0.00001546
 N        0.00000232    -1.77135490    -0.00000106
 C       -1.13945235    -1.07956925     0.00001861
 C        2.53724268     1.03477428     0.00000969
 C       -2.53726961     1.03473438    -0.00000337
 H       -2.05765156    -1.66587521     0.00008150
 H        2.05765774    -1.66593047    -0.00004737
 H        3.36999083     0.32622271     0.00048511
 H        2.64398004     1.67757503     0.88107378
 H        2.64437339     1.67682681    -0.88155373
 H        0.00006009     2.09713094     0.00003272
 H       -3.36996469     0.32611369    -0.00003744
 H       -2.64428564     1.67719507    -0.88128920
 H       -2.64428518     1.67713906     0.88131975
