          21
      1-Azabicyclo[2.2.2]octane
 C        0.78086255    -0.71711251    -1.25534341
 C        1.31131123     0.00044754     0.00115863
 C        0.77846323    -0.72899223     1.24987605
 C        0.77897484     1.44673356     0.00740426
 C       -0.78061968    -0.68572418    -1.20330792
 C       -0.78285778    -0.69892008     1.19429252
 C       -0.78243168     1.38400447     0.00708584
 N       -1.27156073    -0.00040561    -0.00115072
 H        1.15393704    -0.21983673    -2.15793910
 H        1.15240202    -1.74778753    -1.28416945
 H        2.40590511     0.00079970     0.00210909
 H        1.15108535    -1.75947854     1.27057087
 H        1.14875295    -0.23926011     2.15775523
 H        1.15059435     1.98015715     0.88974575
 H        1.15058071     1.98748611    -0.87046012
 H       -1.19382269    -1.70023714    -1.20598754
 H       -1.19205742    -0.16964373    -2.07759448
 H       -1.19484209    -1.71389771     1.18426804
 H       -1.19711895    -0.19351518     2.07345812
 H       -1.19551302     1.89316261    -0.87046178
 H       -1.19537362     1.88248842     0.89081088
