          12
          1,1-Dimethylhydrazine
 C       -1.37073401    -0.24931653    -0.08572130
 N       -0.00626473    -0.01330891     0.35423911
 C        0.90389114    -1.05666283    -0.09033467
 N        0.39438837     1.28675247    -0.07709515
 H       -2.00906236     0.55303337     0.28866242
 H       -1.72168085    -1.20529723     0.31577484
 H       -1.46887544    -0.28491723    -1.18833377
 H        1.90482259    -0.86726476     0.31071149
 H        0.56570299    -2.02978326     0.28073068
 H        0.97952878    -1.11629244    -1.19490616
 H        1.19706600     1.55754747     0.48410612
 H        0.71839141     1.24939134    -1.05120292
