19
1,5-Dimethylcyclopent-1-ene
 C        0.21778714     0.77558939     0.40437058
 C       -1.26983738     0.98538218     0.01842548
 C        0.45835116    -0.68544248     0.04343253
 C       -1.89862443    -0.42870480    -0.02516873
 C       -0.69273317    -1.32160080    -0.18763540
 C        1.16751497     1.77681362    -0.26490692
 C        1.83078363    -1.28621731     0.03880134
 H        0.33921212     0.88229683     1.49509445
 H       -1.79012644     1.66726003     0.69718761
 H       -1.31322919     1.43159472    -0.98206688
 H       -2.43534343    -0.66585347     0.90538758
 H       -2.63067216    -0.53788865    -0.83409778
 H       -0.77435545    -2.37966984    -0.41885665
 H        0.89821318     2.80453867     0.00159838
 H        2.20716794     1.61905010     0.04055464
 H        1.11962762     1.69102331    -1.35669186
 H        1.79916432    -2.35564231    -0.18754348
 H        2.48286571    -0.80331148    -0.69941875
 H        2.32116129    -1.16040662     1.01357319
