          20
       1,1,4,4-Tetramethyl-2-tetrazene
 N       -0.42442109    -0.46118790     0.16409170
 N        0.42442099     0.46118782     0.16409155
 N       -1.72133036    -0.01862717     0.25028615
 N        1.72133029     0.01862715     0.25028592
 C       -2.63780881    -0.96741552    -0.35434388
 C       -1.99035245     1.38810213     0.00922091
 C        2.63780885     0.96741562    -0.35434374
 C        1.99035256    -1.38810215     0.00922093
 H       -2.32826932    -1.97544231    -0.07229177
 H       -2.65847563    -0.90489344    -1.45542902
 H       -3.64856829    -0.78530555     0.02203778
 H       -1.44492749     2.00005460     0.73004769
 H       -3.06346005     1.55509303     0.12782220
 H       -1.68241161     1.70569452    -1.00036677
 H        2.32826856     1.97544238    -0.07229243
 H        2.65847672     0.90489298    -1.45542882
 H        3.64856809     0.78530639     0.02203896
 H        1.44492752    -2.00005456     0.73004768
 H        3.06346015    -1.55509293     0.12782242
 H        1.68241194    -1.70569467    -1.00036678
