          11
 5-Methylisoxazole
 C       -0.16720821     1.19438429    -0.00000483
 C       -1.45476573     0.59434594     0.00000505
 N       -1.39314171    -0.71335688     0.00000333
 H       -2.42510297     1.07200826     0.00000485
 O       -0.03193095    -1.01195524    -0.00000897
 C        0.68091586     0.12815582     0.00001056
 H        0.08597298     2.24162706    -0.00003652
 C        2.16364967    -0.00370316     0.00000164
 H        2.50772731    -0.55313188    -0.88246460
 H        2.62981903     0.98331562    -0.00084822
 H        2.50792927    -0.55168878     0.88329278
