          12
       2-Pyridinol
 C        1.22300214    -1.16744443     0.00002051
 C        1.84374365     0.08517267     0.00002096
 C        1.03266409     1.21155421    -0.00003169
 N       -0.30501421     1.16023822     0.00001971
 C       -0.87381417    -0.03935145    -0.00000855
 C       -0.15984049    -1.24479314    -0.00002299
 O       -2.22197971    -0.08400472     0.00001185
 H        1.81686715    -2.07613822    -0.00001487
 H        2.92292500     0.18218254     0.00002391
 H        1.46773444     2.20843490    -0.00009267
 H       -0.69198079    -2.18819640    -0.00011356
 H       -2.51658947     0.83693194    -0.00000562
