          14
          3,5-Dimethylisoxazole
 C        2.57556385     0.45686062     0.00003809
 C        1.11470366     0.13474596    -0.00001466
 C        0.00346383     1.02989013    -0.00004535
 N        0.71731697    -1.11579024     0.00000256
 C       -1.08247983     0.21097339    -0.00003339
 C       -2.55132337     0.45370220     0.00004607
 O       -0.67753535    -1.07079500    -0.00001416
 H        3.16159355    -0.46420333     0.00087905
 H        2.84743820     1.04474432    -0.88298430
 H        2.84699331     1.04614669     0.88225374
 H        0.01724245     2.10788014    -0.00005633
 H       -3.02183954     0.00796480    -0.88262758
 H       -3.02167731     0.00805276     0.88284769
 H       -2.75698096     1.52579148    -0.00001314
