          16
            2-Ethyl-2-oxazoline
 C        1.92978634     0.56918018     0.26046465
 N        0.61969373     1.20707642     0.06876621
 C       -0.20165876     0.27752272    -0.20809268
 C        1.66407298    -0.94558027     0.05338127
 O        0.25751633    -1.00652968    -0.26122009
 C       -1.66320079     0.43530292    -0.48464722
 H        2.65033022     0.97109966    -0.46058351
 H        2.31443118     0.79428790     1.26113089
 H        2.22229711    -1.38031715    -0.78093867
 H        1.84322515    -1.54782468     0.94938215
 H       -1.88323922     1.50479531    -0.48388761
 H       -1.86558598     0.05062517    -1.49176189
 C       -2.54226809    -0.31111180     0.53271101
 H       -2.38242068     0.07510215     1.54405057
 H       -3.60033360    -0.18677148     0.28558572
 H       -2.31245191    -1.37958408     0.53583235
