          15
     2-Methyl-4-hydroxypyridine
 C        1.21347964    -0.28413959     0.00000862
 C        1.16066093     1.10965170    -0.00005799
 C        0.01433564    -0.99802116     0.00010222
 C       -0.09481855     1.71026707    -0.00001701
 N       -1.24866944     1.04558182     0.00006278
 C       -1.18957576    -0.29700702     0.00009327
 O        2.37234881    -0.98530401    -0.00002165
 H        0.03822222    -2.08175239     0.00013815
 C       -2.51260693    -1.01976879    -0.00009096
 H        2.06585282     1.71023407    -0.00013389
 H       -0.16728115     2.79656981    -0.00002067
 H       -2.38459792    -2.10491570     0.00318245
 H       -3.10051951    -0.73161764     0.87725079
 H       -3.09751705    -0.73688201    -0.88120407
 H        3.11548330    -0.37301675    -0.00019581
