          15
     2-Methyl-5-hydroxypyridine
 C       -2.89004634     0.03801092     0.00003194
 C       -1.38317994    -0.01979747    -0.00006594
 C       -0.68892873    -1.23058379    -0.00003029
 C        0.70294886    -1.22852391     0.00003519
 C        1.36694111    -0.00580095     0.00003647
 O        2.72106850     0.12726153     0.00000336
 C        0.59239711     1.16049698     0.00001974
 N       -0.73496487     1.15516230    -0.00003271
 H       -3.33208696    -0.96177492    -0.00276325
 H       -3.25447058     0.57624536     0.88122006
 H       -3.25426972     0.58127112    -0.87810636
 H       -1.23116289    -2.17057788    -0.00003506
 H        1.26095663    -2.16210319    -0.00001985
 H        3.12814807    -0.74469994    -0.00020646
 H        1.09358358     2.12623768    -0.00001065
