          15
     2-Methyl-6-hydroxypyridine
 C        1.17461979     1.15048542     0.00006001
 C       -0.05287726     1.81796642    -0.00001775
 C        1.17984972    -0.24213800     0.00006515
 C       -1.23063911     1.09104548    -0.00005352
 N        0.04046098    -0.95516892     0.00004735
 C       -1.11410782    -0.30477495    -0.00001317
 H       -2.20849417     1.55608256    -0.00010260
 O       -2.24043797    -1.04877087     0.00000372
 H        2.10845731     1.70066845     0.00009267
 H       -0.08429827     2.90323051    -0.00003429
 C        2.45995903    -1.03624189    -0.00006265
 H       -1.94609594    -1.96976792     0.00004711
 H        3.33785321    -0.38592714     0.00187443
 H        2.50476107    -1.68827445     0.87850841
 H        2.50649808    -1.68520209    -0.88084149
