          10
           Glycine
 N       -2.00726941    -0.00803502     0.00040204
 C       -0.77108147     0.75023609    -0.00076932
 C        0.50452934    -0.08628285    -0.00007552
 O        1.60805900     0.69345495     0.00042250
 O        0.54697424    -1.28952974    -0.00019992
 H       -2.01765462    -0.62950106    -0.80333179
 H       -2.01868988    -0.62555640     0.80715704
 H       -0.73580358     1.41424231     0.87132756
 H       -0.73606739     1.41178714    -0.87477765
 H        2.36978618     0.09522019     0.00056555
