          16
     1-Nitrobutane
 C        0.31751098    -0.58322876    -0.45173568
 N        1.63236775     0.02455711    -0.02439730
 C       -0.86733397     0.14743355     0.17266871
 O        2.48126600    -0.73095351     0.42001398
 O        1.75696548     1.23109110    -0.16451529
 C       -2.20474034    -0.43373861    -0.30351282
 C       -3.40712728     0.28395875     0.31710442
 H        0.30484393    -0.49766879    -1.54254546
 H        0.37370384    -1.63380102    -0.16773545
 H       -0.79951917     0.07767913     1.26537193
 H       -0.79837612     1.20825995    -0.08579382
 H       -2.26049924    -0.36656607    -1.39793911
 H       -2.24892913    -1.50310952    -0.05960574
 H       -4.34901078    -0.14396757    -0.03881579
 H       -3.39497939     0.20354780     1.40943458
 H       -3.40543022     1.34922536     0.06263730
