          13
      5‐Methyl‐1,2‐oxazol‐3‐amine
 O       -0.68248007    -1.07573006    -0.00060992
 C       -1.08392363     0.20404800     0.00237225
 N        0.72047169    -1.12484958     0.01316243
 C        1.10664389     0.13263064     0.00679321
 C       -0.00461255     1.03065101     0.00702381
 N        2.44969316     0.46596559    -0.06318339
 H        0.00753830     2.10837416    -0.00459094
 C       -2.55264314     0.44850858    -0.00596958
 H       -2.75841952     1.52057225    -0.00789949
 H       -3.01703173     0.00200976    -0.89141681
 H       -3.02817798     0.00275010     0.87401579
 H        2.70138669     1.28773886     0.46651222
 H        3.05708084    -0.31496844     0.14638072
