          13
   Dimethylfurazan
 O        1.70264543    -0.00010420    -0.00000188
 N        0.93102420     1.12732791     0.00002270
 N        0.93087557    -1.12743098    -0.00002410
 C       -0.30823394     0.71714286     0.00001981
 C       -0.30832877    -0.71708436    -0.00000392
 C       -1.46693001     1.65828064    -0.00002107
 C       -1.46712091    -1.65811788     0.00001041
 H       -1.11257028     2.69035676    -0.00007978
 H       -2.09744759     1.50508557    -0.88243708
 H       -2.09744699     1.50520180     0.88242114
 H       -1.11278426    -2.69020444    -0.00113378
 H       -2.09699235    -1.50578587     0.88305733
 H       -2.09824874    -1.50420250    -0.88184075
