          16
 Dimethyl‐1,2‐oxazol‐5‐amine
 C        1.10135493    -0.22579813    -0.00452705
 C        0.02541718     0.71273188    -0.00661115
 N        0.68979269    -1.47214384     0.00199938
 C        2.56871675     0.06534280    -0.00023309
 C       -1.07537119    -0.10115971    -0.00552391
 C        0.08191518     2.20878637     0.00394784
 O       -0.72046185    -1.39047760    -0.00284923
 N       -2.42852013     0.15840219     0.05347619
 H        3.13459246    -0.86783212     0.02802032
 H        2.86231290     0.62675854    -0.89400588
 H        2.84686404     0.66986839     0.87023009
 H        0.87257242     2.57302010     0.66887647
 H        0.27739339     2.63481038    -0.98886546
 H       -0.85904864     2.63738248     0.36517021
 H       -2.71280314     1.00753272    -0.41181137
 H       -3.00181221    -0.63113134    -0.20902700
