          13
           2,1,3-Benzoxadiazole
 C       -2.13755635    -0.71943305     0.00043291
 C       -2.13755632     0.71941752    -0.00032766
 C       -0.98359129    -1.44992422     0.00031733
 C       -0.98361200     1.44993037    -0.00038725
 C        0.23661572    -0.71753230    -0.00037908
 C        0.23662171     0.71755486     0.00023814
 N        1.48859045    -1.13726901    -0.00065324
 N        1.48860549     1.13726444     0.00068242
 H       -3.09502958     1.22996715    -0.00098388
 H       -0.97897562     2.53307255    -0.00107062
 H       -3.09503020    -1.22997691     0.00109916
 H       -0.97895634    -2.53306649     0.00095761
 O        2.23513916    -0.00000564     0.00005354
