          19
 1-Nitropiperidine
 C        2.32525042    -0.00041757     0.42962113
 C        1.45801667     1.26914393     0.41971675
 C        1.45713337    -1.26934294     0.41950696
 H        2.98722248    -0.00062197     1.30182924
 H        2.97520497    -0.00040480    -0.45684197
 C        0.45299238    -1.23647591    -0.74226478
 H        0.90106628    -1.35443799     1.36114064
 H        2.08058569    -2.16602139     0.33367831
 C        0.45298233     1.23714744    -0.74150845
 H        2.08187840     2.16549874     0.33337985
 H        0.90251954     1.35505879     1.36164307
 N       -0.33445012     0.00035622    -0.72675135
 H        0.97866069     1.24874457    -1.70351299
 H       -0.23353506     2.08020737    -0.71653734
 H       -0.23347977    -2.07959541    -0.71868793
 H        0.97961428    -1.24718797    -1.70377636
 N       -1.46791096    -0.00001954     0.07935997
 O       -1.93987343     1.08821986     0.38312868
 O       -1.93903103    -1.08863396     0.38318081
