          12
  4,5-Dihydro-3-nitro-isoxazole
 C       -0.81995301    -1.25976790    -0.00023445
 C       -2.21971981    -0.62199514    -0.00003693
 C       -0.00171994    -0.00346925    -0.00002803
 H       -0.61488643    -1.87283321    -0.88138218
 H       -0.61482667    -1.87315486     0.88066584
 N       -0.65515818     1.09317341     0.00015864
 O       -1.98611878     0.82909681     0.00010100
 H       -2.80684826    -0.85329571     0.89149486
 H       -2.80701085    -0.85309527    -0.89150432
 N        1.45002979     0.00708678     0.00000032
 O        1.96682886    -1.10817894     0.00025794
 O        2.03638334     1.07376233    -0.00022774
