          15
             1,1-Dinitropropane
 C        2.23691628     1.58526778     0.16805703
 C        0.74568248     1.50455692    -0.18068017
 H        2.66961639     2.48439509    -0.27722455
 H        2.79283931     0.72368226    -0.21235786
 H        2.39372817     1.63585871     1.25020301
 C        0.06883274     0.29847547     0.44293723
 H        0.59350621     1.45799583    -1.26256165
 H        0.21485719     2.38868483     0.18068005
 N       -1.43221698     0.23423064     0.16355416
 N        0.65423410    -0.98769266    -0.10695090
 H        0.17165519     0.23655050     1.52608500
 O        0.42584584    -1.22759692    -1.27777434
 O        1.34764445    -1.63632631     0.65384879
 O       -1.97587142    -0.81115634     0.46322111
 O       -1.96258380     1.23018382    -0.28760358
