          12
      2,2,3,3,3-Pentafluoro-1-propanol
 C       -0.84379917    -0.32158200     0.01288579
 C        0.41149919     0.57783290     0.02357182
 F       -0.64112040    -1.41564980    -0.71573678
 F       -1.14589124    -0.68474452     1.26316706
 F       -1.87821327     0.34431896    -0.49751174
 C        1.64127836    -0.01295628     0.70936554
 F        0.71355329     0.85171568    -1.27438670
 F        0.06944812     1.73290711     0.63472629
 O        2.13426376    -1.14125521     0.03815284
 H        2.37458383     0.80490390     0.78127385
 H        1.36978849    -0.32154715     1.72170703
 H        2.32067596    -0.88653618    -0.87173066
