          22
       2,2-Difluorobiphenyl
 C        0.73652285    -0.08652933     0.15603754
 C        1.34664252    -1.27532779     0.58794567
 C        1.59571181     0.93591344    -0.26574564
 C       -0.73647904     0.08641475     0.15605748
 C        2.72905960    -1.42397437     0.60225897
 H        0.71699318    -2.09110894     0.92061292
 C        2.97707433     0.80878369    -0.26392887
 C        3.54879584    -0.38130467     0.17512964
 H        4.62815462    -0.49027975     0.18233984
 H        3.57732340     1.64262201    -0.60976116
 H        3.16517191    -2.35482803     0.94849539
 F        1.07648629     2.09344166    -0.70291793
 C       -1.34650568     1.27528300     0.58792633
 C       -1.59575770    -0.93595944    -0.26568030
 C       -2.72890161     1.42406106     0.60226096
 C       -2.97711450    -0.80869985    -0.26384062
 C       -3.54873398     0.38144547     0.17518013
 H       -0.71672386     2.09103468     0.92040745
 H       -3.16492415     2.35497962     0.94843544
 F       -1.07671032    -2.09353273    -0.70293779
 H       -4.62808264     0.49052400     0.18235812
 H       -3.57743335    -1.64248844    -0.60966979
