          22
       4,4-Difluorobiphenyl
 C        1.46492183    -1.13639372     0.39145693
 C        2.85576584    -1.14525097     0.39323717
 C        0.74126567    -0.00000126    -0.00009121
 C        3.53496092     0.00002249     0.00002142
 C        2.85581037     1.14527805    -0.39328093
 F        4.87221583    -0.00002559     0.00011330
 C        1.46496196     1.13637252    -0.39162004
 C       -0.74127337     0.00001451    -0.00002887
 C       -1.46494928    -1.13638401    -0.39152702
 C       -2.85579227    -1.14529380    -0.39323295
 C       -3.53495643    -0.00001841     0.00002144
 C       -2.85577981     1.14524455     0.39327818
 F       -4.87221381     0.00003695     0.00003065
 C       -1.46493970     1.13639454     0.39154531
 H        0.93134944    -2.02056253     0.72410115
 H        3.41700688    -2.01926933     0.70366026
 H        3.41701451     2.01933145    -0.70366957
 H        0.93143285     2.02055800    -0.72429053
 H       -0.93138737    -2.02056327    -0.72418196
 H       -3.41700938    -2.01932896    -0.70364150
 H       -3.41702150     2.01925243     0.70371485
 H       -0.93137256     2.02055268     0.72421973
