          11
            1-Chloropropane
 C        0.02469381    -0.91069448     0.31296719
 H        0.39504812    -1.87739955    -0.02980080
 H       -0.06648761    -0.92734447     1.40086512
 C       -1.28940554    -0.53869545    -0.36120273
Cl        1.35088508     0.27684491    -0.05309068
 H       -1.97759750    -1.37756495    -0.18654857
 H       -1.13243308    -0.48390038    -1.44405609
 C       -1.91499975     0.75964308     0.15293854
 H       -2.10697324     0.70545377     1.23037891
 H       -2.86799051     0.95522301    -0.34727858
 H       -1.25536368     1.61245439    -0.02813824
