          17
    2-Chloro-2-methylbutane
 H       -3.14532726     0.67714276     0.61502795
 C       -2.23742335     0.59819485     0.00936890
 C       -1.23623159    -0.33959872     0.68819433
 H       -1.82062632     1.60202051    -0.10716292
 H       -2.53427889     0.23528008    -0.97915379
 C        0.12599505    -0.51468494    -0.00315633
 H       -1.67433755    -1.34469443     0.76730884
 H       -1.05361379    -0.00154396     1.71398527
 C        1.01099284    -1.47350730     0.79333768
Cl        0.98839600     1.12838116     0.00569561
 C        0.01084452    -0.95255635    -1.46258251
 H        1.12219221    -1.13981369     1.82805110
 H        2.00500783    -1.55324672     0.34664187
 H        0.55506569    -2.47079039     0.79941600
 H       -0.52373764    -1.90896988    -1.51347471
 H        1.00091190    -1.08956244    -1.90420571
 H       -0.53276725    -0.22168359    -2.06365439
