22
1,5,5-Trimethylcyclopent-1-ene
 C        1.21704966    -1.15877147    -0.01042733
 C        2.04226096     0.10397908    -0.00271377
 C        0.99797484     1.18825204    -0.36064001
 C       -0.84204809     1.01357913     1.40449569
 C       -0.39322709     0.58260531    -0.00935895
 C       -1.46455064     0.99456055    -1.03216771
 C       -0.09636602    -0.92045819    -0.02521152
 C       -1.18492974    -1.95126990    -0.00091919
 H        1.66059125    -2.14947304     0.03058337
 H        2.87577715     0.07768015    -0.71444749
 H        2.49311594     0.27366042     0.98598893
 H        1.03982388     1.38528163    -1.43745299
 H        1.17493152     2.14081405     0.14848659
 H       -0.07135729     0.78977015     2.14917505
 H       -1.76013341     0.49890240     1.70844300
 H       -1.04246108     2.09075690     1.43523926
 H       -1.56693518     2.08530179    -1.06467403
 H       -2.44704244     0.58113178    -0.77885435
 H       -1.20302145     0.65220610    -2.03922750
 H       -0.77220877    -2.96274673     0.04901241
 H       -1.81915132    -1.89001647    -0.89397819
 H       -1.85014849    -1.81674136     0.86157547
