          12
 1,2,3,5-Tetrachlorobenzene
 C        1.18762412     1.21144224    -0.00000439
 C       -0.20445956     1.20391468    -0.00001210
 C        1.86802306     0.00007016     0.00001864
 C       -0.92490923    -0.00001315     0.00001615
 C        1.18768693    -1.21133992     0.00001902
 C       -0.20438399    -1.20388190     0.00000988
Cl       -1.02878719     2.73171252    -0.00003599
 H        1.72357874     2.15093970    -0.00002511
Cl        3.61092894     0.00007228     0.00001254
Cl       -1.02857668    -2.73177004    -0.00004286
Cl       -2.65137732    -0.00008441     0.00005159
 H        1.72368481    -2.15081028    -0.00002596
