          12
 1,2,4,5-Tetrachlorobenzene
 C       -0.00000807    -1.38941381     0.00000190
 C        1.20904160    -0.69975886    -0.00000820
 C       -1.20905195    -0.69976024     0.00000760
 C        1.20905523     0.69976289    -0.00000834
 C       -1.20903940     0.69976083     0.00000751
 C        0.00000991     1.38941806    -0.00000281
Cl        2.68681425    -1.60786015     0.00000108
 H        0.00000395    -2.47162617     0.00000281
Cl       -2.68684335    -1.60783559    -0.00000153
 H       -0.00000134     2.47163049    -0.00000352
Cl        2.68684228     1.60783897     0.00000178
Cl       -2.68681577     1.60785360    -0.00000051
