          22
       2,2-Dichlorobiphenyl
Cl       -1.15148766     2.00942085    -1.16920994
 C       -1.66889372     0.63512263    -0.21175497
 C       -0.72930039    -0.15184362     0.46668495
 C       -3.03233380     0.35181885    -0.16529133
 C       -1.21356439    -1.24495359     1.19818353
 C        0.72914065     0.15153254     0.46681581
 C       -3.48273147    -0.73793343     0.57210243
 C       -2.57089765    -1.53945517     1.25547605
 C        1.66899328    -0.63520058    -0.21152897
 C        1.21307016     1.24479994     1.19828614
Cl        1.15202569    -2.00962067    -1.16900151
 C        3.03235538    -0.35153840    -0.16496768
 C        2.57031293     1.53971435     1.25560471
 C        3.48242174     0.73840427     0.57234331
 H       -3.72485462     0.98395097    -0.70809438
 H       -0.50002235    -1.86555913     1.72992248
 H       -4.54457375    -0.95784832     0.60869379
 H       -2.91472048    -2.39121782     1.83252890
 H        0.49937900     1.86528707     1.72997172
 H        3.72508292    -0.98357528    -0.70761630
 H        2.91383712     2.39169808     1.83250886
 H        4.54419846     0.95862779     0.60896512
