          11
             1-Bromopropane
 C       -0.66399867    -1.01535611    -0.31265083
 C       -1.91316096    -0.48928862     0.37830154
Br        0.92912574     0.11434215     0.02129199
 H       -0.37865544    -2.00268206     0.04787405
 H       -0.76791426    -1.03858381    -1.39795168
 H       -1.73004615    -0.42313969     1.45623194
 C       -2.42237114     0.84929195    -0.15981842
 H       -2.68629008    -1.25927053     0.24091158
 H       -1.68278157     1.64061846    -0.01098659
 H       -2.63779023     0.78711849    -1.23232467
 H       -3.34364567     1.14548792     0.35020453
