          14
          1,2-Dibromobutane
 C        0.73960452     0.26296999    -1.24226376
 C       -0.64605478     0.65860817    -0.76172858
 H        1.16280608     1.07680520    -1.83490842
 H        0.71614373    -0.64992129    -1.83350553
Br        2.05120948    -0.06507239     0.18705601
Br       -1.54865408    -0.90153388     0.07899008
 C       -0.69926367     1.88358011     0.14589686
 H       -1.24764806     0.82865821    -1.66037056
 H       -0.21322072     1.64746452     1.09664177
 C       -2.10668901     2.43498766     0.38070548
 H       -0.07951031     2.65360297    -0.33617238
 H       -2.73762053     1.70434773     0.89333822
 H       -2.59458679     2.69890494    -0.56424498
 H       -2.06311234     3.33723235     0.99737027
