          14
          2,3-Dibromobutane
 C        0.52712134    -1.89980232    -1.15022798
 C        0.65894112    -0.38564677    -1.10389128
 H        0.05289880    -2.28242830    -0.24489920
 H       -0.09067187    -2.18478717    -2.01083916
 H        1.50773187    -2.36698983    -1.25968392
 C       -0.65884595     0.38551871    -1.10393122
Br        1.83604402     0.12855349     0.41283627
 H        1.21980466    -0.02907705    -1.97273763
 C       -0.52738283     1.89970570    -1.15039256
 H       -1.21962223     0.02866781    -1.97270907
Br       -1.83600560    -0.12851064     0.41287966
 H        0.09045695     2.18482259    -2.01090909
 H       -1.50814105     2.36651939    -1.26009763
 H       -0.05348546     2.28259253    -0.24498976
