          14
       1,2-Dibromo-2-methylpropane
 C        1.61866046     1.99982089     0.71493302
 C        0.69224292     1.02332176    -0.01939874
 H        1.78298467     1.69749492     1.75196770
 H        1.17188016     3.00164604     0.71002538
 H        2.58777886     2.05518546     0.21474182
 C       -0.60625607     0.91469087     0.77753360
Br        1.60127459    -0.76565371     0.00280018
 H       -0.42702231     0.51878984     1.77524021
Br       -2.00341086    -0.22688426     0.00002740
 H       -1.06270264     1.90413394     0.85252232
 C        0.48950581     1.42977212    -1.47488831
 H       -0.01896196     2.40167664    -1.50954944
 H       -0.12155543     0.70411635    -2.01245122
 H        1.45168730     1.52700573    -1.98223555
