          18
     1,2-Dibromocyclohexane
 C       -0.52463637     2.31673747     0.55908770
 C        0.52742958     2.31558539    -0.55979354
 C       -0.42392311     1.05139545     1.42200481
 C        0.42383744     1.05029827    -1.42234815
 C        0.46701134    -0.23814988    -0.60370304
 C       -0.46757658    -0.23749299     0.60403238
Br        2.32580868    -0.55950692     0.09156802
Br       -2.32619048    -0.55901649    -0.09145058
 H       -0.40021018     3.19857726     1.19611379
 H       -1.52865485     2.38146848     0.12316145
 H        0.40486651     3.19762825    -1.19689468
 H        1.53152243     2.37807719    -0.12381962
 H       -1.20848211     1.02634601     2.18273674
 H        0.53661597     1.04743699     1.95411804
 H        1.20726861     1.02387183    -2.18419020
 H       -0.53760512     1.04771230    -1.95284294
 H        0.29949076    -1.11648579    -1.22279800
 H       -0.30042248    -1.11543820     1.22378992
