          21
    1,2-Dibromocycloheptane
 C       -0.41348168     0.13612472     0.92616885
 C       -1.60141668    -0.52275773     1.63995610
 C        0.49267841    -0.86876053     0.21463065
 H        0.17368874     0.67211566     1.66944361
Br       -1.01091082     1.60552876    -0.27475862
 C        0.10874764    -1.38348666    -1.17455759
 H        0.61104910    -1.70633645     0.90599753
Br        2.35272993    -0.15588868     0.11461229
 C       -1.35941980    -1.84017948    -1.36152129
 H        0.78501842    -2.21638484    -1.39091836
 H        0.33161328    -0.60610691    -1.90954481
 C       -2.63999962    -1.27075643     0.79628257
 H       -2.10731843     0.25060411     2.22686249
 H       -1.15827865    -1.21928783     2.36759080
 C       -2.09804782    -2.37772349    -0.12363782
 H       -3.19633018    -0.54897787     0.18650148
 H       -3.36566602    -1.70574788     1.49366611
 H       -1.94388401    -1.00623070    -1.76402350
 H       -1.35516292    -2.61099641    -2.13995084
 H       -2.95166934    -2.97092953    -0.47092013
 H       -1.46345736    -3.07334796     0.44325196
