          15
        (Bromomethyl)benzene
 C        1.47095432     1.20567395     0.29496918
 C        2.75541577     1.20615072    -0.24024998
 C        0.81535342     0.00020158     0.56804401
 C        3.40029252    -0.00022943    -0.50928744
 C        1.47071330    -1.20548679     0.29534416
 C        2.75517472    -1.20639861    -0.23987098
 H        0.96842985     2.14600444     0.50226470
 H        3.25433209     2.14788874    -0.44510626
 H        4.40266398    -0.00039567    -0.92516616
 H        0.96796121    -2.14562444     0.50294952
 H        3.25389244    -2.14830291    -0.44444282
 C       -0.55316507     0.00043468     1.16191916
 H       -0.76032782     0.89292530     1.74888828
Br       -1.98676456    -0.00006328    -0.23670480
 H       -0.76034582    -0.89166167     1.74949150
