          11
 1-Chloro-1,1,3,3,3-pentafluoropropane
 C       -1.56479863    -0.19736769    -0.00003560
 C       -0.17267074    -0.82422814    -0.00011523
 F       -2.48381764    -1.17380923     0.00052930
 F       -1.77558505     0.56021654    -1.08084990
 F       -1.77489990     0.56091661     1.08041351
 C        0.96071053     0.19368794     0.00000690
 H       -0.08185876    -1.45299090    -0.88704148
 H       -0.08192840    -1.45296723     0.88684313
 F        0.91647214     0.97857258    -1.07988913
Cl        2.55382792    -0.66668491    -0.00010129
 F        0.91651615     0.97830653     1.08008409
