          11
 3,3-Dichloro-1,1,1-trifluoropropane
 C       -0.93172505    -0.13111702     0.30447615
 C        0.23574469    -0.70410667    -0.49121131
Cl       -2.41823452    -1.08003699    -0.04777693
Cl       -1.20808292     1.60457603    -0.04318563
 H       -0.76517141    -0.20814509     1.37590974
 C        1.60082861    -0.20112745    -0.03536255
 H        0.11663993    -0.49344754    -1.55591545
 H        0.24173501    -1.78845413    -0.35326652
 F        1.81964409     1.07888045    -0.34294810
 F        2.56453284    -0.92827230    -0.61686972
 F        1.74054690    -0.32940055     1.29581854
