          31
       1-Acetyladamantane
 C       -0.11775060     1.42001729     0.41004080
 C        1.42103433     1.37089031     0.38408906
 C       -0.70687708     0.04299062     0.03317755
 C       -0.20768639    -0.33416782    -1.39256281
 C       -0.18646400    -1.02197701     1.03238601
 C       -2.23998023     0.11479124     0.01069278
 C        1.33335769    -0.38215720    -1.41717321
 C        1.89912801     0.99830545    -1.03278841
 C        1.83047003    -1.43960588    -0.41219113
 C        1.35517632    -1.06551287     1.00568632
 C        1.92028475     0.31550462     1.38992834
 C       -3.02943410    -1.18788975    -0.00806842
 O       -2.81853469     1.17859044     0.00047860
 H       -0.49466682     2.17900781    -0.28190665
 H       -0.47420500     1.70938857     1.40578852
 H        1.81661527     2.35600766     0.65781521
 H       -0.57557239     0.40418975    -2.11549483
 H       -0.61230780    -1.30824212    -1.69396398
 H       -0.58430191    -2.01186964     0.78012263
 H       -0.53764059    -0.78413866     2.04503799
 H        1.66380296    -0.64970575    -2.42793146
 H        1.56846018     1.75617009    -1.75405309
 H        2.99567486     0.97799114    -1.07037668
 H        1.45265186    -2.43247948    -0.68875676
 H        2.92578356    -1.49763396    -0.43865878
 H        1.70260876    -1.81996969     1.72142977
 H        3.01718960     0.28404393     1.39495776
 H        1.60379232     0.58343928     2.40597514
 H       -4.06223864    -0.97234679    -0.28522128
 H       -3.02131637    -1.63603511     0.99225741
 H       -2.60249782    -1.92604127    -0.69291937
