          29
     Adamantane-1-carboxylic acid
 C       -0.17074919     0.70023311    -1.26377943
 C        1.37062722     0.73667454    -1.25984695
 C       -0.68727474    -0.04211961    -0.00038765
 C        1.91936252    -0.70325070    -1.25803080
 C        1.86311645     1.47756655    -0.00101356
 C       -0.11704100    -1.47704835     0.00101718
 C       -0.17147286     0.70249821     1.26203420
 C        1.42249885    -1.43937568     0.00148697
 H       -0.49140824    -2.01747630    -0.87452743
 H       -0.49225266    -2.01568771     0.87728986
 H        3.01614212    -0.68558983    -1.28064109
 H        1.58993254    -1.23382560    -2.16013102
 C        1.91876385    -0.70103768     1.25980805
 C        1.36990264     0.73891164     1.25888135
 H        3.01551281    -0.68338947     1.28268217
 H        1.58905457    -1.22987677     2.16279950
 H        1.49649539     2.51246234    -0.00226295
 H        2.95874566     1.52950245    -0.00059466
 H       -0.55936921     1.72735766    -1.30128691
 H       -0.53858184     0.19358797    -2.16419862
 H        1.80518606    -2.46633451     0.00253037
 H        1.71543263     1.26356643    -2.15713597
 C       -2.21823182    -0.10603552    -0.00047657
 H        1.71416079     1.26753546     2.15535953
 H       -0.53987378     0.19733427     2.16303150
 H       -0.56008386     1.72966361     1.29689799
 O       -2.85608649    -1.12258213     0.00009732
 O       -2.86962643     1.08744790     0.00037482
 H       -2.23642272     1.81404111    -0.00364783
