          36
 N,N-dimethyl-1-adamantylcarboxamide
 C        0.63764451     1.55863819    -0.00506824
 C        2.15376379     1.28971467    -0.00488756
 C       -0.17098029     0.23117495    -0.00001952
 C        2.53870729     0.49175514     1.25409279
 C        2.53732049     0.48339495    -1.25894957
 C        1.76009212    -0.83562371     1.26384999
 C        0.24421254    -0.54812688     1.28007295
 C        2.11593619    -1.65211431     0.00476471
 C        0.24247385    -0.55652326    -1.27534518
 C        1.75837790    -0.84379763    -1.25895112
 C       -1.67524603     0.61840203     0.00042593
 C       -2.55055332    -1.78444929    -0.00049343
 N       -2.66990771    -0.33988728     0.00232645
 C       -4.05439287     0.11388765    -0.00090408
 O       -1.97936509     1.80332685    -0.00035819
 H        0.35458809     2.14955731    -0.88092126
 H        0.35484206     2.15639501     0.86613382
 H        2.68265221     2.25016579    -0.00828975
 H        2.30535978     1.07141005     2.15601871
 H        3.61890507     0.29771735     1.26848146
 H        3.61742598     0.28879994    -1.27287783
 H        2.30382761     1.05703852    -2.16471575
 H        2.01965745    -1.41147430     2.16031067
 H       -0.29596057    -1.49330824     1.38176357
 H       -0.01470281     0.05159369     2.16165997
 H        1.57569879    -2.60826154     0.00814798
 H        3.18621330    -1.89358016     0.00491010
 H       -0.01731947     0.03728614    -2.16072938
 H       -0.29812391    -1.50216353    -1.36985076
 H        2.01674977    -1.42547920    -2.15200512
 H       -1.51901047    -2.11397935     0.01238610
 H       -3.03276883    -2.20678722    -0.89339008
 H       -3.05498267    -2.20983687     0.87836783
 H       -4.06578637     1.20111813     0.00311630
 H       -4.58243364    -0.26519739     0.88394404
 H       -4.57662188    -0.25813319    -0.89228387
