          31
  5‐(Adamantan‐1‐yl)‐1H‐1,2,3,4‐tetrazole
 C        0.39012048    -0.72198907     1.26168912
 C       -0.14114403     0.01337392     0.00056757
 C        1.93014078    -0.73091570     1.25753752
 C        0.40079429     1.46241253     0.00113960
 C        0.38957577    -0.72011745    -1.26194945
 C        2.45167652     0.71937301     1.25952621
 C        2.43817902    -1.45998583    -0.00181674
 C        1.94317786     1.45037824     0.00134460
 C        2.45106992     0.72207853    -1.25868785
 C        1.92961602    -0.72826044    -1.25935496
 H        2.11299766     1.24672402    -2.16142885
 H        3.54776517     0.72986250    -1.27771082
 H       -0.00765763    -1.74001580    -1.27621999
 H        0.01277124    -0.21850270    -2.16223576
 H       -0.00807256    -1.74149069     1.27512041
 H        0.01502829    -0.22087246     2.16293779
 H        2.28361568    -1.24711635    -2.15743685
 H        3.53482843    -1.49120939    -0.00202286
 H        2.08871433    -2.49971818    -0.00314745
 H        2.28470925    -1.25169106     2.15428327
 H        3.54836670     0.72683464     1.27766026
 H        2.11437190     1.24197113     2.16370823
 H        2.30596208     2.48456423     0.00234710
 H        0.03606189     2.00064108     0.88685316
 H        0.03698338     2.00055918    -0.88503298
 C       -1.64117489    -0.02211919     0.00053656
 N       -2.47128000     1.04062584     0.00038388
 N       -2.39703822    -1.10545426    -0.00003645
 N       -3.68561449    -0.67821131    -0.00048483
 N       -3.75128942     0.60920201    -0.00021948
 H       -2.26935845     2.02682523     0.00094740
