          52
   Bis(adamantan‐1‐yl)methanone
 O        0.00235234     2.36738411    -0.00064404
 C       -1.38089764     0.43775155    -0.03555325
 C        1.37934868     0.43431244     0.04351899
 C       -2.88418959    -1.40574606    -0.93294897
 C       -3.85789675     0.85822870    -0.47344677
 C       -3.17101879    -0.61527909     1.43893256
 C        3.85136424     0.84131495     0.52149470
 C        3.18580380    -0.56271149    -1.45033014
 C        2.87667647    -1.43897459     0.88794245
 C       -1.46827679    -0.79128500    -0.97724837
 C       -2.44451458     1.46755567    -0.50188190
 C       -1.75593504    -0.00207053     1.41265720
 C        2.43696201     1.44787863     0.55739047
 C        1.76959758     0.04726793    -1.41609956
 C        1.45941250    -0.82820532     0.94017002
 C       -0.00018239     1.15345394     0.00393681
 C       -3.91618942    -0.36603185    -1.40497986
 C       -3.21342863    -1.84246057     0.50778466
 C       -4.20045163     0.42645355     0.96481468
 C        4.20867373     0.46247041    -0.92822374
 C        3.90184033    -0.41600878     1.40843369
 C        3.22071167    -1.82289007    -0.56419989
 H       -2.90788820    -2.27884531    -1.59602873
 H       -4.57709932     1.61378327    -0.81137582
 H       -3.40116541    -0.92359548     2.46590316
 H        4.56605914     1.58490172     0.89378271
 H        3.42673085    -0.83299559    -2.48551918
 H        2.89485016    -2.33549261     1.51918705
 H       -0.74069207    -1.55903111    -0.70079887
 H       -1.23629532    -0.48583308    -2.00489344
 H       -2.19861165     1.80953018    -1.51439000
 H       -2.39650236     2.35181366     0.13798326
 H       -1.71034900     0.87053441     2.07585227
 H       -1.03893182    -0.73343322     1.79552671
 H        2.17994701     1.75295217     1.57910347
 H        2.39400426     2.35386179    -0.05133751
 H        1.72850146     0.94328894    -2.04732027
 H        1.05627531    -0.67056500    -1.83140580
 H        0.73666548    -1.58711445     0.62838945
 H        1.21698410    -0.56159010     1.97610980
 H       -4.92301295    -0.80286302    -1.39947566
 H       -3.70363100    -0.06556119    -2.43887654
 H       -2.49580602    -2.60081305     0.84705373
 H       -4.20681069    -2.30722068     0.54169905
 H       -5.21186114     0.00219023     1.00450634
 H       -4.19193436     1.29671352     1.63296490
 H        5.22101119     0.04097485    -0.97298741
 H        4.20516553     1.35660912    -1.56407444
 H        3.67696570    -0.15382067     2.45008751
 H        4.90941599    -0.85099049     1.39846659
 H        4.21470538    -2.28569393    -0.60548669
 H        2.50681831    -2.56836682    -0.93818787
