          30
   2-Methyl-2-adamantanol
 C        0.53332690    -1.28591594    -1.24222266
 C       -0.39205007    -0.04961992    -1.25813471
 C        1.41683374    -1.25343791     0.02088902
 C        0.47820621     1.22515584    -1.27536715
 C       -1.31203032    -0.03293664    -0.00562288
 C        2.28075311     0.02312089     0.00614695
 C        0.51815092    -1.24827378     1.27391684
 C        1.36506435     1.26292815    -0.01442517
 C        0.46671402     1.26070062     1.23895610
 C       -0.40666917    -0.01269176     1.25050404
 H       -0.16998567     2.14874619     1.25352213
 H        1.08536888     1.28422117     2.14527756
 C       -2.31707066    -1.19288282     0.00692064
 O       -2.06594209     1.18794521     0.04211414
 H       -0.04681982    -2.21471407    -1.27862082
 H        1.16334169    -1.27803758    -2.14075642
 H       -1.05196094    -0.00856820     2.13695492
 H        1.13836839    -1.21370259     2.17840943
 H       -0.06078173    -2.17683087     1.33164449
 H        2.06435622    -2.13822468     0.03759080
 H        2.93116841     0.04730919     0.89003660
 H        2.93738430     0.02223176    -0.87364396
 H        1.97700339     2.17275229    -0.02521735
 H        1.10239865     1.23043621    -2.17811841
 H       -0.16036823     2.11213124    -1.31221456
 H       -1.02631935    -0.07689071    -2.15596924
 H       -2.94990071    -1.15132001    -0.88893673
 H       -2.96659251    -1.10386875     0.88293386
 H       -1.84812799    -2.17838955     0.02557622
 H       -2.66014279     1.19394565    -0.71543383
