          30
    1,3-Dinitroadamantane
 C       -1.25835952    -0.58272359     1.35799336
 C       -1.24457180     0.06206230    -0.04141161
 C        0.00035060    -1.46086226     1.50458790
 C       -1.26404538    -1.01463495    -1.12997318
 C       -0.00019560     0.95840479    -0.19137016
 C       -0.00006246    -2.55329046     0.41853501
 C        1.25913563    -0.58297064     1.35742705
 C        0.00025543    -1.88689535    -0.97072238
 C        1.26449377    -1.01450158    -1.13006653
 C        1.24452398     0.06240913    -0.04167640
 H        1.29290139    -0.54835048    -2.11932395
 H        2.16795069    -1.62321356    -1.03786440
 H       -1.28427941     0.20178508     2.11901390
 H       -2.16252140    -1.19100854     1.47401477
 N        2.47684108     0.96836352    -0.14969343
 H        2.16332999    -1.19148439     1.47196070
 H        1.28591135     0.20072858     2.11926859
 H        0.00052900    -1.91871052     2.49911729
 H        0.88070731    -3.19640707     0.52984205
 H       -0.88199119    -3.19490710     0.52952183
 H        0.00030528    -2.65395758    -1.75137078
 H       -2.16723099    -1.62377120    -1.03794144
 H       -1.29243884    -0.54799570    -2.11898496
 N       -2.47724910     0.96750518    -0.14977623
 H       -0.00003762     1.73934546     0.56947952
 H       -0.00023880     1.43836847    -1.17666911
 O        2.54545978     1.89341163     0.64477486
 O        3.30851542     0.71052314    -1.00371064
 O       -2.54840311     1.89023273     0.64714345
 O       -3.30654125     0.71173756    -1.00672715
