          31
  1-Adamantanemethylamine
 C       -0.06338658    -1.61211869    -0.13456079
 C       -0.90188799    -0.31898637    -0.01300456
 C        1.44333278    -1.28779585    -0.11739684
 C       -0.53970492     0.60879991    -1.19708984
 C       -0.51906130     0.39129512     1.30542510
 C        1.77990698    -0.36350523    -1.30408679
 C        1.80119961    -0.57697155     1.20292419
 C        0.96591654     0.93969258    -1.18601624
 C        1.32063381     1.64983640     0.13538575
 C        0.98507480     0.72541247     1.32238378
 H        0.76060191     2.58983777     0.21984918
 H        2.38673565     1.91085846     0.14836301
 H       -0.31048967    -2.29119630     0.69298636
 H       -0.32271470    -2.13881969    -1.06326832
 H        2.87607699    -0.35609284     1.23223026
 H        1.58759833    -1.23485137     2.05522342
 H        2.01633583    -2.21909266    -0.20194993
 H        2.85409635    -0.13836840    -1.31441542
 H        1.55087559    -0.86760989    -2.25199644
 H        1.19941960     1.59759105    -2.03194165
 H       -0.81102350     0.12340307    -2.14547273
 H       -1.11904231     1.53795053    -1.13107850
 H        1.23500602     1.23077164     2.26309778
 C       -2.39690917    -0.68101167    -0.03169629
 H       -0.76610263    -0.26011151     2.15527128
 H       -1.12335850     1.29722994     1.41724182
 N       -3.26799752     0.49812723     0.05805948
 H       -4.21252053     0.21054561     0.29065774
 H       -3.33012608     0.95686664    -0.84485614
 H       -2.59488341    -1.30097172    -0.92487716
 H       -2.61011712    -1.31380228     0.83937790
