          26
       1-Chloroadamantane
 C       -0.35545572    -1.32175495     0.60254071
 C       -0.84879667    -0.00011744    -0.00013425
 C        1.19074503    -1.32221493     0.60311202
 C       -0.35551593     0.13859452    -1.44600695
 C       -0.35548458     1.18276825     0.84287187
 C        1.70356744    -1.18401672    -0.84400156
 C        1.70313354    -0.13890575     1.44777019
 C        1.19075037     0.13889045    -1.44657914
 C        1.70340575     1.32315823    -0.60338593
 C        1.19065745     1.18344699     0.84359734
 H        1.36056291     2.27138470    -1.03586769
 H        2.80015786     1.34565635    -0.61359802
 H       -0.74104966    -1.43076277     1.62188967
 H       -0.74062778    -2.16273046     0.01594615
 H        2.79990199    -0.14131563     1.47246953
 H        1.36002490    -0.23838813     2.48514440
 H        1.54384511    -2.26614108     1.03368920
 H        2.80034234    -1.20373388    -0.85794255
 H        1.36118371    -2.03300795    -1.44876253
 H        1.54385018     0.23810740    -2.47932000
 H       -0.74038936    -0.69021249    -2.04981374
 H       -0.74120469     1.06656833    -1.88164114
 H        1.54368203     2.02825496     1.44588083
Cl       -2.68728932     0.00005946     0.00008362
 H       -0.74121707     1.09604445     1.86436002
 H       -0.74091705     2.12001527     0.42723275
