          17
   2-Hydroxymethyltetrahydrofuran
 C        1.59216102     0.74392883     0.54989676
 C        0.51165216     1.24012053    -0.43526307
 C       -0.25397036    -0.04968162    -0.84043931
 H       -0.15806656     1.96365273     0.03331695
 H        0.96036784     1.71032453    -1.31443059
 C        1.68643421    -0.74518022     0.20452633
 H        2.54577769     1.26778660     0.44653976
 H        1.24843730     0.86207170     1.58189181
 O        0.35646715    -1.12554477    -0.11560093
 H        2.35281309    -0.90906292    -0.65860690
 H        2.02880975    -1.37812481     1.02811825
 C       -1.73189645    -0.05851070    -0.46127568
 H       -0.15391924    -0.23544292    -1.92134861
 H       -2.18586659    -1.00157548    -0.80445722
 O       -1.90254101     0.11960511     0.93027668
 H       -2.25078919     0.76645355    -0.96134094
 H       -1.33472277    -0.54388269     1.33994575
