          18
             Pentanethiol
 C       -2.50554416     0.56344395    -0.01955480
 C       -3.85769014    -0.15593402    -0.00468864
 H       -3.97061276    -0.76833907     0.89698916
 H       -3.96214254    -0.82045083    -0.86970629
 H       -4.68892267     0.55575970    -0.02971642
 C       -1.31218076    -0.39895810     0.01540890
 H       -2.44361607     1.24671913     0.83779718
 H       -2.43454377     1.19408109    -0.91550322
 C        0.04377600     0.31999012    -0.00239792
 H       -1.37312409    -1.08375175    -0.84207617
 H       -1.38134521    -1.03000625     0.91259719
 C        1.22144235    -0.65422587     0.04370493
 H        0.10671724     1.00461256     0.85366488
 H        0.12706496     0.94304080    -0.90059561
 H        1.18053163    -1.28386229     0.93714640
 S        2.87442982     0.13825671    -0.04823886
 H        1.20233327    -1.32440666    -0.82190729
 H        2.77492444     0.85843632     1.08498203
