          18
   1-(Ethylsulfanyl)isopropane
 C       -2.37719079    -0.87427395    -0.18269373
 C       -1.24921387     0.14496160    -0.37223449
 S        0.29425812    -0.61462011     0.28544776
 C       -1.58150771     1.48570959     0.28750684
 H       -1.08560541     0.29746577    -1.44566735
 C        1.56970409     0.53967567    -0.33823399
 C        2.96201957    -0.00684990    -0.02060780
 H        1.43434161     1.52148819     0.12470677
 H        1.43847151     0.65226039    -1.41961333
 H        3.10211251    -0.12771123     1.05783805
 H        3.73025635     0.68210557    -0.38640624
 H        3.12178604    -0.97999542    -0.49383157
 H       -2.53204758    -1.09283516     0.87942531
 H       -2.15694132    -1.81433111    -0.69543120
 H       -3.31542334    -0.47401091    -0.58191936
 H       -1.74133588     1.35816476     1.36269171
 H       -2.49631832     1.90525258    -0.14897022
 H       -0.78302157     2.21967265     0.14849724
