          18
     3-Methyl-1-butanethiol
 C       -1.64859952    -0.01957323    -0.32423251
 C       -2.67371645    -1.09782971     0.05526279
 H       -3.67533162    -0.83377446    -0.30006530
 H       -2.72940710    -1.21830402     1.14392539
 H       -2.40927425    -2.06993336    -0.37385057
 C       -0.24009784    -0.44031130     0.14324035
 C       -2.07311731     1.34677336     0.23460415
 H       -1.62780851     0.05342134    -1.42170932
 C        0.88574887     0.46440152    -0.36186081
 H       -0.03855366    -1.46388880    -0.19262012
 H       -0.21871106    -0.46766877     1.24166248
 S        2.57279922    -0.12754877     0.05768098
 H        0.78151714     1.49022459    -0.00237333
 H        0.88599721     0.50405071    -1.45623236
 H        2.44274140    -0.05848881     1.39597740
 H       -2.08170366     1.33278491     1.33145895
 H       -3.08250120     1.60794191    -0.10011526
 H       -1.40427250     2.15205263    -0.08366413
