          18
       2,2-Dimethyl-1-propanethiol
 C       -0.89209810     0.00827911    -0.01049823
 C       -2.09338703    -0.61054810     0.73337680
 H       -2.08517529    -0.34543348     1.79662173
 H       -2.08773216    -1.70382103     0.65951797
 H       -3.03710026    -0.25294666     0.30797892
 C        0.38293505    -0.56679907     0.64987867
 H        0.37916835    -0.36568736     1.72491088
 S        2.01120806    -0.03482718    -0.01731152
 H        0.40028740    -1.65483069     0.52914528
 H        2.02509566     1.20342225     0.50747844
 C       -0.94083990     1.53827780     0.13536584
 C       -0.95711280    -0.37989117    -1.49671045
 H       -0.95864413    -1.46897984    -1.62056101
 H       -0.10206556     0.02084615    -2.04794346
 H       -1.87208294     0.00870118    -1.95643029
 H       -0.87626001     1.84073751     1.18730553
 H       -1.88040896     1.93259098    -0.26584256
 H       -0.12153868     2.01742821    -0.40888405
