          20
 Methyl 2‐methylbutanoate
 C        0.49783522     0.07335040    -0.17278737
 C       -0.75091621    -0.63875015     0.32696508
 C       -2.02307485     0.08583382    -0.13461009
 C       -0.70729052    -2.09804824    -0.17189894
 O        1.54379804    -0.14430680     0.65131821
 O        0.57956545     0.72147218    -1.18705629
 C       -2.20102465     1.47586940     0.48411594
 C        2.78562260     0.43278124     0.23413416
 H       -0.70391406    -0.64981770     1.42212789
 H       -1.99718613     0.16935534    -1.22648861
 H       -2.88433732    -0.54434877     0.11834096
 H       -1.57367495    -2.65091811     0.20340134
 H        0.19826703    -2.60670907     0.17034358
 H       -0.72942706    -2.13276019    -1.26603276
 H       -3.13409990     1.93764536     0.14688684
 H       -2.23272832     1.42376955     1.57853884
 H       -1.38037638     2.14077119     0.19876002
 H        3.51120580     0.16661897     1.00334992
 H        3.09218460     0.03236170    -0.73594100
 H        2.69747935     1.51924089     0.15095604
