          20
 Methyl 3-methylbutanoate
 C       -0.47276613     0.76555169    -0.05451156
 C        0.82552956     0.01793547     0.18255479
 O        1.86123930     0.65916737    -0.39623653
 O        0.94955062    -0.99932878     0.81857781
 C       -1.72943886    -0.07174408     0.22440710
 C        3.14552739     0.06071684    -0.19225524
 C       -1.88728172    -1.20531822    -0.79865645
 C       -2.97353291     0.82561803     0.25301619
 H       -0.46987128     1.15755327    -1.07824651
 H       -0.44844264     1.64680122     0.60110580
 H       -1.60122711    -0.52627647     1.21390732
 H        3.85725321     0.69698284    -0.71910625
 H        3.16735027    -0.95446271    -0.59729673
 H        3.38764841     0.01679855     0.87301420
 H       -2.77362289    -1.80875020    -0.57727609
 H       -1.01906602    -1.86936048    -0.78908380
 H       -2.00472745    -0.80412376    -1.81314664
 H       -3.87200860     0.24088324     0.47535552
 H       -2.88715363     1.60998485     1.01293770
 H       -3.12988672     1.31605000    -0.71558503
