          20
     (2R,4S)‐2,4‐dimethyl‐1,3‐dioxane
 C       -0.18475458     1.78819328     0.15023683
 C        1.16449912     1.17239130    -0.22703771
 O       -1.24782035     0.93244697    -0.23624616
 H       -0.35274716     2.74327451    -0.35522783
 H       -0.22493974     1.96822838     1.23897391
 C        1.23994019    -0.25218218     0.33629310
 H        1.98690230     1.78411226     0.16162951
 H        1.25435195     1.13032997    -1.31849905
 O        0.07861927    -0.97870622    -0.06124524
 H        1.25344316    -0.19099982     1.44028051
 C        2.45226578    -1.03655339    -0.13990347
 C       -1.11793935    -0.34973263     0.33070054
 H       -1.11633625    -0.24672716     1.43554537
 C       -2.27952578    -1.19887079    -0.14104016
 H       -2.25209106    -1.27837670    -1.23058199
 H       -3.22419942    -0.73974085     0.15905406
 H       -2.21008595    -2.19971486     0.29107403
 H        2.44921871    -1.11615305    -1.23133332
 H        2.44060072    -2.04725858     0.27737208
 H        3.37685131    -0.54026692     0.17093407
