          20
  5,5-Dimethyl-1,3-dioxane
 C        0.07732432    -1.23260775    -0.39258803
 C        0.92128970    -0.00008828    -0.00735647
 O       -1.22647351    -1.16653750     0.16811598
 H        0.53021764    -2.15704456    -0.02046734
 H        0.00519733    -1.30446696    -1.49211436
 C        0.07739552     1.23222251    -0.39338347
 C        2.23398535    -0.00034941    -0.79915750
 C        1.19769304     0.00061689     1.50451516
 O       -1.22624328     1.16663432     0.16772371
 C       -1.88856326     0.00006645    -0.23685603
 H       -2.00221187    -0.00002979    -1.33978434
 H       -2.86837466     0.00022066     0.24564192
 H        0.00497880     1.30313330    -1.49297944
 H        0.53051483     2.15685896    -0.02204401
 H        0.26341705     0.00076766     2.06943739
 H        1.77434931     0.88612418     1.79403455
 H        1.77485108    -0.88422715     1.79501979
 H        2.05515217     0.00003963    -1.88042061
 H        2.83607868    -0.88389170    -0.55955241
 H        2.83670671     0.88264124    -0.55913032
