          20
             1,3-Dioxocane
 C        1.27595304    -1.33247424    -0.27075547
 C        1.90771850    -0.02016496     0.22112841
 C        1.30475661     1.30614872    -0.26923005
 H        2.96012305    -0.03136814    -0.08803478
 H        1.92471491    -0.02112760     1.32118933
 C       -0.03809205     1.73846807     0.33280738
 H        1.20032006     1.29901868    -1.36120344
 H        2.02463743     2.10079653    -0.03305273
 C       -0.07475340    -1.73701077     0.33313930
 H        1.97922939    -2.14260614    -0.03722550
 H        1.16984991    -1.32119736    -1.36252066
 O       -1.20546648    -1.16688688    -0.30345381
 H       -0.09516975    -1.51785666     1.41363433
 H       -0.19784903    -2.82024518     0.21966567
 C       -1.72870224     0.01821460     0.21660952
 O       -1.17934809     1.19091714    -0.30477571
 H       -0.13881276     2.82391274     0.21819412
 H       -0.06427125     1.52103578     1.41350275
 H       -1.64854328     0.01798183     1.31966017
 H       -2.78148523     0.02960233    -0.08265115
