          21
 1-Hexanethiol
 C       -4.47438237     0.44478697     0.01582402
 C       -3.23190162    -0.45081082    -0.00379388
 H       -4.49193153     1.07759877     0.91027632
 H       -5.39486052    -0.14756286     0.00928717
 H       -4.49865133     1.10735161    -0.85671094
 C       -1.91917204     0.34101361     0.00545697
 H       -3.25878766    -1.09624544    -0.89192941
 H       -3.25279580    -1.12613806     0.86195625
 C       -0.67023837    -0.54804596    -0.01514428
 H       -1.89095417     0.98671481     0.89427581
 H       -1.89780912     1.01792937    -0.86020386
 C        0.63977594     0.25207942    -0.00301616
 H       -0.69739705    -1.19256748    -0.90488255
 H       -0.69113218    -1.22488927     0.85043181
 C        1.87444204    -0.64942030    -0.03538613
 H        0.68273956     0.88939895     0.88795972
 H        0.66323618     0.92927194    -0.86693501
 S        3.47618861     0.24286221     0.04951281
 H        1.87390569    -1.29109498    -0.92117818
 H        1.89404327    -1.30912673     0.83825156
 H        3.33517157     0.94273529    -1.09197520
