          21
    2-Methyl-2-pentanethiol
 C        3.24747803    -0.16905720     0.22886652
 C        1.84412771    -0.22107896    -0.38514657
 H        3.26453344    -0.63907865     1.21868434
 H        3.59380194     0.86391509     0.34878471
 H        3.97474130    -0.69232787    -0.39977677
 C        0.81160408     0.51868741     0.47256184
 H        1.53197334    -1.26365910    -0.50920163
 H        1.87606908     0.21648463    -1.39002624
 C       -0.66284643     0.46405658     0.01434277
 H        1.09289673     1.58129585     0.52909292
 H        0.86494265     0.14100353     1.50248513
 C       -1.51819350     1.32966778     0.95067304
 S       -1.31093859    -1.28416610     0.03217193
 C       -0.83287166     0.94397917    -1.43603557
 H       -0.42203808     1.95472558    -1.53930369
 H       -1.89033379     0.97788201    -1.71372902
 H       -0.31624265     0.29519977    -2.14780565
 H       -1.19489038    -1.48798304     1.35822214
 H       -1.42192386     1.00470777     1.99170114
 H       -2.57500187     1.28215555     0.67584638
 H       -1.19294935     2.37630870     0.89684391
