          17
       Cyclohex-1-ene-1-carbonitrile
 C       -2.21972275    -0.00327590    -0.34954762
 C       -1.54495215    -1.21267224     0.30885908
 C       -1.54677813     1.30426646     0.09366542
 H       -3.28697499     0.02417510    -0.10783909
 H       -2.14444645    -0.09697492    -1.44038806
 C       -0.06551919    -1.30245609    -0.08982509
 H       -2.05749672    -2.13986556     0.03324587
 H       -1.62094177    -1.12074909     1.39991168
 C       -0.04761552     1.20957350     0.09622310
 H       -1.88239651     1.58460956     1.10384076
 H       -1.85388799     2.13636025    -0.55233204
 C        0.62128067     0.04898748     0.00127613
 H        0.03354711    -1.68403406    -1.11532173
 H        0.46326547    -2.01969091     0.54744502
 H        0.51348306     2.13642780     0.18111608
 C        2.05168301     0.04817678    -0.01883222
 N        3.20986842     0.00555445    -0.03941229
