          19
  1-Methoxy-3-methylbenzene
 C        2.77897796    -1.08685084    -0.00034780
 O        2.20354000     0.20255946     0.00031260
 C        0.84647611     0.30586198     0.00007526
 C       -0.02891130    -0.78041612     0.00026137
 C        0.33827876     1.61220743    -0.00012808
 C       -1.41681450    -0.57633906     0.00021493
 C       -1.03254986     1.81171845    -0.00018156
 C       -2.34782922    -1.76608205    -0.00012774
 C       -1.91170871     0.72567191     0.00001195
 H        2.49413751    -1.66001737     0.89200231
 H        3.86042664    -0.93790224     0.00059553
 H        2.49551121    -1.65842509    -0.89416297
 H        0.35146298    -1.79533248     0.00055905
 H        1.03736820     2.44091124    -0.00009233
 H       -1.42522997     2.82396110    -0.00020783
 H       -3.39460498    -1.45137113     0.00854794
 H       -2.18215298    -2.40354400     0.87609954
 H       -2.19412187    -2.39370574    -0.88567966
 H       -2.98405156     0.89433000     0.00001648
