          10
       Isopropyl radical
 C       -0.00000000     0.51396891     0.03222208
 C       -1.29965470    -0.21664551    -0.00429086
 C        1.29965470    -0.21664550    -0.00429087
 H       -0.00000001     1.58396509    -0.15500940
 H       -2.13950373     0.42560565     0.27935563
 H        2.13950375     0.42560573     0.27935537
 H       -1.52831929    -0.61252088    -1.01010978
 H       -1.29299715    -1.08537391     0.66751864
 H        1.52831916    -0.61252115    -1.01010970
 H        1.29299726    -1.08537371     0.66751889
