          13
       tert-butyl radical
 C       -0.00000005    -0.00006091    -0.12519998
 C        0.00042325     1.48851512     0.02330465
 C       -1.28938490    -0.74387052     0.02330740
 C        1.28896167    -0.74460354     0.02330739
 H        0.00051241     1.80312533     1.08334657
 H        0.88867461     1.94207817    -0.43195476
 H       -0.88756972     1.94258333    -0.43195527
 H       -1.56208050    -0.90102887     1.08332130
 H       -2.12622595    -0.20136521    -0.43206875
 H       -1.23879131    -1.73998074    -0.43186450
 H        1.56156895    -0.90191503     1.08332129
 H        1.23780111    -1.74068559    -0.43186273
 H        2.12611071    -0.20257502    -0.43207048
