          14
            Cyclopentyl radical 
 C        0.00000182     1.26167915    -0.00000169
 H        0.00000277     2.34539143    -0.00000776
 C       -1.23426548     0.42101373     0.12440133
 C        1.23426745     0.42101010    -0.12439826
 H        2.05582434     0.75404475     0.52385461
 H        1.63846469     0.44995438    -1.15180349
 C       -0.73848986    -1.00358676    -0.22022455
 C        0.73848608    -1.00358966     0.22022294
 H       -1.63845484     0.44995730     1.15180978
 H       -2.05582610     0.75405215    -0.52384470
 H        0.80095339    -1.15989736     1.30385977
 H        1.32761086    -1.79146730    -0.25785027
 H       -1.32761695    -1.79146405     0.25784641
 H       -0.80095825    -1.15989067    -1.30386183
