          14
            Butoxy radical
 C        2.43009613     0.16002236    -0.14813221
 H        2.83979202    -0.81162040     0.15062212
 H        2.48440538     0.21850888    -1.24094962
 H        3.08509877     0.93655617     0.25929242
 C        0.99031975     0.33217414     0.34273644
 H        0.60838219     1.31691917     0.05016465
 H        0.97042994     0.30872319     1.44112626
 C        0.03537405    -0.73502060    -0.20074937
 H        0.08611313    -0.75629182    -1.29721457
 H        0.33582246    -1.73319643     0.14560587
 C       -1.42217982    -0.49018277     0.20879916
 H       -2.08486409    -1.32674427    -0.08966277
 H       -1.51104281    -0.47444231     1.31911368
 O       -1.95504776     0.69621199    -0.19854601
