          18
            3,3-Dimethylbutan-2-one-1-yl radical
 C        0.62052012    -0.02106402     0.00000001
 C        1.08402510    -0.77929666     1.26297157
 H        0.69995303    -1.80378446     1.29513402
 H        0.75675481    -0.26760247     2.17392528
 H        2.17779021    -0.83630347     1.28439266
 C        1.21397253     1.39505330     0.00000033
 H        0.89249360     1.95765398     0.88011708
 H        0.89249450     1.95765402    -0.88011672
 H        2.30785250     1.34316530     0.00000088
 C        1.08402481    -0.77929598    -1.26297208
 H        0.75675354    -0.26760179    -2.17392542
 H        0.69995345    -1.80378405    -1.29513453
 H        2.17778995    -0.83630200    -1.28439393
 C       -0.92065080     0.07561305     0.00000009
 O       -1.49434884     1.16667338     0.00000004
 C       -1.70404658    -1.13362930     0.00000007
 H       -2.78388549    -1.03815453     0.00000014
 H       -1.26735913    -2.12521137    -0.00000010
