          25
            Adamantan-1-yl radical
 C        0.72804807     1.26046683    -1.00005651
 H        1.24913630     2.16300395    -0.65558654
 H        0.74334159     1.28591483    -2.09739859
 C        1.46128514     0.00004033    -0.49503876
 H        2.49643129     0.00006891    -0.85847446
 C       -0.73046782     1.26538318    -0.49574488
 H       -1.24786220     2.16176525    -0.85962838
 C       -0.72518534     1.25539896     1.06639650
 H       -0.22193510     2.15538176     1.44095136
 H       -1.75640826     1.26903290     1.44058569
 C        1.44946112     0.00003997     1.06692730
 H        1.97699372    -0.88589632     1.44165079
 H        1.97694490     0.88600529     1.44165086
 C       -0.00034953    -0.00000002     1.47135783
 C       -0.72511606    -1.25543900     1.06639647
 H       -1.75633822    -1.26912987     1.44058565
 H       -0.22181615    -2.15539403     1.44095132
 C        0.72811764    -1.26042662    -1.00005655
 H        0.74341257    -1.28587374    -2.09739863
 H        1.24925570    -2.16293498    -0.65558661
 C       -1.45543038    -0.00004015    -1.00047037
 H       -1.48561279    -0.00004097    -2.09779374
 H       -2.49738203    -0.00006891    -0.65532259
 C       -0.73039798    -1.26542348    -0.49574491
 H       -1.24774288    -2.16183409    -0.85962843
