          23
            Cyclooctyl radical
 C       -1.18487847    -1.32880847    -0.32974105
 C       -0.01705757    -1.54726879     0.57903758
 C       -0.00751083     1.52290746     0.64501013
 C        1.40355837    -1.29222965     0.18127041
 C        1.38099858     1.30323428     0.01452992
 C        1.62404405    -0.03975113    -0.69155597
 H       -1.88979464    -2.16632567    -0.22636506
 H       -0.21672028    -1.92304806     1.57923562
 H        2.03342440    -1.22745104     1.07850779
 H       -0.11382168     0.88760941     1.53212374
 H        2.13853778     1.43359484     0.79951235
 H       -0.86260126    -1.33031202    -1.37945459
 H       -0.03264449     2.55473010     1.01606934
 H        1.79560460    -2.15812623    -0.38445874
 H        1.56392214     2.10428887    -0.71458220
 H        2.65675999    -0.05107991    -1.06153746
 H        0.99261199    -0.10757087    -1.58542532
 C       -1.98199223    -0.02524611    -0.05947755
 H       -2.34234200    -0.04545380     0.97789853
 H       -2.87624078    -0.03284153    -0.69637512
 C       -1.21830838     1.28988975    -0.29169444
 H       -0.89873956     1.34893791    -1.34091844
 H       -1.93430525     2.10938659    -0.15836165
