          15
            Cubyl radical
 C        0.64823783     1.12293081     0.47667119
 C       -0.00031856    -0.00000000     1.33137389
 C        0.64823876    -1.12293028     0.47667119
 C        1.28972654     0.00000053    -0.41913183
 H        1.16244013     2.01384192     0.83481128
 H        1.16244180    -2.01384096     0.83481128
 H        2.31609787     0.00000096    -0.78641865
 C       -0.64467454     1.11671603    -0.41953760
 C       -1.29689215    -0.00000054     0.47622347
 C       -0.64467362    -1.11671656    -0.41953760
 C        0.00031949     0.00000000    -1.31306474
 H       -1.15768377     2.00555861    -0.78714470
 H       -2.32565232    -0.00000096     0.83403070
 H       -1.15768212    -2.00555957    -0.78714470
 H        0.00047004     0.00000000    -2.40127802
