24
1,8-Dimethylnaphthalene
 C       -1.28493177     0.88265104     0.00012438
 C       -1.48855030     2.38477454     0.00143565
 C       -0.00001442     0.22586290     0.00000062
 C       -2.43565649     0.11685907    -0.00035013
 C       -0.00000403    -1.21744034     0.00004407
 C        1.28488966     0.88264166    -0.00013748
 C       -2.42011304    -1.29021502    -0.00063985
 C        1.21858285    -1.94272483     0.00034367
 C       -1.21855415    -1.94277205    -0.00028342
 C        1.48851552     2.38467235    -0.00139443
 C        2.43566680     0.11691241     0.00027343
 C        2.42014072    -1.29015659     0.00059210
 H       -2.55868152     2.60592314     0.00089510
 H       -1.05929977     2.86829263     0.88296968
 H       -1.05792407     2.87039576    -0.87821824
 H       -3.39493669     0.62610741    -0.00028202
 H       -3.35502072    -1.84143931    -0.00098525
 H        1.17156816    -3.02772281     0.00031712
 H       -1.17147905    -3.02776096    -0.00029980
 H        2.55868520     2.60558284    -0.00136372
 H        1.05905112     2.86836341    -0.88269841
 H        1.05844108     2.87030053     0.87853103
 H        3.39489077     0.62633061     0.00015193
 H        3.35504643    -1.84138440     0.00087995
