13
(1E)-3-pentenenitrile
 C        2.90876223     0.50849195    -0.01583916
 C        1.62465511    -0.18057501     0.33602062
 H        3.18189212     1.24300306     0.75153284
 H        3.73770212    -0.20761538    -0.07262897
 H        2.83836421     1.02733002    -0.97581736
 C        0.52545776    -0.17760960    -0.41325913
 C       -0.75037094    -0.89819842    -0.04021079
 C       -1.90123771     0.00866247     0.04161781
 N       -2.80065795     0.73247184     0.09521637
 H       -0.63652523    -1.40697266     0.92324163
 H       -0.99124714    -1.67136531    -0.78254018
 H        1.61404697    -0.72038061     1.28347721
 H        0.50611864     0.36065854    -1.35872659
