18
1‐(Ethylsulfanyl)propane
 C       -3.44649987     0.39332601    -0.00003486
 C       -2.15854853    -0.43776108    -0.00025223
 C       -0.90540074     0.44148525     0.00029642
 H       -2.13945359    -1.09320178    -0.87886122
 H       -2.13964791    -1.09403550     0.87773796
 S        0.60345282    -0.59052494     0.00009915
 H       -0.89321939     1.08624230     0.88655290
 H       -0.89290258     1.08699504    -0.88540238
 C        1.88072055     0.71863113    -0.00015965
 C        3.27594491     0.09471448    -0.00006148
 H        1.73993357     1.34706416     0.88548377
 H        1.73994906     1.34672003    -0.88605087
 H       -3.50390489     1.03780412    -0.88415162
 H       -3.50428560     1.03683283     0.88476640
 H       -4.33011069    -0.25235703    -0.00057462
 H        3.42945329    -0.52920880     0.88543056
 H        4.04024198     0.87852889    -0.00030752
 H        3.42939742    -0.52966803    -0.88524703
