23
1‐Methoxy‐2‐(2‐methoxyethoxy)ethane
 C       -4.70411236    -0.40304446    -0.00000051
 H       -5.55549347     0.28238515    -0.00000132
 H       -4.76620550    -1.04742241    -0.89172328
 H       -4.76620630    -1.04742131     0.89172300
 O       -3.53462940     0.37632720    -0.00000048
 C       -2.35882277    -0.39619682     0.00000054
 H       -2.30815246    -1.04750221    -0.88829204
 H       -2.30815302    -1.04750070     0.88829427
 C       -1.17700087     0.56224695     0.00000005
 H       -1.22715508     1.21260447     0.88820374
 H       -1.22715477     1.21260314    -0.88820463
 O        0.00000001    -0.21025795     0.00000080
 C        1.17700086     0.56224702     0.00000036
 H        1.22715517     1.21260396     0.88820447
 H        1.22715461     1.21260378    -0.88820391
 C        2.35882277    -0.39619675     0.00000007
 H        2.30815250    -1.04750136    -0.88829309
 H        2.30815293    -1.04750142     0.88829321
 O        3.53462943     0.37632722    -0.00000020
 C        4.70411233    -0.40304452    -0.00000056
 H        5.55549349     0.28238503    -0.00000073
 H        4.76620607    -1.04742199     0.89172252
 H        4.76620560    -1.04742187    -0.89172375
