24
(1R,2R)-1,2,4-trimethylcyclopentane
 C        1.92808617     1.64211572     0.21435178
 C        0.84010057     0.70684425    -0.31208857
 H        0.98744459     0.57225142    -1.39504643
 C        0.82298313    -0.69510627     0.34468769
 H        0.96292206    -0.54379898     1.42461492
 C       -0.61985126    -1.22819080     0.11032586
 C       -1.47283786    -0.02453206    -0.38545396
 C       -0.59517679     1.20567344    -0.08836030
 C       -2.87748489     0.03770714     0.21526797
 C        1.91895846    -1.64206978    -0.14676106
 H        1.81327489     1.80519262     1.29285046
 H        1.88402496     2.62082731    -0.27573199
 H        2.93062767     1.23515240     0.04429699
 H       -1.03424047    -1.64683775     1.03431573
 H       -0.62512048    -2.04037065    -0.62512692
 H       -1.57242931    -0.10274423    -1.47631407
 H       -0.85345651     2.07290511    -0.70589492
 H       -0.71678422     1.50933846     0.96199323
 H       -3.45690061    -0.85968326    -0.02842431
 H       -3.43501815     0.90417974    -0.15770978
 H       -2.83130496     0.11617550     1.30817709
 H        1.82228443    -1.82446281    -1.22393544
 H        1.86257867    -2.61220938     0.35897507
 H        2.91961870    -1.23498766     0.03484956
