15
(1R,2S)-1,2-dimethylcyclopropane
 C        0.75689986     0.29460060    -0.42681946
 C       -0.75689985     0.29460061    -0.42681944
 C        0.00000001     1.24617670     0.47093745
 C        1.58262062    -0.83578121     0.15039412
 C       -1.58262064    -0.83578119     0.15039412
 H        1.20676706     0.75022123    -1.30634787
 H       -1.20676705     0.75022126    -1.30634785
 H        0.00000004     1.02713668     1.53538802
 H        0.00000002     2.30629147     0.23943606
 H        1.69595415    -1.65731550    -0.56653810
 H        2.58714737    -0.48605551     0.41442616
 H        1.13458886    -1.24882111     1.05870864
 H       -1.13458898    -1.24882104     1.05870871
 H       -2.58714742    -0.48605549     0.41442604
 H       -1.69595410    -1.65731552    -0.56653806
