24
(1R,2S,3S)-1,2,3-trimethylcyclopentane
 C       -1.20735981    -0.12838630    -0.29413898
 C       -0.00000006     0.69421878     0.20400647
 C        1.20735986    -0.12838603    -0.29413906
 C        0.77671075    -1.59782356    -0.06543846
 C       -0.77671046    -1.59782361    -0.06543776
 C        2.54805423     0.22524029     0.34941114
 C       -0.00000020     2.15545517    -0.24432579
 C       -2.54805431     0.22524005     0.34941089
 H       -1.28862754     0.04446172    -1.37797354
 H       -0.00000005     0.66268640     1.30616280
 H        1.28862776     0.04446241    -1.37797353
 H        1.19804092    -2.26354915    -0.82490033
 H        1.15888393    -1.94881950     0.90015611
 H       -1.15888271    -1.94881877     0.90015747
 H       -1.19804132    -2.26354983    -0.82489870
 H        2.50537360     0.09257086     1.43734856
 H        3.35078062    -0.41653498    -0.03022556
 H        2.83605111     1.26280478     0.14973601
 H       -0.88152917     2.69089383     0.12337988
 H        0.88152872     2.69089396     0.12337978
 H       -0.00000026     2.22664501    -1.33904289
 H       -2.83605139     1.26280438     0.14973524
 H       -3.35078053    -0.41653557    -0.03022560
 H       -2.50537379     0.09257114     1.43734837
