27
(1R,3S)-1,3-diethylcyclopentane
 C       -1.21261757    -0.19024217     0.30933111
 C        1.21261632    -0.19023819     0.30932537
 C        0.00000037    -1.06744641    -0.04282509
 C       -0.77800454     1.22356419    -0.15904951
 C        0.77800296     1.22355288    -0.15909107
 C       -2.54196807    -0.67977599    -0.27307022
 C        2.54197204    -0.67978398    -0.27305354
 C       -3.75351711     0.15560081     0.15628164
 C        3.75351627     0.15560844     0.15628182
 H       -1.30545100    -0.17666738     1.40572871
 H        1.30543860    -0.17663880     1.40572396
 H        0.00000223    -2.02916107     0.48180161
 H       -0.00000041    -1.28530994    -1.12144374
 H       -1.19211675     2.01079199     0.47721767
 H       -1.15811101     1.40980560    -1.17071233
 H        1.19216394     2.01080583     0.47711317
 H        1.15805610     1.40973530    -1.17078518
 H       -2.70079693    -1.72446307     0.02553268
 H       -2.46885202    -0.68402287    -1.36977072
 H        2.70080204    -1.72446206     0.02558010
 H        2.46886306    -0.68406240    -1.36975439
 H       -4.68081918    -0.24199935    -0.26855774
 H       -3.86279373     0.15989486     1.24691712
 H       -3.65919612     1.19658252    -0.17012713
 H        4.68082252    -0.24200496    -0.26853605
 H        3.86278319     0.15993866     1.24691813
 H        3.65919739     1.19657920    -0.17016229
