21
(1R,3S)-1,3-dimethylcyclopentane
 C       -1.20979793    -0.14202316     0.35984841
 C        1.20979783    -0.14202216     0.35984779
 C        0.00000026    -1.01280008    -0.01747411
 C       -0.77755303     1.28008944    -0.08266405
 C        0.77755222     1.28008869    -0.08266842
 C       -2.54475040    -0.60088430    -0.22516073
 C        2.54475108    -0.60088383    -0.22515910
 H       -1.29230358    -0.15009043     1.45608190
 H        1.29230235    -0.15008684     1.45608142
 H        0.00000068    -1.98895251     0.47989315
 H        0.00000021    -1.19943110    -1.10195442
 H       -1.15860215     1.48359585    -1.09020095
 H       -1.19888381     2.05123818     0.56949187
 H        1.19888782     2.05124036     0.56948094
 H        1.15859561     1.48358920    -1.09020872
 H       -2.80802288    -1.60799191     0.11654518
 H       -3.36023874     0.07108798     0.06467593
 H       -2.50457784    -0.62016575    -1.32094028
 H        2.50457945    -0.62016807    -1.32093864
 H        3.36023870     0.07108976     0.06467654
 H        2.80802400    -1.60799038     0.11654956
