27
(1S,2R)-1-ethyl-1,2-dimethylcyclopentane
 C        0.51746497    -0.11780408    -0.54205494
 C       -0.26381601     1.14794369    -0.06609864
 C       -0.61402840    -0.98962580    -1.15437410
 C        1.29011048    -0.86959236     0.57500667
 C       -1.93451752    -0.63491323    -0.41822656
 C        1.55098917     0.26317984    -1.61744501
 C       -1.63774520     0.63744085     0.41633974
 C        0.44992570     2.06220138     0.93182692
 C        0.50481096    -1.49487819     1.73587950
 H       -0.44441531     1.73860398    -0.97629743
 H       -0.71077098    -0.74960497    -2.21899389
 H       -0.37771441    -2.05767031    -1.10156501
 H        1.85239627    -1.67319193     0.08071990
 H        2.05042037    -0.19474268     0.98828603
 H       -2.27143519    -1.45368254     0.22404185
 H       -2.73963740    -0.45913288    -1.13786988
 H        1.07809464     0.80325152    -2.44492771
 H        2.34151552     0.90290875    -1.20833289
 H        2.03566136    -0.62694340    -2.03437735
 H       -1.60224873     0.39986266     1.48406683
 H       -2.41167582     1.40276504     0.29821625
 H        0.61405093     1.56658953     1.89428627
 H        1.42422112     2.39223887     0.55521276
 H       -0.14612181     2.96065427     1.12582504
 H       -0.27111563    -2.18181911     1.38395615
 H        1.18271661    -2.07185875     2.37395182
 H        0.02497408    -0.74528471     2.37058576
