45
(1S,2R,4S)-1-ethyl-1-methyl-2,4-bis(propan-2-yl)cyclohexane
 C       -2.67114140    -0.98626598    -0.67103275
 C       -3.36602042    -2.34198651    -0.47591585
 C       -1.35104805    -0.75217547     0.11673693
 C       -0.72216977     0.61188325    -0.33568072
 H       -0.65602974     0.52632415    -1.43102269
 C        0.72797673     0.79502925     0.16060796
 C        1.68015882    -0.33923782    -0.25696254
 H        1.71526960    -0.36620254    -1.35892876
 C        1.08462217    -1.67117490     0.22581310
 C       -0.35215906    -1.87257125    -0.26983545
 C        3.12970888    -0.11105646     0.24404484
 C        3.72388122     1.21418991    -0.26323883
 C        4.07114624    -1.26464917    -0.14254522
 C       -1.58466592     1.88970574    -0.06853197
 C       -1.41383967     2.90323295    -1.21402218
 C       -1.32880186     2.59085087     1.27855445
 C       -1.63970589    -0.79833000     1.63088936
 H       -3.39187652    -0.20377340    -0.40890689
 H       -2.45737123    -0.85492243    -1.74051010
 H       -4.29486376    -2.37164695    -1.05492518
 H       -3.63114496    -2.52164514     0.57063581
 H       -2.74711720    -3.17866809    -0.81247077
 H        0.74866750     0.87777740     1.25525094
 H        1.09737368     1.75196472    -0.22026788
 H        1.11590076    -1.70109505     1.32416448
 H        1.68899378    -2.51571780    -0.11951869
 H       -0.33107014    -1.95172954    -1.36654800
 H       -0.72375625    -2.83551038     0.09786670
 H        3.09312043    -0.06331183     1.34331823
 H        3.71967206     1.25022668    -1.35981662
 H        4.76353131     1.31950629     0.06442392
 H        3.17793462     2.08763669     0.10187740
 H        4.09006513    -1.40740854    -1.23024932
 H        3.78117759    -2.21414849     0.31413796
 H        5.09561758    -1.04751277     0.17781472
 H       -2.63815657     1.59007428    -0.07315988
 H       -0.37140414     3.22999519    -1.30817089
 H       -2.02142889     3.79846054    -1.04175642
 H       -1.71511612     2.47340996    -2.17508498
 H       -1.42238471     1.91428603     2.13132936
 H       -2.05337963     3.40050125     1.41865820
 H       -0.33134027     3.04057740     1.31808961
 H       -2.45010118    -0.11516373     1.90390337
 H       -0.76496891    -0.53004392     2.22935016
 H       -1.94224228    -1.80393097     1.94010906
