18
(1S,2S)-1-ethyl-2-methylcyclopropane
 C       -1.00497208    -0.13384145    -0.43862346
 C       -0.97208864     1.31440158    -0.00879879
 C        0.11384854     0.36633686     0.44188156
 C       -2.06396307    -1.07036669     0.10045969
 C        1.52605330     0.49463081    -0.09195960
 C        2.31835059    -0.81600537    -0.00998888
 H       -0.72975615    -0.31588723    -1.47604786
 H       -1.70404202     1.64413627     0.72228988
 H       -0.71569330     2.06674579    -0.74856101
 H        0.05870172     0.05316401     1.48376506
 H       -1.73611082    -2.11541906     0.05662326
 H       -2.29457986    -0.83996093     1.14641252
 H       -2.99769343    -0.98961817    -0.46810359
 H        1.48519684     0.83507508    -1.13497716
 H        2.05793795     1.27977947     0.46219412
 H        3.33423306    -0.69379360    -0.39936555
 H        2.39872597    -1.16367702     1.02606477
 H        1.82861951    -1.60794836    -0.58659594
