15
(1S,2S)-1,2-Dimethylcyclopropane
 C        0.61233350     0.07402188    -0.44001181
 C       -0.61233350     0.07402188     0.44001181
 C       -0.00000000    -1.23572293     0.00000000
 C        1.95726176     0.51103082     0.09779857
 C       -1.95726176     0.51103082    -0.09779858
 H        0.43452695     0.34411159    -1.47927494
 H       -0.43452696     0.34411159     1.47927495
 H        0.53816216    -1.82654621     0.73502274
 H       -0.53816217    -1.82654620    -0.73502273
 H        2.07538819     1.59971216     0.04803251
 H        2.78093349     0.06025706    -0.46783502
 H        2.07559512     0.21311177     1.14544527
 H       -2.07538823     1.59971215    -0.04803242
 H       -2.78093349     0.06025699     0.46783496
 H       -2.07559508     0.21311185    -1.14544530
