15
(1Z)-1-fluoropent-1-ene
 C       -1.89395376     0.42617768    -0.14685658
 F       -2.16480553    -0.88524299    -0.05969318
 C       -0.69786546     0.92954007     0.12336032
 C        0.50650455     0.13450781     0.53795177
 H       -0.59067085     2.00613405     0.01776160
 H       -2.76179273     1.00067837    -0.45522333
 C        1.68582814     0.27392643    -0.44210618
 H        0.23067351    -0.92029505     0.63734802
 H        0.83726174     0.46698762     1.53259712
 C        2.92372293    -0.50503731     0.01092440
 H        1.93852431     1.33638411    -0.55505273
 H        1.36899223    -0.07140576    -1.43363568
 H        3.74792122    -0.39240122    -0.70038924
 H        2.70581844    -1.57494890     0.10230648
 H        3.27608225    -0.15558516     0.98803074
