18
(1Z,3Z,6Z)-cycloocta-1,3,6-triene
 C        1.63406055    -0.58816197     0.43874707
 C        1.63447829     0.58757946    -0.43834426
 C        0.64072710     1.48574225    -0.45636310
 C       -0.51578963     1.50967718     0.52021699
 C       -1.71587019     0.63683493     0.19755452
 H       -0.14032144     1.21805776     1.51023808
 H       -0.86282695     2.54376126     0.61614609
 C       -1.71606718    -0.63641440    -0.19732599
 C       -0.51619458    -1.50927768    -0.52066595
 C        0.64004826    -1.48602542     0.45617401
 H       -0.86337361    -2.54325293    -0.61723782
 H       -0.14061836    -1.21707881    -1.51044594
 H        0.68388741    -2.30389215     1.17237685
 H        2.49352148    -0.73459455     1.09236251
 H        2.49420814     0.73362669    -1.09169726
 H        0.68505821     2.30346588    -1.17269827
 H       -2.68297533     1.11229550     0.34833531
 H       -2.68330977    -1.11184523    -0.34729971
