16
2-Amino-2,4,6-cycloheptatriene-1-one
 C        1.67983090    -1.26302080    -0.00002167
 C        0.31036398    -1.57001491    -0.00006251
 C        2.30835589    -0.03778394     0.00002699
 C        1.68992046     1.22805667     0.00003443
 C        0.36015033     1.56749985     0.00000118
 C       -0.83328194     0.76534155    -0.00000349
 C       -0.79578437    -0.73354082     0.00000526
 H        0.07822124    -2.63427813    -0.00012806
 N       -2.04664932    -1.22973792     0.00003660
 H        2.33399610    -2.13231226    -0.00005564
 H        3.39415132    -0.04346363     0.00003843
 H        2.37644771     2.07289827     0.00007107
 H        0.12056204     2.62772817     0.00002383
 O       -1.95571261     1.28911937    -0.00005227
 H       -2.24219776    -2.21387983     0.00034272
 H       -2.78070880    -0.53202853     0.00026448
