11
2-Aminoethanol
 O       -1.78949452    -0.19324207     0.00000015
 H       -2.51186494     0.43987528    -0.00000064
 C       -0.56448734     0.51866971    -0.00000007
 H       -0.47266462     1.16804654    -0.88798143
 H       -0.47266438     1.16804666     0.88798119
 C        0.57663499    -0.50059917    -0.00000016
 H        0.46894125    -1.14711239     0.87827841
 H        0.46894143    -1.14711206    -0.87827901
 N        1.92042643     0.07401336     0.00000009
 H        2.04608110     0.67080367     0.81262142
 H        2.04608115     0.67080426    -0.81262080
