17
2-Bromo-3-methylbutane
Br       -1.32107534    -0.14625094    -0.03520404
 C        1.57737947    -0.31402077    -0.31051730
 C        0.51385531     0.55126340     0.38421970
 C        2.98231667     0.28228793    -0.08885036
 C        1.55372464    -1.77113397     0.17068006
 C        0.52741135     2.02999269     0.01998550
 H        1.36466327    -0.29503570    -1.38725298
 H        0.57499498     0.42213948     1.46762381
 H        3.73688759    -0.37765984    -0.52752244
 H        3.20915026     0.37605063     0.98000788
 H        3.09667469     1.26687523    -0.54843089
 H        2.31804704    -2.35556037    -0.35091447
 H        1.76783555    -1.82935355     1.24485943
 H        0.58472708    -2.24133252    -0.00666772
 H       -0.30922599     2.55375184     0.48629423
 H        0.45959389     2.16983990    -1.06303503
 H        1.45451593     2.49439324     0.37185049
