14
2-Bromo-2-methylpropane
 C       -1.46168981     1.43155100     0.29032747
 C       -1.01947797     0.00006593     0.00003700
 C       -1.46174569    -0.96722813     1.09444839
 C       -1.46177138    -0.46431939    -1.38477080
 H       -1.10095052     2.12326069    -0.47452740
 H       -2.55860537     1.47116080     0.29870489
 H       -1.10038460     1.77100883     1.26388499
Br        1.00418118    -0.00000793    -0.00000478
 H       -1.10038079     0.20895689    -2.16559380
 H       -1.10112871    -1.47261887    -1.60121911
 H       -2.55867897    -0.47663104    -1.42307047
 H       -1.10091920    -0.65112120     2.07601216
 H       -2.55865445    -0.99415709     1.12440746
 H       -1.10057635    -1.98006476     0.90127504
