11
2-Chloropropane
 C       -1.18071777    -1.27397655    -0.12954201
 C       -0.53549266    -0.00000000     0.39743073
 C       -1.18071776     1.27397655    -0.12954201
 H       -0.68269965     2.16309825     0.26343511
 H       -0.68269969    -2.16309826     0.26343515
 H       -1.13907421    -1.30741957    -1.22207560
 H       -2.23312854    -1.30226277     0.17637038
 H       -0.53070723     0.00000000     1.48950092
Cl        1.24314370    -0.00000000    -0.04531272
 H       -1.13907426     1.30741955    -1.22207560
 H       -2.23312852     1.30226280     0.17637042
