14
2-Chloro-2-methylpropane
Cl        1.38045272     0.00008825    -0.00000001
 C       -0.47240415     0.00003421    -0.00000000
 C       -0.92091502     1.46035184    -0.00001403
 C       -0.92062511    -0.73029730    -1.26473133
 C       -0.92062509    -0.73027298     1.26474538
 H       -2.01666191     1.50389134    -0.00001438
 H       -2.01635271    -0.75240319    -1.30253243
 H       -2.01635269    -0.75237815     1.30254692
 H       -0.55621496     1.98440230    -0.88684166
 H       -0.55621484     1.98441938     0.88680345
 H       -0.55548940    -1.76017971    -1.27497477
 H       -0.55587750    -0.22425339    -2.16193481
 H       -0.55587747    -0.22421181     2.16193912
 H       -0.55548938    -1.76015519     1.27500862
