17
2-Chloro-3-methylbutane
 H        1.28358455     2.30497253     0.44771600
 C        0.36410612     1.92182512     0.00027846
 C        0.16414374     0.45450893     0.36091068
 H        0.42928738     2.05252796    -1.08417688
 H       -0.47087821     2.52213695     0.37396988
 C       -1.03613248    -0.23089496    -0.31461438
 H        0.09048516     0.33854692     1.44624117
Cl        1.71376367    -0.43615779    -0.06882386
 C       -1.20382101    -1.68639773     0.14292264
 H       -0.84732043    -0.22229809    -1.39619263
 C       -2.33320502     0.55470885    -0.04381804
 H       -0.31142151    -2.28051797    -0.06229361
 H       -2.05075737    -2.15137169    -0.37131612
 H       -1.40379801    -1.73458740     1.22036440
 H       -2.51483126     0.66002667     1.03269416
 H       -3.18746210     0.01904958    -0.46892456
 H       -2.31784234     1.55446543    -0.48465928
