20
2-Chlorohexane
 C        2.35401277    -1.48851788    -0.00780017
 C        1.25147581    -0.51689132     0.39090119
 H        3.31090950    -1.20451688     0.43571531
 H        2.47215677    -1.51845468    -1.09481530
 H        2.09632928    -2.49589793     0.33924759
 C       -0.10550364    -0.85464827    -0.22235891
 C       -1.27485980     0.00257373     0.27060641
 H       -0.30424906    -1.90958192     0.01709347
 H       -0.02504902    -0.79483519    -1.31492231
 C       -2.61748792    -0.41212922    -0.34287416
 H       -1.07620097     1.05543238     0.04008909
 H       -1.33893731    -0.06620770     1.36584932
 C       -3.78869826     0.44300971     0.15004580
 H       -2.81302900    -1.46867944    -0.11482676
 H       -2.55026229    -0.34559148    -1.43690922
 H       -3.90207616     0.36994224     1.23754132
 H       -4.73296631     0.12770958    -0.30497896
 H       -3.63644468     1.49994192    -0.09505987
Cl        1.76131451     1.17774894    -0.09779992
 H        1.17012048    -0.45810274     1.47935227
