14
2-Chloroaniline
Cl        2.08342074    -0.51034229     0.00478538
 C        0.33425471    -0.32672673    -0.00312630
 C       -0.46370179    -1.46395604    -0.00631047
 H        0.01013977    -2.43875593    -0.00810584
 C       -1.84988121    -1.33943810    -0.00254412
 H       -2.47370063    -2.22593574    -0.00541235
 C       -2.41740087    -0.06583007     0.00609165
 H       -3.49650103     0.04946617     0.01204232
 C       -1.61394778     1.06630713     0.00891823
 H       -2.06382553     2.05521343     0.01167330
 C       -0.21204978     0.96835685     0.00119432
 N        0.58487386     2.09972128    -0.05533516
 H        1.53931982     1.97564799     0.24692810
 H        0.16193761     2.94486355     0.29539119
