15
2-Chlorotoluene
 C       -0.32597233    -0.31811233     0.00000005
 C        0.20622263     0.97748923     0.00000004
 C        1.60158524     1.08393020    -0.00000002
 C        2.42513487    -0.03850246    -0.00000006
 C        1.86209471    -1.31169283     0.00000001
 C        0.47725379    -1.45418820     0.00000006
 C       -0.66709374     2.20401144     0.00000003
 H       -0.05778666     3.11096854     0.00000111
 H       -1.32101066     2.22825233     0.87821933
 H       -1.32100908     2.22825339    -0.87822044
 H        2.04409500     2.07580430    -0.00000005
 H        3.50333299     0.08277966    -0.00000011
 H        2.49272068    -2.19450950     0.00000002
 H        0.01571373    -2.43455470     0.00000009
Cl       -2.06894696    -0.53911193    -0.00000003
