27
2-Cyanoadamantane
 C        1.11622307    -1.10767289     1.26691263
 C        1.91432311    -0.71953902     0.00614226
 C       -0.24160873    -0.37842561     1.27287474
 C        1.11622136    -1.12961120    -1.24765359
 C        2.14287034     0.80573663    -0.00728538
 C       -1.03481537    -0.81782952     0.00730660
 C       -0.01515014     1.14581848     1.24789344
 C       -0.24172409    -0.40076124    -1.26587700
 H        1.67771132    -0.87448775    -2.15453315
 H        0.96416351    -2.21651503    -1.26342728
 C       -0.01549845     1.12374755    -1.26722283
 C        0.78337661     1.53387882    -0.01327840
 H        0.53008167     1.40884960    -2.17490743
 H       -0.97728340     1.64864645    -1.29476965
 H        2.72801519     1.10572150     0.87115434
 H        2.72719783     1.09016480    -0.89146747
 H        1.67798026    -0.83724589     2.16916626
 H        0.96358084    -2.19402850     1.30113007
 H       -0.81297197    -0.69526306    -2.15241444
 H        2.87961562    -1.23855244     0.01068437
 H        0.94524691     2.61761490    -0.02284805
 H       -0.97677609     1.67132896     1.26668248
 H        0.53069194     1.44623424     2.15046387
 H       -0.81264298    -0.65756051     2.16450393
 C       -2.39481908    -0.27361683     0.00238679
 H       -1.13483310    -1.91128777     0.01694141
 N       -3.46695294     0.16088125    -0.00162264
