29
2-Cyano-2-nitroadamantane
 C        1.24918139    -1.18707279    -1.25704041
 C        0.16141239    -0.08891919    -1.27037866
 C        2.12955203    -1.04130489     0.00010394
 C        0.83588193     1.29890519    -1.25344310
 C       -0.71204305    -0.26287252    -0.00048552
 C        2.80190628     0.34570479     0.00091114
 C        1.24847723    -1.18812029     1.25661159
 C        1.71889693     1.44290989     0.00102785
 C        0.83478121     1.29791151     1.25460847
 C        0.16070824    -0.09006993     1.27011006
 H        0.08158899     2.09109494     1.29300195
 H        1.44047654     1.39607255     2.16287908
 H        0.79175047    -2.18167235    -1.29395907
 H        1.85669908    -1.08221674    -2.16305836
 H        1.85549496    -1.08406592     2.16307782
 H        0.79100999    -2.18275456     1.29245651
 H        2.89403684    -1.82573334    -0.00005743
 H        3.44642523     0.45169790     0.88229256
 H        3.44666932     0.45232765    -0.88022057
 H        2.19123207     2.43126678     0.00161099
 H        1.44299599     1.39704777    -2.16074515
 H        0.08307998     2.09233698    -1.29241360
 N       -1.89112770     0.77352561     0.00013821
 H       -0.47827613    -0.19455479     2.14852254
 H       -0.47691700    -0.19267109    -2.14935756
 O       -2.31257194     1.12856539    -1.08352115
 O       -2.31644436     1.12245552     1.08427302
 C       -1.40998756    -1.55314871    -0.00123371
 N       -1.94391771    -2.57830187    -0.00196546
