18
2-Ethylbut-1-ene
 C       -2.59233594    -0.01687755    -0.00052616
 C       -1.26763001     0.74759003     0.00035808
 H       -3.43545706     0.68067976    -0.00081022
 H       -2.68643515    -0.65437727    -0.88534305
 H       -2.68750450    -0.65483588     0.88384739
 C       -0.00002673    -0.08254373     0.00034066
 H       -1.23659318     1.42038244    -0.86966929
 H       -1.23716148     1.41963381     0.87098038
 C        0.00001583    -1.41595539     0.00029772
 C        1.26759995     0.74753516     0.00009986
 H       -0.91880419    -1.99077372     0.00037890
 H        0.91891881    -1.99063859    -0.00008272
 C        2.59234962    -0.01683627    -0.00040356
 H        1.23721382     1.41990427     0.87048488
 H        1.23657787     1.42004608    -0.87013757
 H        2.68768735    -0.65428685     0.88433423
 H        2.68647279    -0.65493163    -0.88479853
 H        3.43540964     0.68079270    -0.00116797
