24
2-Ethyl-3,3-dimethylbut-1-ene
 C        0.85447382    -0.23233285    -0.00745869
 C       -0.35053014     0.72174383    -0.12963686
 C        0.79370404    -1.34908578    -1.07187675
 C        0.87041578    -0.87541643     1.40135403
 C        2.18889857     0.51929071    -0.19756031
 C       -1.69636500     0.18801953    -0.59778224
 C       -0.25563489     2.02088071     0.16726807
 C       -2.43446232    -0.74324509     0.38223794
 H        1.67412791    -1.99441410    -0.98405534
 H       -0.08861503    -1.98517389    -0.96030074
 H        0.78602322    -0.93468613    -2.08585646
 H        1.73893259    -1.53625592     1.50630887
 H        0.93327967    -0.10453653     2.17541275
 H       -0.02492217    -1.47094594     1.59477471
 H        2.21283234     1.05444734    -1.15178657
 H        2.37270870     1.24251611     0.60176006
 H        3.02127970    -0.19263214    -0.18438856
 H       -2.34151104     1.04973451    -0.79855618
 H       -1.58115392    -0.33172595    -1.55652378
 H        0.66367539     2.48960963     0.49718820
 H       -1.11857749     2.67587610     0.09162441
 H       -2.53014535    -0.27693311     1.36792023
 H       -3.44188274    -0.95797649     0.01053122
 H       -1.92480033    -1.70186524     0.51242120
