16
2-Ethoxyethanol
 C       -3.03402636    -0.34056057     0.01364263
 C       -1.80303510     0.55068602    -0.01841867
 O       -0.65283860    -0.26720086     0.01298849
 C        0.55299262     0.45455512    -0.01454523
 C        1.70821647    -0.54423794    -0.00170179
 O        2.96556301     0.10559424    -0.04085581
 H       -3.94468177     0.26561226    -0.00995494
 H       -3.04192557    -1.01408424    -0.84809506
 H       -3.04394828    -0.94821268     0.92305692
 H       -1.80019928     1.17493360    -0.92835410
 H       -1.80212571     1.24043153     0.84339949
 H        0.62324640     1.08857104    -0.91392643
 H        0.62924237     1.12587230     0.86184936
 H        1.60673940    -1.20601947     0.87129699
 H        1.65507770    -1.17206181    -0.89631538
 H        3.08423327     0.57567558     0.78963220
