13
2-Furanmethanol
 O        2.51763497    -0.40281150     0.17381668
 C        1.60080984     0.60738012    -0.20050059
 C        0.18349261     0.13598523    -0.10614321
 C       -0.37993963    -1.10346287    -0.13708199
 O       -0.78052735     1.08402303     0.05242437
 C       -1.79367508    -0.90528264     0.00822721
 C       -1.97599172     0.43593536     0.11443964
 H        2.27691169    -0.69725737     1.05824733
 H        1.71396109     1.52517508     0.39847502
 H        1.86127673     0.87076871    -1.23343671
 H        0.14745517    -2.03636660    -0.25886110
 H       -2.56255254    -1.66208994     0.03053898
 H       -2.84293629     1.06451384     0.23722058
