19
2-Hexanone
 C        3.15622819     0.37578627     0.16484412
 C        1.72567462    -0.00002323     0.56143987
 H        3.69476892     0.83490558     0.99997102
 H        3.15899922     1.09012175    -0.66578473
 H        3.72533911    -0.50496350    -0.15453905
 H        1.18998190     0.89635690     0.89222589
 H        1.75140218    -0.68631627     1.41932367
 C        0.94518842    -0.65434365    -0.58575960
 H        0.90879021     0.03468403    -1.43688536
 C       -0.48730854    -1.04172270    -0.20973463
 H        1.47903933    -1.55164926    -0.92300588
 C       -1.44109803     0.14178276    -0.06659600
 H       -0.51378207    -1.63016188     0.71806197
 H       -0.92520696    -1.69925589    -0.97540556
 C       -2.80783507    -0.16774360     0.52284206
 O       -1.13635634     1.26046602    -0.41111357
 H       -2.70003641    -0.43299865     1.58140385
 H       -3.26547140    -1.02953537     0.02516880
 H       -3.45761356     0.70406402     0.43575546
