13
2-Methyl-2-oxazoline
 N        0.01515834     1.17554260    -0.00003109
 C       -0.66775917     0.10410385     0.00001846
 C       -2.15561355     0.00147157    -0.00002694
 O       -0.01266306    -1.09182503     0.00007224
 C        1.39585159    -0.77868851    -0.00008206
 C        1.42845836     0.77285473     0.00004933
 H       -2.49691004    -0.55066309     0.88139189
 H       -2.49680694    -0.55094335    -0.88130857
 H       -2.59215276     0.99958144    -0.00017271
 H        1.84799589    -1.22702918    -0.88982635
 H        1.84824707    -1.22721547     0.88943950
 H        1.93449385     1.18172349    -0.88143168
 H        1.93433030     1.18159505     0.88168404
