20
2-Methylquinoline
 C        3.44673798     0.74917391    -0.00000007
 C        2.04401763     0.19516489     0.00000002
 C        1.84019825    -1.21531562     0.00000004
 C        0.56538311    -1.71260184     0.00000003
 C       -0.53268694    -0.81659383     0.00000001
 C       -1.88557345    -1.23531315    -0.00000004
 C       -2.90150434    -0.30892793    -0.00000004
 C       -2.60408045     1.07376753    -0.00000000
 C       -1.29980246     1.50908774     0.00000003
 C       -0.23057500     0.57893254     0.00000003
 N        1.04748554     1.05514114     0.00000003
 H        4.00421030     0.41003936    -0.88097310
 H        3.41328369     1.83933974     0.00000030
 H        4.00421069     0.41003874     0.88097247
 H        2.69953357    -1.87848356     0.00000005
 H        0.38070180    -2.78359500     0.00000003
 H       -2.10571045    -2.29936783    -0.00000007
 H       -3.93663936    -0.63497244    -0.00000009
 H       -3.41640243     1.79385847    -0.00000000
 H       -1.04785645     2.56397154     0.00000005
