20
(2-Methylidenecyclopropyl)benzene
 C        1.82243704     1.39215531     0.30713684
 C        0.49663620     0.97205295     0.25748797
 C        0.17767420    -0.35364084    -0.06271634
 C        2.85598951     0.49933314     0.02706287
 C        2.55011657    -0.81872496    -0.30362579
 C        1.22315602    -1.23948867    -0.34692140
 H        2.04890777     2.42415570     0.55735219
 H       -0.30239359     1.68023338     0.45427001
 H        3.88909200     0.82989972     0.06088376
 H        3.34516183    -1.52284798    -0.52917064
 H        0.99213539    -2.27005743    -0.60223450
 C       -1.23285274    -0.84254545    -0.09274585
 C       -2.39136409     0.06341941    -0.13108927
 C       -2.17264777    -0.64220595     1.12927648
 H       -2.82453563    -1.46813423     1.40391791
 H       -1.76672014    -0.08871201     1.97305879
 H       -1.35458077    -1.79952161    -0.59768439
 C       -3.09620701     0.93552300    -0.82378817
 H       -2.83371847     1.19375441    -1.84547528
 H       -3.96688688     1.42751364    -0.39956804
