27
(2-Methyl-2-propanyl)cyclopentane
 C       -0.08801118    -0.00000014    -0.80373043
 C        1.20619128     0.00000007     0.07303548
 C       -1.04660944     1.20607472    -0.61567811
 C       -1.04660897    -1.20607523    -0.61567678
 C       -2.12582944     0.77651044     0.40715291
 C       -2.12583128    -0.77650960     0.40715162
 C        2.05259546     1.24347969    -0.27166619
 C        2.05259730    -1.24347740    -0.27166961
 C        0.91993669    -0.00000242     1.58652136
 H        0.27773106    -0.00000049    -1.83823115
 H       -1.52370218     1.41691296    -1.57960973
 H       -0.53712840     2.12621448    -0.31939337
 H       -0.53712753    -2.12621375    -0.31938885
 H       -1.52369984    -1.41691651    -1.57960862
 H       -3.10504703     1.18612451     0.14220273
 H       -1.89305504     1.15866158     1.40536902
 H       -3.10504899    -1.18612065     0.14219718
 H       -1.89306169    -1.15866298     1.40536797
 H        2.26923462     1.28988842    -1.34502305
 H        3.01060806     1.21404963     0.25927956
 H        1.55420007     2.17590764     0.00917140
 H        1.55420270    -2.17590687     0.00916437
 H        3.01060939    -1.21404802     0.25927710
 H        2.26923748    -1.28988224    -1.34502643
 H        0.35625053    -0.88607428     1.89429711
 H        0.35625038     0.88606826     1.89430015
 H        1.85958892    -0.00000328     2.15062340
