18
2-Methyl-1-butanethiol
 C       -1.79229642     0.67063950     0.29685616
 C       -3.08348613     0.19845696    -0.38145316
 H       -3.00323149     0.26531815    -1.47230344
 H       -3.93193039     0.81732338    -0.07281218
 H       -3.32607215    -0.83790575    -0.12847521
 C       -0.51845949    -0.07422195    -0.15575765
 H       -1.89530085     0.57778627     1.38707147
 H       -1.66103102     1.74175465     0.09496926
 C        0.70968489     0.63631590     0.43765002
 H       -0.44771851     0.00518973    -1.24912175
 C       -0.55262278    -1.56082831     0.21879329
 S        2.34809544     0.11440614    -0.20807557
 H        0.72234731     0.55269800     1.52897427
 H        0.67417270     1.70400190     0.20020287
 H        2.42138444    -1.07761692     0.41023103
 H       -0.61247068    -1.68864219     1.30712665
 H        0.34266417    -2.07934843    -0.13572678
 H       -1.41513017    -2.06637321    -0.22348688
