18
2-Methylbenzofuran
 C       -3.38956222    -0.09626486    -0.00000002
 C       -1.91923823     0.11962491     0.00000002
 O       -1.14733975    -1.01794884     0.00000001
 C        0.15458690    -0.60855678     0.00000000
 C        0.22167996     0.79669176     0.00000000
 C       -1.15080092     1.23820171     0.00000001
 C        1.47939073     1.41094279    -0.00000000
 C        2.61153908     0.60354207    -0.00000001
 C        2.51055142    -0.79690928    -0.00000001
 C        1.27017123    -1.43118222     0.00000000
 H       -3.70627371    -0.66379917    -0.88248759
 H       -3.70627377    -0.66379919     0.88248751
 H       -3.90969070     0.86378403    -0.00000003
 H       -1.51515376     2.25436815     0.00000001
 H        1.56976653     2.49246739     0.00000000
 H        3.59503198     1.06247249    -0.00000001
 H        3.41450848    -1.39701589    -0.00000002
 H        1.17401381    -2.51081578     0.00000000
