18
2-Methyl-2-butanethiol
 C        2.23322019    -0.64494599    -0.01016432
 C        1.24494667     0.31736778    -0.67398638
 C       -0.13746309     0.47464211    -0.00116937
 H        1.08482854     0.01207912    -1.71563704
 H        1.69473589     1.31984284    -0.72046146
 C       -0.95597600     1.52812790    -0.76080463
 C       -0.01267041     0.87831682     1.47651289
 S       -1.06920176    -1.13978925     0.00807010
 H        1.80691999    -1.64754751     0.08222450
 H        2.52306252    -0.30635428     0.98923161
 H        3.14731774    -0.71707566    -0.60778993
 H       -0.45011758     2.50094202    -0.71665930
 H       -1.95422197     1.63843593    -0.32971791
 H       -1.06876840     1.25952358    -1.81615587
 H        0.56840152     1.80406486     1.55694004
 H        0.48972937     0.11120754     2.07120952
 H       -0.99785412     1.05744318     1.91671738
 H       -1.16856719    -1.27829937    -1.32774002
