29
2-Methyladamantane
 C       -1.38650460     0.64323436    -0.00822231
 C       -0.54542735     0.28836394    -1.26050906
 C       -0.54551104     0.31991274     1.25273961
 C       -2.77971428     0.00149222     0.00004027
 H       -1.54299415     1.73192196    -0.02185079
 C       -0.12903770    -1.19778166    -1.24271602
 C        0.72574580     1.16291954    -1.27394015
 C       -0.12899774    -1.16619372     1.27233593
 H       -1.13851922     0.54560728     2.14822008
 C        0.72534524     1.19494600     1.24421197
 C        0.70965615    -1.48803688     0.01867280
 H       -1.00978186    -1.81726655     1.31554709
 H        0.45493512    -1.37212097     2.17866947
 H        0.45471341    -1.42650566    -2.14371081
 H       -1.00982389    -1.84980826    -1.26962389
 H        0.99995645    -2.54549541     0.03185490
 C        1.97372195    -0.60523499     0.00786336
 C        1.56480076     0.88145989    -0.01095491
 H        1.31793742     1.00672679     2.14888095
 H        0.45028711     2.25740739     1.25916256
 H        2.58914693    -0.83836505    -0.87070102
 H        2.58847574    -0.81617010     0.89249645
 H        2.46296438     1.51066623    -0.01883991
 H        0.45139317     2.22482331    -1.31624445
 H        1.31877054     0.95143595    -2.17318766
 H       -1.13832352     0.49129749    -2.16150948
 H       -3.34860400     0.32201923     0.88001192
 H       -2.74416195    -1.09171063     0.01518536
 H       -3.34813625     0.29783038    -0.88866341
