26
2-Methyl-5-(propan-2-yl)cyclohexa-1,3-diene
 C        1.32728468    -1.22315919    -0.01982044
 C        0.09049760    -1.31055636    -0.88131380
 C        1.94115094    -0.04844843     0.18932330
 C       -0.78834526    -0.04281692    -0.79777655
 H        0.40633844    -1.44624362    -1.92874987
 H       -0.48977062    -2.20336357    -0.63214822
 C        1.35837108     1.16033773    -0.41344135
 C        0.10905895     1.17586644    -0.89733952
 H       -1.47155713    -0.04826926    -1.65827563
 C       -1.68147709     0.02102788     0.48022660
 H        1.74507981    -2.14265012     0.38272562
 H        1.97289081     2.05724057    -0.44838302
 H       -0.29982494     2.08699258    -1.32410075
 C        3.20975479     0.09447980     0.98658707
 H        3.55632486    -0.87079880     1.36544272
 H        4.01243980     0.52833323     0.37633699
 H        3.07071042     0.76659672     1.84279138
 C       -2.68709970    -1.13893187     0.54089295
 H       -2.20329852    -2.11871679     0.57525093
 H       -3.31374690    -1.05536132     1.43529206
 H       -3.35366910    -1.12497090    -0.33052879
 C       -2.43500248     1.35704935     0.57651724
 H       -1.01253653    -0.05421899     1.34785102
 H       -3.08567558     1.50492882    -0.29492464
 H       -3.07083526     1.37839220     1.46780099
 H       -1.75177953     2.20810934     0.63533728
