29
2-Methyloctane
 C       -1.53186234    -0.55273255     0.16138471
 C       -0.26427448     0.21981823    -0.22529795
 C       -2.85435038     0.06228188    -0.33369509
 C        1.02591296    -0.49013145     0.20339136
 C        2.29971805     0.27330855    -0.17623383
 C        3.58951437    -0.43805399     0.24904561
 C       -3.13464206     1.43621157     0.29283094
 C       -4.02471793    -0.89578446    -0.06932277
 C        4.85724430     0.33199885    -0.13340887
 H       -1.57509333    -0.65835697     1.25559748
 H       -1.45299196    -1.57423616    -0.23586011
 H       -0.24974896     0.37052183    -1.31424004
 H       -0.28257750     1.22270718     0.21987612
 H       -2.77081700     0.19817636    -1.42233143
 H        1.00852604    -0.64891831     1.29093215
 H        1.05545690    -1.49249321    -0.24672372
 H        2.31683666     0.43470552    -1.26350245
 H        2.27265438     1.27481650     0.27621857
 H        3.57207067    -0.59916536     1.33529927
 H        3.61702951    -1.43801185    -0.20428875
 H       -3.20201502     1.35883984     1.38519883
 H       -2.35274182     2.16424408     0.05784676
 H       -4.08460205     1.84458096    -0.06845129
 H       -4.15088328    -1.07165746     1.00605130
 H       -4.96725880    -0.48780887    -0.45006139
 H       -3.86159409    -1.86773504    -0.54731168
 H        4.87395572     1.32332280     0.33353929
 H        5.76047193    -0.19975999     0.18270221
 H        4.91931998     0.47827977    -1.21773913
