16
2-Methylthiacyclopentane
 C        2.29253456     0.17769517     0.22753712
 C        0.90027593     0.28229693    -0.38996238
 S       -0.11340568    -1.23841827    -0.05926708
 C       -1.66243490    -0.30334215     0.29399580
 C       -1.40854298     1.13394550    -0.17938818
 C        0.05554892     1.44798657     0.14053899
 H        2.84089079    -0.68410732    -0.16430444
 H        2.87681280     1.07665176    -0.00284857
 H        2.22995919     0.07246914     1.31487271
 H        0.99494856     0.37094165    -1.47761812
 H       -2.49562756    -0.77802841    -0.22806773
 H       -1.86285252    -0.33866476     1.36831629
 H       -1.57297892     1.20059597    -1.26102525
 H       -2.09776255     1.83554117     0.30285853
 H        0.19067370     1.52816414     1.22667501
 H        0.38154021     2.39594754    -0.30270075
