15
2-Methylpropane-1-thiol
 S       -1.82534355    -0.03598113    -0.10150693
 C        0.96028829    -0.00744485    -0.31341281
 C       -0.21085040     0.72535135     0.35894511
 C        2.25977040     0.77405252    -0.06582706
 C        1.09568987    -1.45891635     0.16701212
 H       -2.60741516     0.87828665     0.49994836
 H        0.76915743    -0.01690014    -1.39491987
 H       -0.22665822     1.77082862     0.04151344
 H       -0.10052963     0.69397441     1.44750111
 H        2.48939368     0.82568108     1.00513809
 H        3.10566536     0.28793813    -0.56243325
 H        2.19155552     1.79933420    -0.44427701
 H        1.28307080    -1.49458744     1.24698512
 H        0.19246311    -2.04216094    -0.03268852
 H        1.93382220    -1.95437231    -0.33352470
