21
2-Methylhex-1-ene
 C       -0.91892909     0.83149415     0.37244215
 C        0.50705712     0.67592019     0.94364246
 C       -1.61648287    -0.48196791     0.00133483
 C        1.49991187     0.04061951    -0.01616629
 C       -3.04915720    -0.27023013    -0.49854859
 C        1.82174134    -1.41601499     0.20336679
 C        2.06494427     0.74510009    -0.99772932
 H       -1.53057571     1.36519613     1.11260446
 H       -0.87416466     1.47716425    -0.51416783
 H        0.45868007     0.08505625     1.86732524
 H        0.86834027     1.67045657     1.22955515
 H       -1.62829868    -1.14810967     0.87493353
 H       -1.03538222    -0.99741768    -0.77289577
 H       -3.66761959     0.21511969     0.26500466
 H       -3.52682333    -1.21995007    -0.75980907
 H       -3.06587537     0.36700766    -1.38986929
 H        2.50856515    -1.79966828    -0.55593512
 H        0.91560735    -2.03356514     0.19255069
 H        2.28376609    -1.56496775     1.18821466
 H        1.85196376     1.80113136    -1.13849811
 H        2.76160765     0.29514204    -1.69833982
