12
2-Methylfuran
 O       -0.03298435    -1.04058093     0.00000000
 C       -1.35482229    -0.71781238    -0.00000000
 C       -1.51331291     0.62999964     0.00000000
 C       -0.18833167     1.18162493     0.00000000
 C        0.67259711     0.12660348     0.00000000
 H       -2.04005120    -1.54985844    -0.00000001
 H       -2.44845520     1.16839161    -0.00000001
 H        0.08571070     2.22557739     0.00000000
 C        2.15587225     0.01473642    -0.00000000
 H        2.51923074    -0.52381554    -0.88288972
 H        2.51923076    -0.52381542     0.88288977
 H        2.60253094     1.01153685    -0.00000008
