15
2-Methylpropan-2-thiol
 C       -0.42833494    -0.00487860    -0.00000000
 S        1.43370949     0.01349473     0.00000000
 C       -0.84499567     1.47392101    -0.00000024
 C       -0.94668278    -0.70638553    -1.26219027
 C       -0.94668278    -0.70638512     1.26219050
 H        1.61208194    -1.32116898     0.00000011
 H       -1.93815099     1.54763303    -0.00000020
 H       -0.47073710     1.99365039    -0.88710720
 H       -0.47073702     1.99365069     0.88710652
 H       -2.04360913    -0.68091010    -1.28199244
 H       -0.63721162    -1.75594513    -1.28947841
 H       -0.57411222    -0.21908674    -2.16683508
 H       -2.04360913    -0.68090973     1.28199264
 H       -0.63721156    -1.75594470     1.28947901
 H       -0.57411227    -0.21908600     2.16683515
