13
2-Methoxyethanol
 C        2.24817981     0.24113519     0.12650364
 O        0.94016650     0.22246072    -0.38417297
 C        0.09519400    -0.66749179     0.30357944
 C       -1.31180214    -0.54939489    -0.24915647
 O       -1.87160846     0.67189478     0.19695004
 H        2.82336499     0.95418634    -0.46978248
 H        2.73096988    -0.74810641     0.05871513
 H        2.27194213     0.55981204     1.18113415
 H        0.07830874    -0.43935610     1.38260933
 H        0.44633790    -1.70819269     0.18695516
 H       -1.89758851    -1.41501313     0.10242910
 H       -1.25997428    -0.59831076    -1.34724008
 H       -2.69346474     0.81903260    -0.27772373
