11
2-Nitrofuran
 O        0.75446927    -1.05007387    -0.00007937
 C        0.05577835     0.10217604    -0.00004420
 C        2.05932681    -0.69523396    -0.00001729
 C        2.19580597     0.66362351     0.00006241
 C        0.87336051     1.19383865     0.00003989
 H        2.76308352    -1.51195171    -0.00003591
 H        3.12221283     1.21607328     0.00014297
 H        0.55495816     2.22286349     0.00010185
 N       -1.37134991     0.00881021    -0.00001227
 O       -1.87429572    -1.10565366     0.00010728
 O       -1.97483507     1.07799128    -0.00006096
