18
2-Pentanol
 C       -2.84655575     0.20574344    -0.18825209
 C       -1.49720437    -0.30582127     0.32398262
 H       -2.87231174     0.22827259    -1.28384012
 H       -3.04835836     1.22336257     0.16556760
 H       -3.66933036    -0.43248012     0.14952505
 C       -0.31593707     0.56194885    -0.12260618
 H       -1.32701635    -1.33200585    -0.01880480
 H       -1.51364623    -0.35087131     1.42118765
 H       -0.31480345     0.65004046    -1.22059327
 C        1.04786518     0.01894022     0.32482810
 H       -0.43587037     1.58398799     0.26194151
 O        1.26859156    -1.30596161    -0.15659300
 H        1.03881869    -0.09434631     1.41700416
 C        2.20087414     0.94477009    -0.06711379
 H        2.23109763     1.08745311    -1.15510420
 H        3.15654324     0.51610368     0.24710411
 H        2.09310273     1.93238071     0.39337221
 H        1.32836175    -1.25951633    -1.11694208
