12
2-Propanethiol
 C       -1.18542398    -1.27204204     0.11885863
 C       -0.49428512     0.00000000    -0.37704342
 C       -1.18542398     1.27204204     0.11885864
 H       -0.69498812     2.16840601    -0.26762252
 H       -1.16988287     1.32207860     1.21325088
 H       -2.23455364     1.28329249    -0.20041616
 H       -0.69498803    -2.16840600    -0.26762242
 H       -2.23455360    -1.28329257    -0.20041628
 H       -1.16988300    -1.32207853     1.21325088
 H       -0.49022741     0.00000001    -1.47314886
 S        1.31184143     0.00000000     0.00916907
 H        1.18712785    -0.00000007     1.35077221
