21
2-(Propan-2-ylsulfanyl)propane
 S       -0.00000003    -0.82643521    -0.00000010
 C       -1.43686277     0.31089263    -0.19457388
 C        1.43686255     0.31089283     0.19457363
 C       -2.63409357    -0.55414985    -0.60424658
 C       -1.73241064     1.11987137     1.07059225
 C        2.63409296    -0.55414934     0.60424822
 C        1.73241150     1.11986971    -1.07059343
 H       -1.20289345     0.99309802    -1.01866207
 H        1.20289269     0.99309914     1.01866089
 H       -2.43609653    -1.09675937    -1.53246948
 H       -3.51735971     0.07620630    -0.75412369
 H       -2.87280610    -1.28633969     0.17462650
 H       -2.59196721     1.78084567     0.90401610
 H       -1.96683161     0.45555569     1.90813445
 H       -0.88701531     1.74853830     1.36401097
 H        2.43609531    -1.09675746     1.53247180
 H        3.51735919     0.07620681     0.75412482
 H        2.87280570    -1.28634039    -0.17462366
 H        2.59196800     1.78084419    -0.90401768
 H        1.96683298     0.45555272    -1.90813445
 H        0.88701639     1.74853621    -1.36401375
