19
2-Propoxyethanol
 O        0.03464677    -0.34822073    -0.00001013
 O       -3.49672973     0.28070827     0.00001559
 C        1.21805845     0.41872268    -0.00001060
 C        2.41592379    -0.52204198     0.00000693
 C       -1.13769472     0.42906682    -0.00000851
 C        3.74848316     0.23200063     0.00000937
 C       -2.32732480    -0.51942145    -0.00000352
 H       -4.25993230    -0.30189047     0.00000185
 H        1.24777711     1.07682587    -0.88666420
 H        1.24776599     1.07684319     0.88663048
 H        2.34678074    -1.17349401     0.87883605
 H        2.34679379    -1.17351164    -0.87881014
 H       -1.18672711     1.08087958     0.88797659
 H       -1.18673121     1.08087810    -0.88799442
 H        3.84519022     0.87217689     0.88404000
 H        4.59364212    -0.46246846     0.00002549
 H        3.84520609     0.87215518    -0.88403521
 H       -2.26919510    -1.16664425     0.88833245
 H       -2.26921516    -1.16663102    -0.88835032
