27
2-(tert-butylsulfanyl)-2-methylpropane
 S        0.00000003    -0.94767646     0.00000008
 C       -1.55684052     0.08575747     0.00066294
 C        1.55684052     0.08575750    -0.00066295
 C       -2.63599014    -0.95223575     0.36466654
 C       -1.55351151     1.20186268     1.05242526
 C       -1.85952228     0.65422609    -1.39509536
 C        2.63599044    -0.95223637    -0.36466385
 C        1.55351221     1.20186080    -1.05242731
 C        1.85952123     0.65422861     1.39509456
 H       -2.63653984    -1.79089597    -0.33852057
 H       -2.48269199    -1.35017002     1.37140232
 H       -3.62435275    -0.47954610     0.32565900
 H       -1.31324179     0.81346067     2.04559050
 H       -2.54863830     1.66231329     1.09839006
 H       -0.84224884     1.99512452     0.80874132
 H       -1.87679805    -0.14131166    -2.14470585
 H       -2.84231006     1.14342023    -1.39214039
 H       -1.12184005     1.39642950    -1.70568622
 H        2.48269294    -1.35017262    -1.37139895
 H        2.63653977    -1.79089520     0.33852491
 H        3.62435297    -0.47954654    -0.32565667
 H        1.31324364     0.81345686    -2.04559207
 H        2.54863885     1.66231176    -1.09839195
 H        0.84224892     1.99512277    -0.80874556
 H        2.84230939     1.14342198     1.39213960
 H        1.87679565    -0.14130771     2.14470661
 H        1.12183933     1.39643323     1.70568324
