25
2-tert-butylphenol
 O        0.11126461     2.13431366     0.00000001
 C       -1.55206165    -0.22980902    -0.00000000
 C       -0.01263246    -0.25863872    -0.00000002
 C       -2.06877637     0.49366960    -1.26724560
 C       -2.15218538    -1.64884343    -0.00000008
 C       -2.06877632     0.49366945     1.26724571
 C        0.75690164     0.92576698    -0.00000001
 C        0.70820131    -1.45816074    -0.00000001
 C        2.15164774     0.88707730    -0.00000001
 C        2.10188399    -1.50850588     0.00000000
 C        2.83038825    -0.32647393    -0.00000000
 H       -1.73947808    -0.02942728    -2.17145718
 H       -1.71258769     1.52287291    -1.31786603
 H       -3.16463226     0.50898172    -1.26821199
 H       -3.24458053    -1.57733228    -0.00000005
 H       -1.86058455    -2.21957906     0.88759714
 H       -1.86058459    -2.21957895    -0.88759739
 H       -3.16463220     0.50898158     1.26821215
 H       -1.73947800    -0.02942757     2.17145721
 H       -1.71258761     1.52287274     1.31786627
 H        0.16651946    -2.39547422    -0.00000001
 H        2.70451556     1.82445110    -0.00000001
 H        2.60679999    -2.46860802     0.00000002
 H        3.91544047    -0.33964905     0.00000001
 H        0.76969686     2.83574909     0.00000001
