17
2,2-Dimethylpropanoic acid
 C       -1.26309014    -1.40118243    -0.00055403
 C       -0.64634505     0.00498047    -0.00000727
 C        0.88830271    -0.13425187    -0.00052080
 C       -1.09354265     0.77097586    -1.26514367
 C       -1.09196456     0.76934651     1.26667422
 O        1.47641387    -1.17926369    -0.00035187
 O        1.59475986     1.02687625    -0.00002799
 H        0.99944963     1.78422395    -0.00286414
 H       -0.95020482    -1.96576719    -0.88196761
 H       -0.94887236    -1.96712653     0.87951552
 H       -2.35567837    -1.33059310     0.00024360
 H       -0.76508659     0.25417111     2.17503485
 H       -0.70037458     1.79237751     1.30361780
 H       -2.18409221     0.84041489     1.29175446
 H       -0.76535829     0.25871168    -2.17469451
 H       -2.18584448     0.83943468    -1.29020176
 H       -0.70471816     1.79513723    -1.29974918
