18
2,2-Dimethylpropanol
 C       -0.48684567     0.89021627     1.26029967
 C       -0.45045962     0.00726664    -0.00000000
 C        0.83404871    -0.83620805     0.00000621
 O        1.96221431     0.02649632    -0.00000006
 C       -0.48684613     0.89019669    -1.26031340
 C       -1.65215744    -0.95266005     0.00000755
 H       -0.49152218     0.27769223     2.16949777
 H       -1.38793035     1.51292223     1.27255230
 H        0.38663440     1.54554620     1.30065894
 H        0.83937205    -1.48869992    -0.88902268
 H        0.83937223    -1.48868708     0.88904456
 H        2.75635830    -0.51339436     0.00000207
 H       -1.38793067     1.51290268    -1.27257526
 H       -0.49152325     0.27765854    -2.16950202
 H        0.38663409     1.54552576    -1.30068339
 H       -1.64979295    -1.59750296     0.88633502
 H       -1.64979230    -1.59751745    -0.88630937
 H       -2.59340606    -0.39280835     0.00000267
