16
2,2-Dimethylpropanal
 C        1.15141425    -0.46933390    -1.26034413
 C        0.41069352     0.02727008     0.00000008
 C       -0.96573250    -0.62620663     0.00000242
 O       -2.01920245    -0.04527414     0.00000062
 H        2.17935738    -0.09227945    -1.26444101
 H        0.65906942    -0.12174599    -2.17424896
 H        1.19777367    -1.56361013    -1.29362464
 C        0.28147961     1.55385865    -0.00000080
 C        1.15141891    -0.46933229     1.26034205
 H       -0.93014899    -1.74338835     0.00000559
 H        2.17936207    -0.09227787     1.26443467
 H        1.19777847    -1.56360848     1.29362371
 H        0.65907756    -0.12174328     2.17424834
 H        1.27145160     2.02143188    -0.00000368
 H       -0.26488597     1.90109874     0.88118359
 H       -0.26489058     1.90109727    -0.88118288
