17
2,2-Dimethylpropane
 C       -0.00002621    -0.00000000    -0.00009270
 C       -0.98182852    -0.00004022    -1.18549082
 C       -0.79067028     0.00004359     1.32059730
 C        0.88625977    -1.25672893    -0.06750759
 C        0.88625815     1.25672555    -0.06759153
 H       -0.44735763    -0.00007190    -2.14218247
 H       -1.62774973    -0.88503333    -1.16395042
 H       -1.62775078     0.88495356    -1.16400961
 H       -0.11720694     0.00007289     2.18509710
 H       -1.43233267     0.88505622     1.39766315
 H       -1.43233154    -0.88496471     1.39772225
 H        1.59715281    -1.28450144     0.76603263
 H        0.28230228    -2.16998338    -0.02160936
 H        1.46295476    -1.28462964    -0.99892695
 H        1.59715110     1.28455469     0.76594689
 H        1.46295317     1.28456478    -0.99901271
 H        0.28229948     2.16998230    -0.02175437
