19
2,2-Dimethoxypropane
 C       -1.74959375     1.17698559    -0.07154556
 O       -0.86751479     0.32782501    -0.78181625
 C       -0.00001020    -0.47642920     0.00000170
 O        0.86711568     0.32811781     0.78183514
 C        1.74949494     1.17707777     0.07169586
 C       -0.74920735    -1.34032976     1.01844845
 C        0.74969578    -1.33971131    -1.01862839
 H       -2.15837798     1.88142252    -0.80061952
 H       -1.22908392     1.73618254     0.71482572
 H       -2.58285782     0.62202714     0.38072917
 H        2.15836950     1.88136058     0.80086251
 H        1.22921970     1.73650620    -0.71466043
 H        2.58269682     0.62196031    -0.38052437
 H       -1.18074879    -0.72252184     1.80883675
 H       -0.05743633    -2.04518810     1.48581726
 H       -1.54616398    -1.90138463     0.52333040
 H        1.17958291    -0.72143317    -1.80953258
 H        0.05871502    -2.04587031    -1.48521575
 H        1.54790137    -1.89922112    -0.52381628
