32
2,2-Metaparacyclophane
 C       -0.69899422     2.23274961    -0.55070057
 C       -1.40414583     1.47600244     0.39176026
 C        0.69658870     2.23332037    -0.55088846
 C       -0.69558830     1.01443230     1.50583989
 C       -2.72819192     0.83368284     0.05095099
 C        0.69460643     1.01503585     1.50564227
 C        1.40254657     1.47722956     0.39142441
 C        2.72736993     0.83655660     0.05072404
 C        2.48432808    -0.39273013    -0.92182982
 C       -2.48344842    -0.39447740    -0.92232575
 C       -1.21040524    -2.20961684     0.35460847
 C       -1.22560660    -1.18253417    -0.59462203
 C        0.00108078    -2.74649772     0.79065373
 C        0.00058876    -0.76917549    -1.12611848
 C        1.22694726    -1.18163099    -0.59429535
 C        1.21225212    -2.20854630     0.35509923
 H       -1.23049305     2.69006808    -1.38190978
 H        1.22750909     2.69106942    -1.38222399
 H       -1.22636111     0.50199411     2.30303928
 H       -3.21395744     0.47144473     0.96315659
 H       -3.42432574     1.52348885    -0.43951646
 H        1.22620258     0.50322893     2.30271287
 H        3.42244392     1.52713382    -0.44015529
 H        3.21359542     0.47560018     0.96317922
 H        2.40362197    -0.00215116    -1.94198125
 H        3.37225129    -1.03413717    -0.89252135
 H       -3.37087181    -1.03667302    -0.89426784
 H       -2.40247661    -0.00286629    -1.94202934
 H       -2.14503015    -2.57629458     0.77097245
 H        0.00130197    -3.55701265     1.51345803
 H        0.00044941    -0.00290272    -1.89221368
 H        2.14699619    -2.57444558     0.77189877
