28
2,2,4,4-Tetramethyllpentan-3-one
 O       -0.00000001    -1.79755032     0.00000038
 C       -1.38188407     0.13964225     0.00099305
 C        1.38188416     0.13964226    -0.00099289
 C        0.00000008    -0.58542569     0.00000036
 C       -2.44673524    -0.87622711     0.46066769
 C       -1.70591166     0.54928382    -1.45766040
 C       -1.46827681     1.37278347     0.92187622
 C        2.44673602    -0.87622865    -0.46066247
 C        1.70591034     0.54928968     1.45765919
 C        1.46827725     1.37277981    -0.92188100
 H       -2.25190009    -1.21948937     1.48110160
 H       -2.46063618    -1.75621320    -0.18351736
 H       -3.43568737    -0.40626738     0.43992371
 H       -1.62734813    -0.30999790    -2.13111996
 H       -1.05066092     1.33877595    -1.83042654
 H       -2.73525181     0.92091211    -1.50835086
 H       -2.48114548     1.78718350     0.86742243
 H       -1.28197635     1.10656306     1.96690468
 H       -0.77937024     2.17266563     0.64467389
 H        2.25190183    -1.21949526    -1.48109508
 H        2.46063674    -1.75621210     0.18352623
 H        3.43568797    -0.40626850    -0.43991954
 H        1.62734579    -0.30998921     2.13112227
 H        1.05065965     1.33878365     1.83042146
 H        2.73525062     0.92091766     1.50834918
 H        0.77937035     2.17266294    -0.64468225
 H        1.28197730     1.10655511    -1.96690846
 H        2.48114582     1.78718024    -0.86742840
