12
2,3-Butanedione
 C       -1.78078571    -0.85797304    -0.00000387
 C       -0.73916556     0.23387677    -0.00000302
 H       -1.64721071    -1.50301804    -0.87437002
 H       -2.77762719    -0.41648293    -0.00050922
 H       -1.64791436    -1.50235388     0.87497745
 C        0.73916556    -0.23387677     0.00000256
 C        1.78078574     0.85797303     0.00001200
 H        1.64790809     1.50236693    -0.87495859
 H        2.77762723     0.41648294     0.00050478
 H        1.64721697     1.50300502     0.87438886
 O       -0.98958390     1.41620410    -0.00000257
 O        0.98958387    -1.41620410    -0.00000528
