20
2,3-Dimethylbutane
 C        1.51532441    -1.25375083     0.06130325
 C        0.70836536     0.00001345    -0.31504576
 H        0.57748436    -0.00013002    -1.40837540
 C       -0.70836511    -0.00001297     0.31504541
 C        1.51500288     1.25401834     0.06125754
 C       -1.51532526     1.25375049    -0.06130357
 H       -2.52510097     1.20256466     0.35943893
 H       -1.05456196     2.17401475     0.30630569
 H       -1.61718021     1.34130244    -1.15029431
 C       -1.51500223    -1.25401838    -0.06125698
 H       -0.57748348     0.00013099     1.40837499
 H        1.61701034     1.34120570     1.15025066
 H        2.52475145     1.20351441    -0.35961793
 H        1.05367288     2.17428617    -0.30576751
 H        1.05456472    -2.17401390    -0.30631352
 H        2.52510316    -1.20256204    -0.35943160
 H        1.61717154    -1.34130763     1.15029433
 H       -1.05367146    -2.17428598     0.30576770
 H       -2.52475050    -1.20351498     0.35961928
 H       -1.61701045    -1.34120573    -1.15025003
