24
2,3-Dimethylhex-2-ene
 C       -0.98481047     0.14486536     0.63708750
 C        0.42322075     0.53783804     0.22140003
 C       -1.93504708    -0.08788821    -0.55452552
 C        1.41018910    -0.35427367     0.02395550
 C        0.57799209     2.03202829     0.04466083
 C       -3.37381047    -0.38289571    -0.11994239
 C        2.82291783     0.00322327    -0.37719738
 C        1.23229580    -1.84812289     0.17901698
 H       -0.98230160    -0.74931630     1.26840144
 H       -1.40202082     0.94748080     1.26080915
 H       -1.55085148    -0.91869981    -1.15886900
 H       -1.92229375     0.79271984    -1.20906652
 H        0.51150067     2.54596544     1.01338526
 H       -0.23992608     2.43091685    -0.56870050
 H        1.51358638     2.33141777    -0.42777877
 H       -3.42094093    -1.27558723     0.51421302
 H       -4.02549205    -0.55336166    -0.98298174
 H       -3.79291157     0.45083755     0.45477908
 H        3.07415605    -0.43764116    -1.35145430
 H        3.53903760    -0.41830277     0.34093186
 H        3.01182910     1.07478311    -0.43698249
 H        1.51844024    -2.36359620    -0.74752000
 H        0.21333348    -2.15054310     0.42038902
 H        1.89560791    -2.24019255     0.96205488
