18
2,3-Dimethylbut-2-ene
 C        0.67267863    -0.00004746     0.00001106
 C       -0.67267864     0.00004785    -0.00001434
 C       -1.52661948     1.24810868    -0.00000870
 C       -1.52697060    -1.24782862     0.00001404
 C        1.52661870    -1.24810874    -0.00004070
 C        1.52697130     1.24782842     0.00003714
 H       -2.18606135     1.26071831    -0.87823557
 H       -0.96137959     2.17936769     0.00128754
 H       -2.18803732     1.25924732     0.87673856
 H       -0.96207303    -2.17934553    -0.00061644
 H       -2.18799279    -1.25915213    -0.87704227
 H       -2.18688104    -1.25979695     0.87791296
 H        2.18580385    -1.26094920     0.87837662
 H        2.18829300    -1.25901713    -0.87659621
 H        0.96137892    -2.17936717    -0.00176146
 H        2.18820640     1.25894558     0.87693484
 H        0.96207500     2.17934577     0.00103882
 H        2.18666893     1.26000179    -0.87801963
