12
2,3-Dichloropropanol
Cl       -0.60929965     1.44344906     0.10514052
Cl        2.39793521    -0.18848359    -0.19543824
 O       -2.78362172    -0.69199901    -0.39683474
 C       -0.37048535    -0.33817053    -0.18718345
 C       -1.62495116    -1.07990438     0.29265674
 C        0.87830760    -0.83269019     0.52149427
 H       -2.90862234     0.25202500    -0.24557535
 H       -0.27286146    -0.43718951    -1.26919325
 H       -1.72494680    -0.95625007     1.38257287
 H       -1.48688930    -2.14830393     0.08676648
 H        0.93575797    -1.92056989     0.43635614
 H        0.87623126    -0.55165174     1.57501246
