24
2,3-Dimethylnaphthalene
 C       -1.93697295     1.40004091    -0.00023792
 C       -3.12421650     0.70716649    -0.00022400
 C       -0.69590987     0.71391138    -0.00000358
 C       -3.12423610    -0.70716760     0.00003480
 C       -1.93698383    -1.40002456     0.00022733
 C       -0.69593836    -0.71387209     0.00019584
 C        0.55100417     1.38836353     0.00000660
 C        0.55096043    -1.38834084     0.00020178
 C        1.75185480     0.71621430     0.00010046
 C        1.75182258    -0.71621570     0.00008379
 H        0.54758326    -2.47586053     0.00010411
 C        3.05483839    -1.47690423    -0.00049336
 H       -4.06804295     1.24331867    -0.00043301
 H       -4.06805789    -1.24332688     0.00003681
 H       -1.93283169    -2.48656368     0.00038290
 C        3.05492434     1.47684908     0.00024323
 H       -1.93289966     2.48658664    -0.00042978
 H        0.54763206     2.47587843    -0.00005905
 H        2.87880787     2.55543733    -0.00097711
 H        3.66592054     1.23549040    -0.87801155
 H        3.66457264     1.23737990     0.87996157
 H        2.87866058    -2.55547257    -0.00049200
 H        3.66573672    -1.23664336     0.87812265
 H        3.66467627    -1.23647050    -0.87981256
