18
2,3-Dimethylbut-1-ene
 C        1.40550760    -0.07566334     1.26508531
 C        0.68400896     0.45986172     0.01373801
 H        0.90623957     0.25431563     2.18141855
 H        2.43980394     0.28341604     1.29328630
 H        1.43943686    -1.17043630     1.27393729
 C       -0.79252446     0.09467117     0.00291204
 H        0.73782002     1.55513383     0.04676090
 C        1.40496751     0.00054470    -1.26785169
 C       -1.73197955     1.04115061     0.03020085
 C       -1.16099661    -1.36904011    -0.03963553
 H       -1.47863462     2.09682746     0.06120196
 H       -2.79033599     0.79760881     0.02264289
 H       -2.24581919    -1.50115236    -0.04729250
 H       -0.76201760    -1.91156452     0.82564712
 H       -0.75551290    -1.86224069    -0.93100141
 H        0.90427147     0.38353721    -2.16251393
 H        1.44038410    -1.09172880    -1.34142150
 H        2.43875461     0.36211328    -1.27563868
