24
2,3,4-Trimethylpent-1-ene
 C       -0.03747563    -0.29120104    -0.77370551
 C        1.38499573    -0.09903344    -0.15460662
 C       -1.16710180     0.36837937     0.01202163
 C       -0.32152211    -1.77284665    -1.07887581
 C        1.84584872     1.36265950    -0.23424100
 C        1.55178470    -0.62760075     1.27827524
 C       -1.83405613    -0.40189988     1.12921556
 C       -1.59098666     1.59411807    -0.30639116
 H        0.00400462     0.22672115    -1.74056220
 H        2.05472912    -0.68840869    -0.79753157
 H       -1.28661282    -1.89251739    -1.58198606
 H        0.45183690    -2.17994703    -1.73858410
 H       -0.34177751    -2.38929338    -0.17508426
 H        1.20159719     2.01254087     0.36668852
 H        2.87070269     1.46745578     0.13778856
 H        1.82497978     1.73332641    -1.26493780
 H        1.21165399    -1.66220760     1.38541923
 H        2.60727227    -0.59898883     1.56941805
 H        1.00174836    -0.01134530     1.99714733
 H       -1.11853292    -0.76056976     1.87550081
 H       -2.57568522     0.21825350     1.63948463
 H       -2.34974058    -1.28953597     0.74355494
 H       -1.15807449     2.15362703    -1.13004173
 H       -2.39165368     2.08234717     0.24145547
