24
2,4-Dimethyl-3-methylidenepentane
 C        1.47523438    -0.00000897     0.25014975
 C       -1.02658163     0.00001963    -0.51184115
 C        0.00040855    -0.00003046     0.62178196
 C        1.87649801    -1.26871410    -0.52654208
 C        1.87648733     1.26875839    -0.52644565
 C       -1.89987978     1.26800899    -0.49361006
 C       -1.89990376    -1.26795424    -0.49370605
 C       -0.37338890    -0.00009024     1.90233245
 H        2.04003128    -0.00004279     1.19083769
 H       -0.47948992     0.00004986    -1.46204152
 H        2.95221541    -1.26653333    -0.73315319
 H        1.35917065    -1.33581089    -1.48975850
 H        1.64211765    -2.17157722     0.04568837
 H        2.95220481     1.26660244    -0.73305649
 H        1.64209912     2.17157633     0.04585288
 H        1.35915961     1.33592290    -1.48965708
 H       -2.49795992     1.31986763     0.42202782
 H       -2.58870183     1.27697912    -1.34580090
 H       -1.28799675     2.17392893    -0.54114089
 H       -1.28803746    -2.17388211    -0.54130105
 H       -2.58872225    -1.27684833    -1.34590054
 H       -2.49798972    -1.31986970     0.42192478
 H        0.35506436    -0.00012398     2.70765572
 H       -1.41696366    -0.00010797     2.20310097
