19
2,4-Dimethylphenol
 C        1.75250034     1.86801988     0.00004406
 C        0.70818171     0.78192706     0.00004993
 C        1.10032666    -0.56718157    -0.00021987
 C       -0.65509984     1.06278188     0.00054400
 O        2.44371769    -0.82144285    -0.00044376
 C        0.14630146    -1.58009428     0.00007614
 C       -1.63705049     0.06329829     0.00063964
 C       -1.21179218    -1.26338346     0.00058839
 C       -3.10406068     0.42282941    -0.00088934
 H        1.28711696     2.85698640    -0.00122120
 H        2.40415374     1.79407181     0.87782098
 H        2.40561534     1.79253044    -0.87649829
 H       -0.96461864     2.10576682     0.00097505
 H        2.58167449    -1.77344856    -0.00052461
 H        0.46446723    -2.62041289     0.00016839
 H       -1.94442197    -2.06536896     0.00097714
 H       -3.37785295     0.99782808    -0.89343702
 H       -3.73157963    -0.47255670     0.02115982
 H       -3.37004047     1.03654679     0.86770483
