23
2,4-Dimethylpentane
 C       -0.00000002     0.66842008    -0.00000042
 C        1.29597292    -0.13431536    -0.22535221
 C       -1.29597283    -0.13431538     0.22535220
 C        1.65459604    -1.02011662     0.97679066
 C        2.45461712     0.81961534    -0.55211781
 C       -1.65459650    -1.02011649    -0.97679063
 C       -2.45461671     0.81961557     0.55211820
 H       -0.15416266     1.33201285    -0.86356220
 H        0.15416238     1.33201375     0.86356073
 H        1.15249754    -0.78754679    -1.09669413
 H       -1.15249709    -0.78754688     1.09669400
 H        1.78212913    -0.41445707     1.88267312
 H        0.88430531    -1.76911125     1.18398531
 H        2.59448124    -1.55459895     0.80173566
 H        2.64942383     1.50033580     0.28571127
 H        3.37955545     0.26810745    -0.75227075
 H        2.23155341     1.43247757    -1.43211733
 H       -1.78213088    -0.41445670    -1.88267275
 H       -0.88430546    -1.76911052    -1.18398626
 H       -2.59448114    -1.55459957    -0.80173493
 H       -2.64942344     1.50033615    -0.28571077
 H       -3.37955516     0.26810791     0.75227131
 H       -2.23155264     1.43247765     1.43211773
