11
2,5-Dihydrothiophene
 S       -1.20627438     0.00000303    -0.00000930
 C        0.04688543    -1.35179066     0.00001105
 C        0.04689325     1.35179028     0.00002377
 C        1.38284427    -0.66443405     0.00001388
 C        1.38285501     0.66442726    -0.00002510
 H       -0.08971157    -1.98494650     0.88375883
 H       -0.08970740     1.98496790    -0.88370741
 H       -0.08967462    -1.98488564    -0.88378695
 H       -0.08965980     1.98487288     0.88383330
 H        2.28952110    -1.26243677    -0.00001628
 H        2.28954068     1.26241735    -0.00006730
