26
2,5-Dimethylhexane
 C       -0.59578400     0.41564276     0.24674927
 C       -1.96285254    -0.00121345    -0.33076516
 C       -3.04004877     1.02470684     0.05003622
 C       -2.38728593    -1.40964797     0.11097536
 C        0.59578367    -0.41564342    -0.24674583
 C        1.96285271     0.00121582     0.33076531
 C        2.38728654     1.40964713    -0.11098505
 H        1.87411065     0.00341840     1.42740279
 C        3.04004831    -1.02470744    -0.05002986
 H        0.64385748    -0.36633016    -1.34497151
 H        0.43004728    -1.47119592     0.00137819
 H       -0.64385950     0.36632659     1.34497473
 H       -0.43004631     1.47119579    -0.00137163
 H       -3.16557219     1.07387737     1.13867043
 H       -2.77699104     2.02905096    -0.29904351
 H       -4.01131690     0.76205372    -0.38286094
 H        4.01131702    -0.76205133     0.38286420
 H        2.77699083    -2.02904897     0.29905755
 H        3.16557042    -1.07388596    -1.13866386
 H       -2.46741859    -1.46666445     1.20369454
 H       -3.36577831    -1.67160949    -0.30575862
 H       -1.67721949    -2.17652856    -0.21175471
 H       -1.87410985    -0.00340860    -1.42740261
 H        3.36577855     1.67161173     0.30574783
 H        2.46742009     1.46665555    -1.20370458
 H        1.67721987     2.17653016     0.21173871
