16
2,5-Dimethyl-1H-pyrrole
 N        0.00000245     0.82842536     0.00005315
 C        1.13461083     0.04537503     0.00028026
 C       -1.13461025     0.04538324    -0.00024750
 C        0.71294532    -1.26491623     0.00019899
 C       -0.71295185    -1.26491276    -0.00020484
 H        0.00002058     1.83419088    -0.00004261
 H        1.36150975    -2.12880680     0.00018945
 C        2.50535719     0.63884080    -0.00015527
 H       -1.36151699    -2.12880539    -0.00018663
 C       -2.50535664     0.63884385     0.00009508
 H        3.25349639    -0.15740281    -0.00063203
 H        2.68978297     1.26392163     0.88345621
 H        2.68899038     1.26419388    -0.88375564
 H       -3.25347119    -0.15742250    -0.00000603
 H       -2.68953099     1.26431802    -0.88329068
 H       -2.68925067     1.26379771     0.88392569
