17
2,6-Dimethylpyridine
 C        2.41438718    -1.11007263    -0.00020078
 C        1.15439184    -0.28090857     0.00024679
 C        1.19750537     1.11644455     0.00025937
 N        0.00005730    -0.95811165     0.00010419
 C       -0.00007255     1.82225794    -0.00003527
 C       -1.19757846     1.11633620    -0.00025443
 C       -1.15431119    -0.28101655    -0.00012615
 C       -2.41435576    -1.11011271     0.00007312
 H        3.31163054    -0.48602949     0.00770255
 H        2.43715289    -1.76801829     0.87451182
 H        2.44484207    -1.75565840    -0.88397202
 H        2.15109640     1.63359147     0.00043543
 H       -0.00012880     2.90816010    -0.00006636
 H       -2.15127464     1.63331687    -0.00045598
 H       -2.43861121    -1.76577504    -0.87633978
 H       -2.44368268    -1.75798175     0.88219466
 H       -3.31142105    -0.48579974    -0.00501322
