20
2,6-Dimethylaniline
 C       -1.19945373     1.40298069    -0.00173470
 C       -1.22255545     0.00896036    -0.00406976
 C        0.00000000    -0.69288033    -0.00875220
 C        1.22255545     0.00896037    -0.00406976
 C        1.19945371     1.40298070    -0.00173471
 C       -0.00000001     2.10831698    -0.00346129
 N        0.00000003    -2.09216823     0.04547296
 C        2.52930820    -0.74492290     0.00912517
 H        2.14408015     1.94017198     0.00160045
 H       -0.00000002     3.19301907    -0.00056037
 H       -2.14408018     1.94017195     0.00160046
 C       -2.52930820    -0.74492293     0.00912516
 H       -0.83232705    -2.53201678    -0.31692400
 H        0.83232700    -2.53201676    -0.31692425
 H       -3.37675766    -0.05642795     0.05184060
 H       -2.66061968    -1.36307698    -0.89094726
 H       -2.60117059    -1.41924751     0.87197631
 H        3.37675766    -0.05642793     0.05184066
 H        2.60117056    -1.41924752     0.87197630
 H        2.66061972    -1.36307692    -0.89094727
