25
2,6-Dimethylhept-3-yne
 C       -3.47976395    -0.95851273     0.38679727
 C       -2.53940678     0.25904767     0.28456776
 C       -2.95514888     1.18994759    -0.87179712
 C       -1.14408367    -0.16331986     0.14807513
 C       -0.00274859    -0.52999021     0.01929180
 C        1.38715228    -0.94606622    -0.14046896
 C        2.38987158     0.22966997    -0.24975546
 C        3.79236126    -0.30177680    -0.56744736
 C        2.39154055     1.08690774     1.02041282
 H       -4.51403319    -0.62973400     0.53201448
 H       -3.19999924    -1.60201256     1.22501355
 H       -3.43498151    -1.55685475    -0.52858696
 H       -2.63087714     0.82909859     1.22011701
 H       -2.89399205     0.66401629    -1.82972060
 H       -2.30328801     2.06591681    -0.92524559
 H       -3.98577168     1.53283572    -0.73337569
 H        1.47711364    -1.57457536    -1.03649254
 H        1.68143625    -1.58449581     0.70516427
 H        2.06005248     0.85837491    -1.08711665
 H        4.15680987    -0.95250269     0.23678489
 H        4.50814759     0.51909817    -0.67759051
 H        3.80204301    -0.88236600    -1.49619036
 H        1.38895469     1.46153248     1.24413202
 H        3.06283594     1.94519981     0.91369366
 H        2.73332582     0.50308113     1.88405536
