20
2‐(acetyloxy)ethyl acetate
 C        2.37547167    -1.40321036     0.59759595
 C        1.60087058    -0.43444167    -0.25877183
 O        1.08922101    -0.69086591    -1.31998300
 O        1.52720777     0.77366415     0.34463862
 C        0.71027948     1.77496484    -0.27553626
 C       -0.71028020     1.77496482     0.27553665
 O       -1.52720856     0.77366405    -0.34463813
 C       -1.60087113    -0.43444185     0.25877211
 O       -1.08921893    -0.69086720     1.31998175
 C       -2.37547201    -1.40321068    -0.59759573
 H        3.22976588    -0.91644430     1.07195731
 H        1.70557889    -1.75580130     1.38903236
 H        2.69635093    -2.25183205    -0.00614860
 H        0.69949006     1.62739600    -1.35810187
 H        1.18744470     2.72903737    -0.03344360
 H       -1.18744552     2.72903728     0.03344391
 H       -0.69949085     1.62739615     1.35810229
 H       -2.69635532    -2.25183014     0.00614984
 H       -3.22976322    -0.91644404    -1.07196181
 H       -1.70557687    -1.75580558    -1.38902842
