12
(2E)-1,4-dichlorobut-2-ene
Cl        2.88680129     0.65256749    -0.07460665
Cl       -2.88680130     0.65256749     0.07460665
 C        0.58035073    -0.79767921    -0.32767578
 C       -0.58035072    -0.79767916     0.32767577
 C        1.90757981    -0.82700247     0.34850791
 C       -1.90757981    -0.82700248    -0.34850789
 H        0.59694861    -0.78687163    -1.41563216
 H       -0.59694858    -0.78687151     1.41563216
 H        1.81693897    -0.83920443     1.43467925
 H        2.51828395    -1.67145893     0.02374511
 H       -1.81693900    -0.83920448    -1.43467923
 H       -2.51828393    -1.67145893    -0.02374503
