24
(2E)-3,4,4-trimethylpent-2-ene
 C        0.99765401     0.14588795    -0.00183628
 C       -0.48926293    -0.25205013     0.00200225
 C        1.73832557    -0.60675223    -1.13225537
 C        1.21387023     1.65413859    -0.22016866
 C        1.63744608    -0.22945673     1.35709410
 C       -0.77343432    -1.74069196     0.00418058
 C       -1.47145199     0.65868196    -0.00350083
 C       -2.95807486     0.43307976    -0.00389406
 H       -1.19988125     1.71021637    -0.01770760
 H        2.79508087    -0.31862516    -1.15004389
 H        1.30793036    -0.36736407    -2.11073550
 H        1.69632187    -1.69154982    -1.00166140
 H        2.28664373     1.87178335    -0.25359179
 H        0.78580306     2.25129901     0.59087863
 H        0.77427754     1.99345075    -1.16340544
 H        1.57847870    -1.30227043     1.56196336
 H        1.14150118     0.29786470     2.17831456
 H        2.69788476     0.04682541     1.36720846
 H       -0.64382720    -2.17522660    -0.99468791
 H       -1.79075555    -1.96690924     0.32641845
 H       -0.09523969    -2.28318165     0.67005205
 H       -3.41389231     0.87583866    -0.89924979
 H       -3.42677885     0.92956519     0.85566969
 H       -3.24419111    -0.61990461     0.02126838
