24
(2E)-3-ethyl-4-methylpent-2-ene
 C        1.30947339     0.27357561     0.17070095
 C       -0.15557956    -0.04847944    -0.10997072
 C       -0.99543345     1.15076292    -0.50880375
 C        2.01716331    -0.69956782     1.12266720
 C        2.10006456     0.39331889    -1.14982068
 C       -0.65013295    -1.28717208    -0.00220528
 C       -1.58478280     1.88947941     0.70748282
 C       -2.05740430    -1.74552346    -0.26498012
 H        1.32862208     1.26466524     0.64787941
 H       -1.80961350     0.85525119    -1.17752108
 H       -0.37588522     1.85293769    -1.07999354
 H        2.13946123    -1.69068559     0.67262842
 H        1.46286969    -0.81996227     2.05824475
 H        3.01963788    -0.33036681     1.36360885
 H        2.14513287    -0.57798319    -1.65438319
 H        3.12632159     0.72750697    -0.96161383
 H        1.63911869     1.10585596    -1.84070757
 H        0.02037925    -2.08254750     0.31683873
 H       -2.26918865     1.24083879     1.26300644
 H       -2.13742956     2.78212540     0.39591607
 H       -0.79812732     2.20881133     1.39932340
 H       -2.71901620    -0.94131551    -0.59369504
 H       -2.49779065    -2.18782864     0.63812697
 H       -2.07646121    -2.53089358    -1.03176043
