24
(2E)-3,5-dimethylhex-2-ene
 C        1.67796259    -0.07461669    -0.22679046
 C        0.53141264    -0.34795927     0.77700188
 C       -0.86078930    -0.38802782     0.18126721
 C        3.03805014    -0.20939475     0.47122026
 C        1.53549158     1.30100137    -0.89036729
 C       -1.12567620    -1.53723302    -0.76099262
 C       -1.76667759     0.54045881     0.51407261
 C       -3.18899818     0.67660527     0.05131269
 H        1.63270238    -0.83903576    -1.01452653
 H        0.73604540    -1.31085733     1.26868837
 H        0.56962725     0.41697357     1.56306453
 H        3.13916540     0.52812790     1.27682498
 H        3.16468738    -1.20363921     0.91332248
 H        3.86238178    -0.04656850    -0.23135168
 H        1.60664665     2.10103378    -0.14292791
 H        2.32662781     1.46622549    -1.62946860
 H        0.57003034     1.40641187    -1.39351271
 H       -0.87605014    -2.49235875    -0.28098607
 H       -2.16507632    -1.59030436    -1.08848704
 H       -0.50018186    -1.47087775    -1.65970170
 H       -1.45023565     1.31107841     1.21749558
 H       -3.49335167    -0.10382398    -0.64926940
 H       -3.88071961     0.64957549     0.90324428
 H       -3.34645169     1.64438090    -0.44221792
