21
(2E)-3-methylhex-2-ene
 C       -0.86079352     0.36932634     0.97533151
 C       -2.10481525     0.21529871     0.07302637
 C        0.46368302     0.38274621     0.23860311
 C       -2.15488337    -1.11925160    -0.67643786
 C        0.68915246     1.57633669    -0.65732525
 C        1.34696474    -0.60797707     0.41548748
 C        2.70368856    -0.78185500    -0.20486688
 H        1.06384657    -1.40672803     1.10153370
 H       -0.96368675     1.30594384     1.54255867
 H       -0.85726599    -0.44346774     1.71156683
 H       -2.14739215     1.04362547    -0.64485568
 H       -2.99858705     0.31662038     0.70087074
 H       -1.27842787    -1.24733728    -1.31923665
 H       -3.04904501    -1.18848228    -1.30415558
 H       -2.17237740    -1.96247473     0.02369920
 H       -0.03853047     1.60420731    -1.47763665
 H        1.68509643     1.59449636    -1.10247546
 H        0.55590799     2.50948906    -0.09468240
 H        2.75530208    -1.72110905    -0.77063081
 H        3.48078562    -0.84497442     0.56786097
 H        2.97615214     0.02792782    -0.88496585
