24
(2E)-3,4-dimethylhex-2-ene
 C        0.83960650     0.42854691    -0.50838755
 C        1.92264738    -0.45637056     0.14947344
 C       -0.54500351     0.23291733     0.09890995
 C        1.27324791     1.90752837    -0.49069928
 C        1.64989299    -1.95934282     0.04273325
 C       -0.69852362     0.58516748     1.55964622
 C       -1.54556148    -0.22094714    -0.66725549
 C       -2.97982141    -0.47486082    -0.29941594
 H       -1.31047448    -0.44058781    -1.70919756
 H        0.77014429     0.12192974    -1.56061050
 H        2.03930933    -0.17355634     1.20368584
 H        2.88412925    -0.22621946    -0.32731805
 H        0.51504839     2.54668607    -0.95404877
 H        2.21085848     2.03885463    -1.04149112
 H        1.44152597     2.26942972     0.52926696
 H        0.70796621    -2.23107114     0.52905428
 H        2.45200881    -2.54074729     0.50855741
 H        1.57681365    -2.27192836    -1.00519200
 H       -0.03642670    -0.02276938     2.18791249
 H       -1.71706455     0.43862325     1.92132756
 H       -0.42997633     1.63133945     1.74728485
 H       -3.24922958    -1.52244318    -0.48609924
 H       -3.65297164     0.13103767    -0.91979486
 H       -3.20726418    -0.25626750     0.74588656
