18
(2E)-4-methylpent-2-ene
 C        1.02639033     0.00000001    -0.31323749
 C        1.79852774     1.26644071     0.10062922
 C        1.79852715    -1.26644100     0.10062941
 C       -0.35946677     0.00000034     0.27715986
 C       -1.49880617    -0.00000011    -0.41222130
 C       -2.87569156     0.00000010     0.18569352
 H       -0.40290806     0.00000092     1.36902890
 H       -1.45177150    -0.00000070    -1.50218752
 H        0.93026044    -0.00000006    -1.40717058
 H        2.80458007     1.27207035    -0.33302771
 H        1.90605563     1.31906552     1.19062512
 H        1.27846108     2.17151460    -0.22739331
 H        1.27846021    -2.17151468    -0.22739327
 H        1.90605471    -1.31906588     1.19062533
 H        2.80457960    -1.27207105    -0.33302725
 H       -3.44974068    -0.87895165    -0.13442559
 H       -3.44974095     0.87895124    -0.13442680
 H       -2.83836306     0.00000086     1.27921454
