24
(2E)-4,4-dimethylhex-2-ene
 C       -0.55910581     0.84504592     1.38329523
 C       -0.47683083     0.27851107    -0.04277038
 C        0.93935041    -0.11042887    -0.42110548
 C        2.03990301    -0.05511118     0.32702624
 C        3.40826713    -0.46910077    -0.13432111
 C       -1.34400625    -1.00878519    -0.17277512
 C       -2.84860287    -0.85807895     0.08517892
 C       -0.95179221     1.35305051    -1.04789320
 H        0.09132961     1.71818846     1.49727293
 H       -1.57823883     1.16408823     1.61977174
 H       -0.25988366     0.10093844     2.12906960
 H        1.03528937    -0.48441628    -1.44326683
 H        1.98118964     0.31099357     1.35031054
 H        3.81554405    -1.27071266     0.49510909
 H        3.39335449    -0.82546347    -1.16878150
 H        4.11915658     0.36484887    -0.07265089
 H       -1.19885697    -1.41634641    -1.18197489
 H       -0.93524375    -1.75896991     0.51571425
 H       -3.05901461    -0.50587341     1.09968276
 H       -3.31883964    -0.16136849    -0.61548936
 H       -3.34833173    -1.82507406    -0.03322793
 H       -0.30300204     2.23361116    -1.00335879
 H       -0.92692667     0.97202874    -2.07508069
 H       -1.97440113     1.67997558    -0.83489952
