24
(2E)-4-ethylhex-2-ene
 C       -0.74171262     0.00000050    -0.16563965
 C       -1.50246729     1.26864901     0.28256191
 C       -1.50246936    -1.26864664     0.28256218
 C        0.66954022    -0.00000069     0.36119857
 C       -0.92816161     2.57295333    -0.27787036
 C       -0.92816640    -2.57295197    -0.27787053
 C        1.78385541    -0.00000121    -0.36963582
 C        3.18153835    -0.00000236     0.17846059
 H       -0.69994924     0.00000037    -1.26494750
 H       -2.55207246     1.17150595    -0.02325544
 H       -1.50857591     1.30922027     1.38066887
 H       -1.50857750    -1.30921798     1.38066913
 H       -2.55207452    -1.17150167    -0.02325461
 H        0.75735909    -0.00000114     1.45092275
 H       -0.95612503     2.57609494    -1.37361707
 H       -1.50062142     3.43811632     0.07163944
 H        0.11422067     2.71115900     0.02431249
 H        0.11421570    -2.71115988     0.02431192
 H       -1.50062782    -3.43811389     0.07163929
 H       -0.95613021    -2.57609331    -1.37361723
 H        1.69748941    -0.00000074    -1.45693156
 H        3.18392650    -0.00000284     1.27263000
 H        3.74352031    -0.87879474    -0.16254523
 H        3.74352145     0.87878960    -0.16254446
