24
(2E)-4-methhylhept-2-ene
 C        0.16653784    -2.04303340    -0.13341373
 C       -0.05356448    -0.56373639     0.23739996
 C       -1.37566305    -0.08294137    -0.30281066
 C       -2.39545613     0.36879230     0.42485877
 C       -3.70816885     0.84831678    -0.12327938
 C        1.09094544     0.34431742    -0.26868323
 C        2.46902287     0.05760892     0.34167970
 C        3.53680621     1.05477206    -0.12091070
 H        1.09262216    -2.43678420     0.29574731
 H        0.22253072    -2.16712576    -1.22169534
 H       -0.66119232    -2.65974619     0.22948900
 H       -0.08580425    -0.48548787     1.33324236
 H       -1.47861872    -0.11806883    -1.38999359
 H       -2.29111513     0.40166183     1.51034759
 H       -3.73448612     0.78427393    -1.21525961
 H       -3.90224444     1.89065324     0.16037407
 H       -4.54508161     0.25825459     0.27168378
 H        0.82016522     1.38680819    -0.05694052
 H        1.15363191     0.26459545    -1.36390226
 H        2.79151055    -0.95824874     0.08474445
 H        2.39191872     0.08601237     1.43707070
 H        3.26725277     2.08031081     0.15546201
 H        3.65702708     1.02839032    -1.20987483
 H        4.51123596     0.83386234     0.32652896
