24
(2E)-5-methylhept-2-ene
 C        0.86160483     1.47365464     0.24317862
 C        1.02256991     0.01698464    -0.21307856
 C       -0.16275820    -0.85209077     0.27183253
 C       -1.48715771    -0.47050210    -0.32631642
 C       -2.56755778    -0.08898566     0.35405140
 C       -3.89026753     0.27868165    -0.25271581
 C        2.35635568    -0.59787909     0.25020047
 C        3.60892969     0.07863520    -0.31803101
 H       -0.11266344     1.87143316    -0.05472582
 H        1.63314327     2.12206622    -0.18173046
 H        0.92861513     1.54600976     1.33619027
 H        1.01353306     0.00117142    -1.31397766
 H       -0.22311036    -0.80674274     1.36747723
 H        0.05667719    -1.89906627     0.01547323
 H       -1.54525368    -0.51972859    -1.41574375
 H       -2.51064445    -0.03934759     1.44225005
 H       -3.86465255     0.20836212    -1.34434885
 H       -4.18185644     1.30218998     0.01523455
 H       -4.69178451    -0.37722290     0.11063517
 H        2.36815256    -1.65856832    -0.03297674
 H        2.39546076    -0.57748645     1.34855506
 H        3.70455301     1.11521599     0.01915524
 H        3.59060612     0.08630425    -1.41403792
 H        4.51451803    -0.45162901    -0.00603392
