12
(2E)-but-2-ene
 C        0.53868485    -0.39148226     0.00000000
 C       -0.53868485     0.39148227    -0.00000000
 C        1.96007077     0.09007726     0.00000000
 C       -1.96007076    -0.09007727    -0.00000000
 H        0.40010846    -1.47353048    -0.00000001
 H       -0.40010848     1.47353050     0.00000001
 H        2.50594611    -0.27608474    -0.87894291
 H        2.50594615    -0.27608486     0.87894283
 H        2.01352787     1.18300412     0.00000007
 H       -2.50594617     0.27608485    -0.87894282
 H       -2.50594610     0.27608471     0.87894292
 H       -2.01352785    -1.18300413    -0.00000008
