16
(2E,4E)-hexa-2,4-diene
 C       -0.66710495    -0.28639295    -0.00000001
 C        0.66710496     0.28639299    -0.00000001
 C       -1.80272433     0.42483051    -0.00000000
 C        1.80272432    -0.42483050    -0.00000000
 C       -3.18443669    -0.15392926     0.00000001
 C        3.18443670     0.15392922     0.00000001
 H       -0.72612921    -1.37551465    -0.00000001
 H        0.72612923     1.37551469    -0.00000001
 H       -1.73614331     1.51315139     0.00000001
 H        1.73614325    -1.51315137     0.00000000
 H       -3.16217464    -1.24779561    -0.00000007
 H       -3.75518486     0.17441850     0.87854092
 H       -3.75518493     0.17441862    -0.87854082
 H        3.16217469     1.24779557     0.00000003
 H        3.75518489    -0.17441864     0.87854087
 H        3.75518489    -0.17441861    -0.87854087
