12
(2E)‐but‐2‐enoic acid
 C        2.83107588    -0.12825195    -0.00000007
 C        1.39628714     0.29274121    -0.00000014
 C        0.35396303    -0.54323981     0.00000035
 C       -1.05851033    -0.12000066     0.00000006
 O       -1.99689184    -0.88148880    -0.00000023
 O       -1.22263764     1.22756651     0.00000009
 H        3.35219122     0.27342910    -0.87793358
 H        3.35219160     0.27343064     0.87793250
 H        2.93842164    -1.21600811     0.00000081
 H        1.20095244     1.36272594    -0.00000070
 H        0.48574694    -1.62082863     0.00000082
 H       -2.17885777     1.37329136    -0.00000002
