18
2‐Methyl‐2‐(methylsulfanyl)propane
 C       -1.73649031    -1.05516659     0.00038494
 C       -0.71822265     0.09641011    -0.00003631
 S        0.93252817    -0.75924020     0.00010545
 C       -0.89351174     0.95169748     1.26220096
 C        2.13238979     0.60808769     0.00016590
 H       -2.75419352    -0.64877953    -0.00080749
 H       -1.62338378    -1.68516889     0.88783960
 H       -1.62208681    -1.68703277    -0.88558154
 H       -0.77164510     0.34919978     2.16635263
 H       -1.89663888     1.39596274     1.27684453
 H       -0.17348794     1.77464538     1.29921662
 C       -0.89314828     0.95077089    -1.26290352
 H       -0.77229918     0.34747748    -2.16666573
 H       -0.17204449     1.77273479    -1.30082854
 H       -1.89563279     1.39647428    -1.27761575
 H        3.11756384     0.13606198    -0.00251052
 H        2.04761685     1.22726793     0.89602380
 H        2.04419040     1.23012464    -0.89337403
