16
(2R,3R)-2,3-butanediol
 C       -1.82202613     0.69981172     0.36017694
 C       -0.69315267    -0.32897196     0.41632377
 H       -0.76762890    -0.89177400     1.36379936
 C        0.69315268     0.32897196     0.41632378
 H        0.76762893     0.89177401     1.36379935
 C        1.82202612    -0.69981173     0.36017694
 O        0.74650531     1.22608904    -0.68504703
 O       -0.74650530    -1.22608902    -0.68504705
 H       -2.79787745     0.20022317     0.38664770
 H       -1.77656339     1.38025000     1.21702659
 H       -1.74699483     1.28763760    -0.55671818
 H        1.74699479    -1.28763762    -0.55671817
 H        2.79787745    -0.20022320     0.38664769
 H        1.77656336    -1.38024999     1.21702660
 H        1.65558256     1.52096683    -0.78423398
 H       -1.65558253    -1.52096688    -0.78423394
