17
(2S)-1-bromo-2-methylbutane
Br       -1.57096410    -0.16542933    -0.05082602
 C        1.29069039     0.48572782    -0.22446045
 C        2.73559919     0.10356362     0.17572645
 C        0.29648844    -0.34798849     0.58190680
 C        1.06036254     1.99027523    -0.03859146
 C        3.17615364    -1.30722203    -0.23138611
 H        1.15708923     0.23659526    -1.28522435
 H        3.40920130     0.83271733    -0.29057040
 H        2.85674607     0.23518863     1.25986329
 H        0.27069412    -0.04865909     1.63102361
 H        0.49336890    -1.41586313     0.51421495
 H        1.75833779     2.56592540    -0.65434751
 H        1.21866590     2.28228091     1.00669580
 H        0.04369024     2.27694286    -0.31838542
 H        4.23053165    -1.46812498     0.01382108
 H        3.05896931    -1.46080327    -1.30979644
 H        2.60383238    -2.08831764     0.27884275
