17
(2S,4S)‐2,4‐dimethyl‐1,3‐dioxolane
 C        0.64438836     1.28280095    -0.00249338
 C        1.12746250    -0.11145356     0.44055018
 O       -0.76529464     1.16488869     0.02032697
 H        0.93943173     2.08841073     0.67377024
 H        1.00644036     1.51618504    -1.01763372
 O        0.02743001    -0.95796050     0.09463773
 C        2.41054681    -0.58569161    -0.22631006
 H        1.24592006    -0.13793583     1.53323908
 C       -1.02675849    -0.15065301    -0.41104852
 C       -2.36656742    -0.62204747     0.11216407
 H       -1.00017633    -0.18823486    -1.51725956
 H       -2.37493618    -0.56598785     1.20346720
 H       -3.16780691     0.00529042    -0.28776543
 H       -2.54189762    -1.65612516    -0.19511484
 H        2.30834006    -0.57109294    -1.31604327
 H        3.25081076     0.05954844     0.05378700
 H        2.64896413    -1.60704328     0.08251818
