24
(2Z)-3-ethyl-4-methylpent-2-ene
 C        1.27502861     0.08522863    -0.07222787
 C       -0.24977755     0.05385276    -0.06915740
 C       -0.87576785    -1.33086595    -0.01997966
 C        1.85153875    -0.23225807     1.32304648
 C        1.89456575    -0.83928169    -1.13757800
 C       -1.00370057     1.16064514    -0.09114680
 C       -2.39347755    -1.40540333     0.16375031
 C       -0.57370481     2.60092890    -0.13524977
 H        1.59003781     1.10297273    -0.32098633
 H       -0.39714319    -1.90349341     0.78666710
 H       -0.60911890    -1.87062415    -0.93914946
 H        1.60706039    -1.25193610     1.63977859
 H        1.45869301     0.45617212     2.07735032
 H        2.94369941    -0.14489425     1.31697264
 H        1.71809430    -1.89647022    -0.91439868
 H        2.97896581    -0.69194916    -1.18136156
 H        1.48607305    -0.63161244    -2.13198069
 H       -2.08421628     1.03716161    -0.07039894
 H       -2.71263385    -0.90886656     1.08575481
 H       -2.71528900    -2.45014646     0.21677075
 H       -2.92725867    -0.93876897    -0.67026457
 H        0.50899526     2.73880159    -0.15787025
 H       -0.95673560     3.14414810     0.73846666
 H       -0.99270047     3.10400507    -1.01643110
