18
(2Z)-3-methylpent-2-ene
 C        0.87530282    -0.59759284     0.64679021
 C        0.00684549     0.52628566     0.12093400
 C        1.74769316    -1.25125372    -0.44178073
 C        0.71621808     1.84413083    -0.08102356
 C       -1.29516101     0.40415093    -0.16369876
 C       -2.16748110    -0.81167253    -0.03425666
 H       -1.80859394     1.28792967    -0.54341923
 H        0.26380191    -1.36968685     1.12280856
 H        1.53135301    -0.19994796     1.43286804
 H        2.38456103    -2.03272608    -0.01457226
 H        1.12463801    -1.70657213    -1.21794538
 H        2.40111397    -0.51986909    -0.92798493
 H        0.04962967     2.60366027    -0.49827913
 H        1.11525265     2.22533263     0.86851365
 H        1.57471510     1.74266715    -0.75712282
 H       -3.02178892    -0.61327294     0.62585202
 H       -2.58963232    -1.09329625    -1.00770559
 H       -1.63692855    -1.68216565     0.35779166
