24
(2Z)-5,5-dimethylhex-2-ene
 C        1.23973485     0.08459193    -0.01692785
 C       -0.03035111    -0.14795743     0.85519434
 C        0.88181391     0.91522916    -1.26145617
 C        2.26534219     0.85574502     0.83324463
 C        1.85635609    -1.25762854    -0.45169675
 C       -1.12916897    -0.94419607     0.20599375
 C       -2.35295067    -0.53109894    -0.13563782
 C       -2.95090321     0.83679589     0.03075864
 H       -0.88759770    -1.98742231     0.00792436
 H       -3.02048418    -1.26424325    -0.58799576
 H       -0.40403515     0.82884183     1.18080140
 H        0.28614750    -0.67398845     1.76792220
 H        1.76643681     1.08432886    -1.88551300
 H        0.48158327     1.89597087    -0.97959720
 H        0.12742049     0.40942749    -1.87164627
 H        3.17645335     1.06034181     0.25993754
 H        2.55238523     0.28487786     1.72370117
 H        1.85976187     1.81703064     1.16873493
 H        1.18676297    -1.81680128    -1.11232537
 H        2.08215789    -1.89043850     0.41452824
 H        2.79320328    -1.09351256    -0.99560743
 H       -3.85297257     0.79424071     0.65438971
 H       -3.26408657     1.24409682    -0.93887418
 H       -2.26213596     1.55190159     0.48549101
