21
(2Z)-5-methylhex-2-ene
 C       -1.47413104    -0.05640207     0.29331956
 C       -0.19936869    -0.78239354    -0.19689595
 C       -1.28469227     1.46583452     0.31528590
 C       -2.68434382    -0.44910760    -0.56388003
 C        0.97538539    -0.62109561     0.72762624
 C        2.18411448    -0.12215939     0.45728039
 C        2.69412976     0.40971699    -0.85174942
 H        0.79258889    -0.96296921     1.74722938
 H        2.90823192    -0.09458443     1.27115714
 H       -1.66657432    -0.38933572     1.32386957
 H        0.04113748    -0.43753280    -1.20927387
 H       -0.43142223    -1.85404802    -0.28539103
 H       -2.17108793     1.96862383     0.71636190
 H       -1.11545768     1.85021535    -0.69832389
 H       -0.42383655     1.75154865     0.92675587
 H       -3.59821314     0.03751445    -0.20668804
 H       -2.85191648    -1.53152754    -0.54891471
 H       -2.53726981    -0.14956896    -1.60877773
 H        3.55847381    -0.17119987    -1.19827866
 H        3.04098379     1.44495767    -0.74232054
 H        1.94091683     0.39067970    -1.64237216
