12
(2Z)-but-2-ene
 C        0.66733700     0.63309887     0.00000000
 C        1.59088072    -0.55139206    -0.00000000
 H        1.06023964    -1.50612499     0.00000009
 H        2.24814809    -0.53360126    -0.87866486
 H        2.24814824    -0.53360116     0.87866474
 C       -0.66733701     0.63309887    -0.00000000
 C       -1.59088071    -0.55139206     0.00000000
 H       -2.24814791    -0.53360143    -0.87866499
 H       -1.06023961    -1.50612499     0.00000036
 H       -2.24814840    -0.53360102     0.87866461
 H       -1.16852035     1.60046322    -0.00000002
 H        1.16852035     1.60046323    -0.00000001
