24
(2Z)-oct-2-ene
 C       -1.68763312    -0.86297612     0.01853342
 C       -0.32671383    -1.42523642    -0.43831410
 C       -1.97532762     0.57955372    -0.42313622
 C        0.86450303    -1.16877221     0.51601248
 C       -3.32948062     1.09404248     0.07451750
 C        1.19811718     0.27747195     0.77119152
 C        2.21969599     0.97895925     0.27238019
 C        3.28689447     0.50723608    -0.67368902
 H        0.52378644     0.79699337     1.45031393
 H        2.30931445     2.02194385     0.57480449
 H       -2.48693738    -1.50332236    -0.37729607
 H       -1.76598371    -0.93664021     1.11280335
 H       -0.08389519    -1.02839188    -1.43251789
 H       -0.41296137    -2.51248001    -0.55580791
 H       -1.94769118     0.62356107    -1.52018399
 H       -1.17721793     1.24534264    -0.07760140
 H        1.73832454    -1.69432334     0.11667013
 H        0.63517457    -1.64765014     1.47850957
 H       -4.14993485     0.46048546    -0.28192383
 H       -3.52271443     2.11444244    -0.27188378
 H       -3.37263375     1.10115526     1.16970724
 H        4.28445598     0.64017103    -0.23607847
 H        3.27392450     1.09748728    -1.59883269
 H        3.17763634    -0.54395787    -0.94967800
