14
(2Z)‐but‐2‐ene‐1,4‐diol
 C        1.57849968    -0.34018728     0.42199178
 C        0.66606732     0.79469607     0.06224506
 C       -0.66606718     0.79469587     0.06224479
 C       -1.57849935    -0.34018775     0.42199119
 O       -2.69564517    -0.29217896    -0.45533349
 H       -1.90498857    -0.22804343     1.47123099
 H       -1.05461468    -1.30651331     0.35367650
 O        2.69564471    -0.29217934    -0.45533401
 H        1.90498996    -0.22804189     1.47123113
 H        1.05461495    -1.30651288     0.35367836
 H        1.19562037     1.70744374    -0.20285288
 H       -1.19562038     1.70744341    -0.20285318
 H       -3.33401773    -0.94754451    -0.16130747
 H        3.33401771    -0.94754434    -0.16130772
