24
3-Ethylpentan-3-ol
 O        0.02943209     0.06275214     1.40747183
 C        0.00084527    -0.00759131    -0.02478504
 C        0.68815180     1.28696247    -0.50570143
 C        0.78733424    -1.25165656    -0.50562799
 C       -1.46277134    -0.06436826    -0.52779766
 C        0.03880915     2.59381018    -0.03391072
 C        2.24325257    -1.33075495    -0.03102594
 C       -2.30018974    -1.24515501    -0.01939870
 H        0.73863413     1.26423511    -1.60153574
 H        1.72054688     1.26825365    -0.14378756
 H        0.74496926    -1.29507070    -1.60156080
 H        0.25985870    -2.14627489    -0.15054798
 H       -1.45400410    -0.07040398    -1.62524054
 H       -1.96084021     0.86075664    -0.22317144
 H        0.67554583     3.44634194    -0.29089657
 H       -0.09641368     2.58370449     1.05050352
 H       -0.93689347     2.76777377    -0.49734596
 H        2.66646625    -2.31511411    -0.25441131
 H        2.30340493    -1.16880225     1.04892574
 H        2.87807030    -0.58510134    -0.51803139
 H       -3.33263568    -1.15595702    -0.37101668
 H       -2.34199991    -1.26692466     1.07598855
 H       -1.92234494    -2.21217720    -0.36424714
 H       -0.35507988    -0.74786340     1.75419616
