24
3-Ethyl-2-methylpent-1-ene
 C        1.43275558    -0.90266923    -0.21396595
 C        0.29340255     0.02684494     0.27285769
 C       -1.06088089    -0.65347986     0.14037493
 C       -1.80715591    -0.91982321     1.21390129
 C        0.33204774     1.40090604    -0.43457142
 H        0.45524652     0.20571050     1.34511776
 C       -1.52740811    -1.03518494    -1.24451010
 H       -1.48381017    -0.65229293     2.21548924
 H       -2.76920200    -1.41739472     1.13243934
 H       -0.82246320    -1.71829919    -1.73276154
 H       -1.61532428    -0.15907019    -1.89798169
 H       -2.50314051    -1.52634592    -1.20951868
 H        0.16732766     1.26110938    -1.51086048
 H        1.34115993     1.81712750    -0.33848002
 C       -0.67816711     2.41166017     0.11729299
 H       -1.70534297     2.04769786     0.01926247
 H       -0.60511340     3.36870211    -0.40908048
 H       -0.50079541     2.60246483     1.18184778
 H        1.41732966    -0.96122683    -1.30993912
 H        1.23016789    -1.91708510     0.15061014
 C        2.83115193    -0.48102861     0.25260988
 H        3.12038165     0.49886085    -0.13944301
 H        3.58528114    -1.20114362    -0.08096280
 H        2.88217012    -0.42976112     1.34608420
