24
3-Ethyl-2-methylpent-2-ene
 C        0.10471089    -0.08271594     0.38644547
 C        1.05882695    -1.25169047     0.54521421
 C        0.73255838     1.27788877     0.67162320
 C       -1.18845232    -0.21680207     0.03761037
 C        2.16293405    -1.31957029    -0.52650326
 C        1.04880703     2.11163921    -0.58430563
 C       -1.86181646    -1.52739087    -0.30170252
 C       -2.14788395     0.94826385    -0.06378476
 H        1.53926932    -1.16814929     1.53062137
 H        0.52160590    -2.20236875     0.55786928
 H        0.08570799     1.86616884     1.33278882
 H        1.66272608     1.12594171     1.23191502
 H        2.78878699    -0.42180554    -0.52062192
 H        2.81887699    -2.17920934    -0.35292565
 H        1.73100292    -1.41858304    -1.52767761
 H        0.13983168     2.34262446    -1.14726868
 H        1.52670938     3.05933426    -0.31249983
 H        1.72338567     1.57614202    -1.25886604
 H       -2.64498680    -1.76425752     0.43150520
 H       -2.36822751    -1.45100162    -1.27297326
 H       -1.18336890    -2.37861968    -0.35403344
 H       -1.74295973     1.88679793     0.31568025
 H       -2.45362842     1.11493917    -1.10567559
 H       -3.06936644     0.73095110     0.49234238
