20
3-Fluorohexane
 C        3.35028381    -0.28953012    -0.11234630
 C        1.99741372     0.26139604     0.34628625
 C        0.81258440    -0.57934021    -0.14284964
 C       -0.53930125    -0.00911723     0.26960809
 C       -1.73371028    -0.81920607    -0.22260630
 C       -3.07618549    -0.20245081     0.18019195
 F       -0.64607402     1.28601457    -0.24444065
 H        4.17601967     0.33075277     0.25018564
 H        3.41413168    -0.32202830    -1.20581452
 H        3.51215132    -1.30855660     0.25745169
 H        1.86851174     1.28764496    -0.01358032
 H        1.97416167     0.31454414     1.44309094
 H        0.89037018    -1.60311924     0.24649229
 H        0.83792186    -0.65656157    -1.23814937
 H       -0.58380605     0.08761724     1.36565815
 H       -1.64618926    -1.83768997     0.17556304
 H       -1.66949271    -0.90038493    -1.31502624
 H       -3.18422360    -0.16589396     1.27008911
 H       -3.91331960    -0.78235044    -0.21937868
 H       -3.15462733     0.81987180    -0.19841539
