21
3-Hexanol
 O       -0.74365343     1.37585179    -0.28503629
 C       -0.55481828     0.06307303     0.24211994
 C        0.80119671    -0.52387382    -0.17325584
 C       -1.72725603    -0.78112983    -0.25900651
 C        2.00779078     0.28499138     0.31757612
 C       -3.08764359    -0.28056567     0.23405390
 C        3.34933443    -0.34650162    -0.06794081
 H       -0.11895808     1.96659107     0.14330158
 H       -0.59681578     0.09852913     1.34601099
 H        0.82925324    -0.59700134    -1.26857624
 H        0.87150926    -1.54862298     0.21607068
 H       -1.56850531    -1.81911482     0.05753862
 H       -1.70317054    -0.77664579    -1.35615653
 H        1.95518924     0.39255892     1.41011281
 H        1.96044637     1.30006219    -0.09863826
 H       -3.15280929    -0.32656007     1.32735261
 H       -3.90291195    -0.88657963    -0.17331635
 H       -3.24521100     0.75764392    -0.06786616
 H        3.44940105    -1.35092633     0.35822766
 H        4.19197094     0.25353741     0.29001264
 H        3.44314300    -0.43872282    -1.15555917
