18
3-Methylpent-1-ene
 C        2.46346182    -0.59679833    -0.29945004
 C        1.41725450    -0.13272186     0.37758796
 C        0.07261403     0.21027996    -0.20881864
 C       -1.01805130    -0.70533994     0.39371994
 H        0.11452118     0.01892395    -1.29024673
 C       -0.23456319     1.70423796     0.00711335
 C       -2.40298942    -0.55420438    -0.24543286
 H       -1.08718092    -0.51335021     1.47348546
 H       -0.68645075    -1.74537212     0.29040053
 H       -2.82497553     0.44242403    -0.08429663
 H       -3.10623186    -1.27898880     0.17706471
 H       -2.35982347    -0.72637031    -1.32701600
 H        3.40599563    -0.82666420     0.18707317
 H        2.41921013    -0.76567871    -1.37246113
 H        1.50740359     0.02309836     1.45433158
 H        0.55302995     2.32844881    -0.42532609
 H       -0.29685587     1.93848475     1.07671731
 H       -1.18360229     1.99265364    -0.45405819
