16
3-Methylpenta-1,2-diene
 C        1.07942800     0.55095197     0.61899877
 C       -0.07671197    -0.32243027     0.15892177
 C        2.15843361     0.75958877    -0.45692831
 C        0.20702222    -1.78816688    -0.09615879
 C       -1.27314623     0.17665035    -0.00581322
 C       -2.46645649     0.67796704    -0.16152983
 H        0.69036535     1.52242482     0.93752768
 H        1.53962680     0.08723108     1.50303542
 H        2.96346884     1.39619396    -0.07614047
 H        1.73505608     1.24113606    -1.34399061
 H        2.60762620    -0.18765191    -0.77121988
 H       -0.69784611    -2.32404806    -0.38900699
 H        0.61485323    -2.26322384     0.80530081
 H        0.95206909    -1.91772928    -0.89003758
 H       -2.79236906     1.09862981    -1.11026076
 H       -3.19030867     0.69739227     0.65026746
