15
3-Methylbut-1-ene
 C        2.11720929     0.00000001    -0.17075359
 C        0.92062604     0.00000007     0.40914561
 C       -0.40376320     0.00000000    -0.30843250
 C       -1.20871081     1.26696455     0.03433202
 C       -1.20871069    -1.26696462     0.03433206
 H        2.22653262    -0.00000008    -1.25235996
 H        3.03562054     0.00000005     0.40747175
 H        0.85708040     0.00000016     1.49907514
 H       -0.20494324    -0.00000001    -1.38828027
 H       -2.16971545    -1.27355218    -0.49130246
 H       -1.41744498    -1.31806045     1.10955681
 H       -0.65978907    -2.17185741    -0.24301338
 H       -2.16971557     1.27355200    -0.49130248
 H       -0.65978928     2.17185739    -0.24301345
 H       -1.41744510     1.31806040     1.10955678
