11
3-Methylisoxazole
 C       -0.16832010    -1.18844631    -0.00002537
 C        0.69608871    -0.05075173    -0.00005093
 N        0.00889217     1.06796957    -0.00001972
 C        2.19151545    -0.01387918     0.00003629
 O       -1.33284132     0.69487555     0.00001417
 C       -1.40892181    -0.64144074     0.00002248
 H        0.10162793    -2.23177912    -0.00001993
 H       -2.40545122    -1.05716867     0.00007853
 H        2.54016680     1.02050448     0.00057839
 H        2.59559440    -0.51991022    -0.88293129
 H        2.59537859    -0.52084456     0.88255211
