12
3-Methylthiophene
 S       -1.48755946    -0.44274548     0.00000001
 C        0.12987512    -1.04898497    -0.00000002
 C        1.05964120    -0.04483387    -0.00000002
 C        0.43719449     1.24572037    -0.00000001
 C       -0.92605712     1.18935407     0.00000001
 H        0.30599900    -2.11482769    -0.00000003
 C        2.54881216    -0.25728908     0.00000002
 H        0.99470761     2.17545338    -0.00000002
 H       -1.63272654     2.00571318     0.00000001
 H        3.01661139     0.19699406    -0.88121184
 H        2.79900553    -1.32135339    -0.00000035
 H        3.01661125     0.19699341     0.88121229
