18
3-Methyl-2-butanethiol
 C        1.16427516     0.28281951    -0.23028589
 C        1.77235591    -1.02817170    -0.74401981
 H        2.85308668    -1.04738103    -0.56978472
 H        1.33140072    -1.89016331    -0.23399253
 H        1.60497063    -1.15137894    -1.81981042
 C       -0.34171447     0.39422357    -0.57419645
 C        1.47912816     0.48577678     1.25775877
 H        1.63827464     1.10745640    -0.78456136
 C       -0.91351801     1.80062357    -0.37370579
 H       -0.45320921     0.12774262    -1.63194927
 S       -1.40922335    -0.88093100     0.23779071
 H        1.05838240    -0.32467379     1.86193111
 H        2.56190130     0.48813955     1.41823956
 H        1.08952036     1.43475243     1.63907632
 H       -0.31247131     2.53669690    -0.92104638
 H       -1.94292317     1.85708199    -0.73520294
 H       -0.91490718     2.08982782     0.68187405
 H       -1.43994950    -0.32456847     1.46307519
