37
3-Methyldiamantane
 C       -1.45112421    -0.82814847     1.43995808
 C        0.01339505    -0.35697291     1.44222403
 C        0.11963547     1.07271647     0.85766996
 C        0.88923732    -1.30414368     0.58625739
 C       -1.99553767    -0.83107067    -0.00203299
 C       -1.14071281    -1.79223638    -0.85033661
 C       -1.91863499     0.58436982    -0.62328371
 C       -0.44649930     1.05662032    -0.58514642
 C       -2.90131053     1.58589155    -0.00228768
 C        0.43254681     0.10881735    -1.43962275
 C        1.58482518     1.54510490     0.85316725
 C        0.32377492    -1.32085503    -0.85502807
 C        2.35313549    -0.83076777     0.58579355
 C        1.89723125     0.57991209    -1.44081093
 C        2.44044724     0.59103111    -0.00014091
 H       -1.51953889    -1.83954990     1.86152319
 H       -2.05637770    -0.18141323     2.08604253
 H        0.39444626    -0.35121597     2.47253073
 H       -0.47171357     1.75751613     1.47768834
 H        0.83269153    -2.31835351     1.00439620
 H       -3.03909947    -1.17016582    -0.00131106
 H       -1.52607366    -1.83416437    -1.87739514
 H       -1.20395934    -2.81071622    -0.44517931
 H       -2.19753734     0.48775004    -1.68313242
 H       -0.38552513     2.07154946    -1.00309228
 H       -2.71389933     1.76204746     1.06083889
 H       -2.83892160     2.55489700    -0.51005173
 H       -3.93201146     1.22659368    -0.09777540
 H        0.05126492     0.10371477    -2.46976034
 H        1.64778254     2.56661054     0.45574737
 H        1.96838847     1.58011790     1.88131653
 H        0.92585976    -2.00479462    -1.46855305
 H        2.75174772    -0.84312058     1.60871870
 H        2.97069081    -1.52094219    -0.00387568
 H        2.50431388    -0.08466301    -2.06945597
 H        1.96742975     1.58397321    -1.87932042
 H        3.48381529     0.92807783     0.00040346
