22
3-Phenypropanol
 C       -1.31060426    -1.20082846    -0.21729296
 C       -0.63770428    -0.00003265    -0.46556989
 C       -2.61620883    -1.20377527     0.26827757
 C       -3.27395594     0.00004290     0.51339014
 C       -2.61616700     1.20382361     0.26820404
 C       -1.31056299     1.20080195    -0.21736643
 C        0.79168705    -0.00007070    -0.95954911
 C        1.81697625     0.00000735     0.18912826
 C        3.25627650    -0.00002636    -0.31008912
 O        4.11258335     0.00005223     0.82059673
 H       -0.80572693    -2.14372513    -0.41075658
 H       -3.12156167    -2.14719035     0.45092875
 H       -4.29241718     0.00007206     0.88838547
 H       -3.12148729     2.14726728     0.45079764
 H       -0.80565308     2.14366935    -0.41088789
 H        0.96045547     0.87939546    -1.59361946
 H        0.96045060    -0.87962551    -1.59349734
 H        1.66369568    -0.87841640     0.82656453
 H        1.66369598     0.87851814     0.82644465
 H        3.43006069     0.88694676    -0.94264058
 H        3.43006191    -0.88708658    -0.94251806
 H        5.02216455     0.00003233     0.51102640
