12
3-Pyridinol
 C       -1.80837151    -0.02361493    -0.00000507
 N       -1.16354884    -1.19188387     0.00000223
 C       -1.14980368     1.20562265     0.00000267
 C        0.23886732     1.22996193    -0.00000437
 C        0.91871611     0.01251066    -0.00000954
 C        0.16736073    -1.16733066     0.00000336
 O        2.27743406     0.02449573     0.00001155
 H       -2.89438036    -0.07054297     0.00000818
 H       -1.71748674     2.13022828     0.00001995
 H        0.80048592     2.15774838     0.00000518
 H        0.67680877    -2.13276508     0.00002445
 H        2.60340688    -0.88165764    -0.00011779
