24
3,3-Dimethylhex-1-ene
 C       -0.61108914     0.46011676     0.01879680
 C        0.72160561     0.64172132    -0.76634258
 C        1.76818588    -0.48729494    -0.63804815
 C       -0.36856981     0.32068157     1.52915732
 C       -1.47732455     1.71688896    -0.23246635
 C       -1.35240038    -0.72907967    -0.55644122
 C        2.84981206    -0.24007156     0.42217128
 C       -1.78578011    -1.81337354     0.08150222
 H        1.17380441     1.59521666    -0.46147049
 H        0.45530249     0.76412148    -1.82380136
 H        2.26558194    -0.61560039    -1.60672730
 H        1.25779130    -1.43725522    -0.43959432
 H       -1.31725886     0.26727908     2.07334522
 H        0.18453386     1.18593686     1.90912624
 H        0.20439387    -0.57841275     1.77185854
 H       -2.43962190     1.63889830     0.28346992
 H       -1.67896005     1.85301177    -1.30063062
 H       -0.96747209     2.61691439     0.12926288
 H       -1.54713367    -0.64835734    -1.62754260
 H        3.40754396     0.67766788     0.20298465
 H        3.56916720    -1.06539787     0.44939828
 H        2.42924085    -0.13533318     1.42641100
 H       -2.31987301    -2.59860650    -0.44404090
 H       -1.63414094    -1.96730840     1.14479111
