16
3,3-Dimethyloxetane
 C        0.46589599     0.00211493     0.00002249
 C       -0.69057227     0.03411920    -1.03514753
 C       -0.69059264     0.03450739     1.03513710
 C        1.27029558    -1.29637115     0.00016219
 C        1.37317788     1.22958155    -0.00015519
 H        0.61162666    -2.17101025     0.00031909
 H        1.91430603    -1.36020955    -0.88459126
 H        1.91448048    -1.35999373     0.88480322
 H        0.79012698     2.15632386    -0.00040948
 H        2.02092730     1.24025256     0.88412650
 H        2.02113982     1.23986132    -0.88428097
 O       -1.69013234    -0.00173963    -0.00001066
 H       -0.75864169    -0.83362691     1.70421662
 H       -0.75461792     0.95193568     1.63653367
 H       -0.75461038     0.95131112    -1.63690281
 H       -0.75858427    -0.83428953    -1.70387241
