19
3,3-Dimethylpent-1-yne
 C       -0.13499220     0.46666670     0.00185452
 C        1.22112157     0.11165270    -0.67242732
 C        0.07522312     0.94741929     1.45619878
 C       -0.81206270     1.59345871    -0.81261047
 C        2.01800862    -1.01508499    -0.00965035
 C       -1.01308045    -0.71041449     0.00131236
 C       -1.73901504    -1.66975550    -0.00306864
 H        1.82505103     1.02804014    -0.69877813
 H        1.01697268    -0.15706469    -1.71552586
 H       -0.87672044     1.25090585     1.90104256
 H        0.75231451     1.80871981     1.47264204
 H        0.50083836     0.16062552     2.08314272
 H       -1.77999651     1.86097521    -0.37933946
 H       -0.97765292     1.28231740    -1.84805818
 H       -0.17790808     2.48672081    -0.81770427
 H        2.34491068    -0.74741429     0.99980019
 H        2.91492412    -1.24196741    -0.59440257
 H        1.41988765    -1.92857931     0.05998358
 H       -2.38093065    -2.51632489    -0.00568832
