38
3,3-Paracyclophane
 C        0.59372847     1.69314817     1.25007751
 C        1.41273182     1.61298774     0.12086276
 C       -0.79301588     1.70275621     1.13463121
 C        0.79489894     1.71206316    -1.12926133
 C        2.89719760     1.33035519     0.24207729
 C       -0.59184268     1.70377967    -1.24479014
 C       -1.41093798     1.61433160    -0.11625538
 C       -2.89547182     1.33275897    -0.23961188
 C        0.79301513    -1.70275084    -1.13463225
 C        1.41093790    -1.61433101     0.11625399
 C        0.59184360    -1.70378408     1.24478892
 C        2.89547182    -1.33275932     0.23961072
 C       -0.59372921    -1.69314353    -1.25007795
 C       -1.41273207    -1.61298823    -0.12086229
 C       -0.79489819    -1.71206836     1.12926131
 C       -2.89719815    -1.33035577    -0.24207447
 C       -3.36616992     0.00092030     0.40360584
 C        3.36617067    -0.00091968    -0.40360439
 H        1.04598570     1.67756831     2.23834836
 H       -1.39975114     1.69967941     2.03647327
 H        1.40169683     1.71667968    -2.03109276
 H        3.47185763     2.13595232    -0.23475142
 H        3.18198620     1.33788272     1.30130240
 H       -1.04418982     1.69686018    -2.23311265
 H       -3.47029952     2.13816946     0.23737766
 H       -3.17881307     1.34182123    -1.29922766
 H        1.39974964    -1.69966953    -2.03647462
 H        1.04419136    -1.69686935     2.23311118
 H        3.17881339    -1.34182389     1.29922633
 H        3.47029889    -2.13816902    -0.23738071
 H       -1.04598720    -1.67755965    -2.23834842
 H       -1.40169570    -1.71668952     2.03109313
 H       -3.18198908    -1.33788535    -1.30129900
 H       -3.47185724    -2.13595190     0.23475711
 H       -3.08236227    -0.00040886     1.46272251
 H       -4.46332417     0.00168076     0.38704116
 H        4.46332487    -0.00168005    -0.38703834
 H        3.08236431     0.00041088    -1.46272137
