24
3,5-Dimethylhex-1-ene
 C       -0.31722920     1.08711219    -0.45751462
 C       -1.68082373     0.41017635    -0.18017929
 C        0.95690315     0.49364236     0.18843318
 C       -1.94060876     0.19659477     1.31852073
 C       -1.90137929    -0.88913240    -0.97060740
 C        2.14562559     1.44604900    -0.06414652
 C        1.31077619    -0.88188074    -0.31526839
 C        1.59230360    -1.93692820     0.44565739
 H       -0.16495594     1.14021986    -1.54511572
 H       -0.38884816     2.12848345    -0.11589575
 H       -2.43392595     1.12692949    -0.53791437
 H        0.80665507     0.43099605     1.27341432
 H       -1.28019356    -0.57166051     1.73445617
 H       -2.97131704    -0.13153213     1.49001745
 H       -1.78496200     1.11908460     1.88930318
 H       -1.75087635    -0.72958206    -2.04422536
 H       -2.92476698    -1.25472026    -0.83013565
 H       -1.21771799    -1.67940487    -0.64992470
 H        2.35232019     1.53915088    -1.13686798
 H        3.05399898     1.07548804     0.41975769
 H        1.93256486     2.44859986     0.32224345
 H        1.37547637    -0.97790904    -1.40066054
 H        1.87870901    -2.89276306     0.01887060
 H        1.54646490    -1.88591326     1.53066356
