21
3a,4,7,7a-tetrahydro-1H-indene
 C        0.83119333     1.38565888    -0.33919709
 C        2.16016800     0.72837126    -0.06684664
 C       -0.28761078     0.76591481     0.52903673
 H        0.56560298     1.25233712    -1.39968867
 H        0.87506464     2.46674387    -0.17068146
 C        2.22325953    -0.60194867    -0.00426329
 C        0.96889870    -1.40797864    -0.22855019
 C       -0.24994144    -0.80224968     0.52340837
 H        1.10597794    -2.45280650     0.06850249
 H        0.74083754    -1.42560209    -1.30477317
 C       -1.71592206     1.16634285     0.05198954
 H       -0.12708856     1.11519503     1.55268035
 C       -1.57766121    -1.18929847    -0.08162612
 H       -0.18977735    -1.16279587     1.55908424
 C       -2.35353285    -0.14083119    -0.34747140
 H       -1.68528111     1.88163643    -0.78126613
 H       -2.28949633     1.65949506     0.84828129
 H       -3.34480319    -0.19309679    -0.78685673
 H       -1.84001201    -2.22529333    -0.27519917
 H        3.04268907     1.34660962     0.07127904
 H        3.15996465    -1.11914827     0.18427991
