16
(3E)-3-methyl-1,3-pentadiene
 C        0.02639894    -0.33398246    -0.07157314
 C       -0.79177308     0.72933852    -0.13197578
 C       -0.42829407    -1.76009897     0.13622435
 C       -2.28014437     0.77293953     0.04616766
 C        1.48541459    -0.17717637    -0.23773677
 C        2.23016864     0.83532310     0.21207296
 H       -0.33136023     1.69297028    -0.34444920
 H       -0.01569163    -2.17179737     1.06559883
 H       -0.06161664    -2.39948243    -0.67681257
 H       -1.51370153    -1.86242980     0.17572341
 H       -2.76997511     1.18041474    -0.84768426
 H       -2.54915565     1.44142637     0.87466316
 H       -2.72096428    -0.20392636     0.25477123
 H        1.98504231    -0.99711881    -0.75586044
 H        3.29833538     0.87820939     0.02720837
 H        1.80037998     1.65179892     0.78432505
