24
(3E)-6-methylhept-3-ene
 C        2.01843146     0.12470293    -0.34146863
 C        1.01779336    -0.89933979     0.24370105
 C        1.63487099     1.56398898     0.02544993
 C        3.44852221    -0.19671331     0.11184819
 C       -0.36981394    -0.78936096    -0.32202778
 C       -1.47911876    -0.54815091     0.37605601
 C       -2.86472376    -0.43816652    -0.19596641
 C       -3.50942743     0.93388705     0.06514195
 H       -0.45132188    -0.92550180    -1.40258665
 H       -1.40039777    -0.40842509     1.45606462
 H        1.98190227     0.03177054    -1.43692334
 H        0.98444739    -0.79019065     1.33598487
 H        1.40818009    -1.90807386     0.04339328
 H        2.31337811     2.28522284    -0.44227265
 H        1.68748579     1.71410111     1.11103856
 H        0.61470945     1.79839992    -0.29176620
 H        4.16900439     0.50676566    -0.31890894
 H        3.74607191    -1.20777454    -0.18682269
 H        3.53625675    -0.13290673     1.20333777
 H       -3.50494107    -1.21539803     0.24561198
 H       -2.83480202    -0.63619451    -1.27393461
 H       -3.55982449     1.14785897     1.13840617
 H       -4.52898655     0.97280054    -0.33166209
 H       -2.92921809     1.73414752    -0.40524608
