14
(3E)-hexa-1,3,5-triene
 C        0.60510146    -0.29769670    -0.00000001
 C       -0.60510146     0.29769671    -0.00000001
 C        1.86614431     0.41236932    -0.00000001
 C       -1.86614431    -0.41236931    -0.00000000
 C        3.06984884    -0.17577142     0.00000001
 C       -3.06984884     0.17577141     0.00000001
 H        0.65730743    -1.38648301    -0.00000002
 H       -0.65730742     1.38648302     0.00000000
 H        1.80510227     1.50015979    -0.00000001
 H       -1.80510226    -1.50015979    -0.00000001
 H        3.98771976     0.40101329     0.00000002
 H        3.17283383    -1.25718152     0.00000002
 H       -3.98771976    -0.40101332     0.00000001
 H       -3.17283385     1.25718151     0.00000002
