19
(3R,4R)-3,4-dimethylcyclopent-1-ene
 C       -1.68208026    -0.66974770    -0.20813112
 C       -1.48578971     0.54911060     0.29335123
 C       -0.01737725     0.85286567     0.51184249
 C        0.61794496    -0.57563642     0.45393114
 C       -0.38267265    -1.42049617    -0.37882027
 C        0.50116100     1.85175740    -0.53987728
 C        2.06900698    -0.66145932    -0.01831271
 H       -2.64341393    -1.08334752    -0.49524140
 H       -2.26224139     1.28670797     0.47237370
 H        0.15650472     1.29690040     1.50112564
 H        0.57313317    -0.96472761     1.47899369
 H       -0.09385843    -1.46759914    -1.44001462
 H       -0.43282453    -2.45934731    -0.03137417
 H       -0.05807693     2.79175883    -0.48178132
 H        1.55968154     2.08566770    -0.38712727
 H        0.38026633     1.46082421    -1.55571606
 H        2.73434288    -0.06172977     0.61270918
 H        2.42615001    -1.69649282     0.01878955
 H        2.18261028    -0.31220580    -1.04991206
