19
(3R,4S)-3,4-dimethylcyclopent-1-ene
 C        0.12659673     1.70306678    -0.09541736
 C       -0.79940392     0.98518723    -0.72841660
 C       -0.74064789    -0.48338927    -0.37191820
 C        0.62204612    -0.60824669     0.38395660
 C        1.00318043     0.84771272     0.78606139
 C       -1.95320670    -0.92255760     0.46800991
 C        1.70027843    -1.23863338    -0.50521972
 H        0.24589391     2.77923945    -0.17081088
 H       -1.55413004     1.38661404    -1.39801658
 H       -0.72208549    -1.10453494    -1.27869442
 H        0.49864591    -1.23211542     1.27590864
 H        0.80896149     1.05135097     1.84828263
 H        2.07253237     1.04259623     0.63286481
 H       -2.89177159    -0.75554064    -0.07179677
 H       -1.89458392    -1.98820917     0.71578228
 H       -2.00424829    -0.35735700     1.40503951
 H        1.85463963    -0.63780186    -1.40916875
 H        2.65950860    -1.30639139     0.01945548
 H        1.41668195    -2.24913055    -0.81938646
