21
(3Z)-2-methylhex-3-ene
 C        2.33813623    -0.98803517    -0.48204126
 C        1.27201582     0.10302192    -0.26782444
 C        1.93523384     1.44988887     0.07595172
 C        0.31369797    -0.30446149     0.82249076
 C       -0.99813380    -0.53580606     0.73737884
 C       -1.88878489    -0.43811541    -0.47143714
 C       -3.02011328     0.58753177    -0.28205747
 H        2.90967564    -1.16061981     0.43768523
 H        3.04685130    -0.69531829    -1.26456630
 H        1.87958454    -1.93809825    -0.77240774
 H        0.72366669     0.22756793    -1.20842170
 H        2.49397013     1.38052455     1.01690319
 H        1.18870830     2.24180398     0.18962654
 H        2.63897947     1.75160627    -0.70755097
 H        0.78387853    -0.42349389     1.80058511
 H       -1.51760861    -0.82202264     1.65297242
 H       -2.33830563    -1.42307644    -0.66251810
 H       -1.31162796    -0.18682695    -1.36657930
 H       -2.61570116     1.59479798    -0.14048472
 H       -3.62564258     0.34733092     0.59874261
 H       -3.68552159     0.60578690    -1.15116901
