24
(3Z)-5-methylhept-3-ene
 C       -1.31531058     1.69872579     0.38514574
 C       -0.83762552     0.26968659     0.06219864
 C        0.24714539     0.31806704    -0.98416277
 C        1.50748282    -0.11392227    -0.90150098
 C        2.20329132    -0.75360119     0.26920146
 C        3.42220380     0.05961848     0.73909302
 C       -1.99320099    -0.63732998    -0.42276841
 C       -3.10184552    -0.87030308     0.60969863
 H       -0.47982576     2.32001322     0.72155153
 H       -2.07601923     1.70470872     1.17140596
 H       -1.74703530     2.17500608    -0.50347975
 H       -0.43738299    -0.16926233     0.98434773
 H       -0.06921577     0.76713674    -1.92752644
 H        2.14066490     0.01619665    -1.78031345
 H        2.54431197    -1.75675676    -0.02421506
 H        1.51383116    -0.89810064     1.10656315
 H        3.11925374     1.05097450     1.09069000
 H        4.13836447     0.20284135    -0.07747675
 H        3.94378610    -0.44799407     1.55688461
 H       -1.56787460    -1.60406640    -0.71762982
 H       -2.42484466    -0.20463418    -1.33600570
 H       -3.62939013     0.05409340     0.86367559
 H       -2.69612282    -1.28757327     1.53858180
 H       -3.84587026    -1.57658871     0.22741893
