24
4-Ethylhex-1-ene
 C        0.43910245    -0.09503099    -0.05169062
 C        1.47434453    -1.17897524     0.31781400
 C        0.99221092     1.32090870     0.20230793
 C       -0.89364375    -0.36219532     0.71160072
 C        2.78373792    -1.13629515    -0.47846768
 C        0.06913761     2.47728336    -0.19938331
 C       -2.13771805    -0.10709673    -0.09512572
 C       -3.06167228    -1.02335971    -0.37346417
 H        0.23484785    -0.19228656    -1.12812271
 H        1.69445400    -1.11197591     1.39283437
 H        1.00658017    -2.16003204     0.16706897
 H        1.24181941     1.41053600     1.26951657
 H        1.93745568     1.43449585    -0.33990899
 H       -0.91471896    -1.40376201     1.05234821
 H       -0.90838687     0.25521354     1.62182527
 H        3.37035123    -0.23752170    -0.26692784
 H        3.41200890    -1.99921911    -0.23506786
 H        2.59012900    -1.16146031    -1.55715391
 H       -0.84890775     2.49825512     0.39589024
 H        0.57098079     3.43961207    -0.05506457
 H       -0.21788574     2.40930414    -1.25482817
 H       -2.26841898     0.90246852    -0.48081169
 H       -3.94004862    -0.79002875    -0.96664760
 H       -2.97743783    -2.04623264    -0.01491257
