19
4-Ethylphenol
 O        3.14546246    -0.07673819     0.27199350
 C       -0.99139559     0.02114442    -0.33152098
 C       -2.49302832     0.03070425    -0.51322668
 C       -0.26788985     1.21018240    -0.21418141
 C       -0.28064437    -1.18182113    -0.24227120
 C       -3.25873795    -0.04136731     0.82017378
 C        1.11013172     1.20639042    -0.01126988
 C        1.09394056    -1.20537136    -0.04002427
 C        1.79733945    -0.00490130     0.07788190
 H        3.50173207     0.81480228     0.33316504
 H       -2.79112537     0.93858640    -1.05081674
 H       -2.79139715    -0.81501559    -1.14432004
 H       -0.78787781     2.16187986    -0.28603471
 H       -0.81508004    -2.12358968    -0.33729499
 H       -3.00701485     0.80954440     1.46145546
 H       -4.34116763    -0.03493329     0.65420715
 H       -3.00375097    -0.95432843     1.36799991
 H        1.65268750     2.14540428     0.07233902
 H        1.63914176    -2.14073113     0.02348577
