15
4-Fluorotoluene
 C        0.75036467    -1.19920306    -0.00849736
 C        1.47018655     0.00000053    -0.00894189
 C        0.75036446     1.19920350    -0.00849735
 C       -0.64217274     1.21055140    -0.00142812
 C       -1.32099923     0.00000007     0.00308523
 C       -0.64217213    -1.21055134    -0.00142811
 C        2.98029491    -0.00000027     0.01310779
 H        3.38729896     0.88505112    -0.48484708
 H        3.38729961    -0.88500936    -0.48492228
 H        3.36572520    -0.00004448     1.04042480
 H        1.28649308     2.14395629    -0.01571852
 H       -1.20354483     2.13807640    -0.00404227
 F       -2.66008280    -0.00000041     0.00630685
 H       -1.20354408    -2.13807643    -0.00404224
 H        1.28649359    -2.14395574    -0.01571861
