21
4-Methylhex-1-ene
 C       -0.50258997     0.42861302    -0.28320034
 C       -1.91907884     0.23535184     0.29230915
 C        0.50206906    -0.59385329     0.29901210
 C       -0.02083110     1.86736662    -0.05187821
 C       -2.61612317    -1.06795515    -0.11405334
 C        1.84068398    -0.58258117    -0.38345458
 C        3.01151802    -0.35623686     0.20658544
 H       -0.55804307     0.25819907    -1.36941415
 H       -1.87088398     0.30306331     1.38826482
 H       -2.53892300     1.08072092    -0.03300101
 H        0.63094500    -0.40466169     1.37306775
 H        0.07528472    -1.60143412     0.20633748
 H        0.98691081     2.02115058    -0.44794121
 H       -0.69080981     2.58918267    -0.53070310
 H        0.00639141     2.09965662     1.02004020
 H       -2.09422875    -1.95306205     0.26290196
 H       -3.63740745    -1.10231599     0.27872170
 H       -2.67762827    -1.15872081    -1.20461734
 H        1.82017639    -0.78360859    -1.45568053
 H        3.94502244    -0.37177073    -0.34671514
 H        3.08298104    -0.15131963     1.27166265
