18
4-Methylpentanenitrile
 C        2.52020769     1.13552198    -0.05630005
 C        1.52380860     0.02790096     0.31470501
 C        0.10199130     0.43988532    -0.10717409
 C       -0.99748512    -0.52344360     0.38844045
 C       -2.33928962    -0.05958338     0.03795901
 N       -3.39197591     0.32304825    -0.24789197
 H        3.53276833     0.87964087     0.27172546
 H        2.24768046     2.09026615     0.40530023
 H        2.55108482     1.28629002    -1.14193160
 C        1.95535301    -1.31338400    -0.29656745
 H        1.52995221    -0.07827050     1.40966749
 H       -0.11548748     1.44084392     0.28159770
 H        0.04675858     0.51252019    -1.20039718
 H       -0.86214913    -1.52422389    -0.03509557
 H       -0.94331469    -0.63125290     1.47871422
 H        2.97765743    -1.56441938     0.00373903
 H        1.93366540    -1.26745523    -1.39210021
 H        1.31315162    -2.14255471     0.01650932
