16
4-Methylpent-2-yne
 C       -1.11741010    -0.00000015    -0.39298905
 C       -1.75019034    -1.27243335     0.20546256
 C       -1.75018507     1.27243563     0.20546207
 C        0.33636643    -0.00000197    -0.21374101
 C        1.53028206     0.00000032    -0.05045301
 C        2.97537185    -0.00000101     0.14092699
 H       -1.32501675     0.00000018    -1.47272726
 H       -2.83066696    -1.28119351     0.02726138
 H       -1.58010061    -1.31439290     1.28597606
 H       -1.31848214    -2.17283252    -0.23979031
 H       -1.31847114     2.17283229    -0.23978944
 H       -1.58009691     1.31439365     1.28597548
 H       -2.83066091     1.28120179     0.02725899
 H        3.30421038    -0.88391770     0.69926532
 H        3.30421298     0.88392445     0.69925008
 H        3.50515953    -0.00000942    -0.81852304
