12
4-Pyridinol
 C        0.94116199    -0.00157745     0.00000052
 C        0.22396687    -1.19945460     0.00000050
 C        0.22763238     1.19838757     0.00000053
 C       -1.15998812     1.13546338     0.00000002
 N       -1.86720631    -0.00020915    -0.00000043
 C       -1.16631604    -1.13587070    -0.00000014
 O        2.29349080     0.05614140    -0.00000102
 H        0.75512610     2.14505926     0.00000078
 H       -1.73765984     2.05761108    -0.00000005
 H       -1.74426086    -2.05805669    -0.00000081
 H        0.73407179    -2.15896526     0.00000024
 H        2.65251342    -0.83740529     0.00000513
