21
4,4-dimethylpent-1-ene
 C       -0.83670329     0.02508683     0.01421771
 C        0.45832070    -0.00676529    -0.84923325
 C       -0.67922567     1.03079906     1.16781894
 C       -2.00002577     0.46688038    -0.89204073
 C       -1.14727430    -1.37151605     0.58349134
 C        1.70451141    -0.46510047    -0.14487069
 C        2.78698115     0.28195576     0.05907459
 H        0.62758653     0.99583866    -1.26183183
 H        0.27158758    -0.67076611    -1.70622425
 H       -1.58658588     1.06448986     1.78096563
 H       -0.49634438     2.04210902     0.78686603
 H        0.16007529     0.76438713     1.81719557
 H       -2.93693798     0.52529961    -0.32696970
 H       -2.15111744    -0.23894152    -1.71672568
 H       -1.81088893     1.45462722    -1.32729922
 H       -0.37759420    -1.70512253     1.28636229
 H       -1.22258962    -2.11899811    -0.21483645
 H       -2.10134397    -1.36420238     1.12201276
 H        1.70712179    -1.49603772     0.20722733
 H        3.66490270    -0.10588068     0.56585162
 H        2.83983600     1.31351081    -0.27982659
