19
4,4-dimethylcyclopent-1-ene
 C        1.81280596     0.00020622    -0.99400993
 C        0.63685396    -0.00024628    -0.01043732
 C       -0.30591074     1.22975269    -0.21253894
 C       -1.69169911     0.66632463    -0.01756244
 C       -1.69194145    -0.66593786    -0.01787568
 C       -0.30629555    -1.22981461    -0.21295755
 C        1.16335641    -0.00035548     1.43534208
 H        2.44633720    -0.88362560    -0.85572726
 H        2.44557349     0.88442319    -0.85480515
 H        1.46197062     0.00060880    -2.03185733
 H       -0.07096761     2.04184451     0.48727575
 H       -0.20020964     1.65672435    -1.22063273
 H       -2.57171740     1.29410851     0.07777435
 H       -2.57218963    -1.29343506     0.07721571
 H       -0.20061888    -1.65657145    -1.22114270
 H       -0.07190207    -2.04231375     0.48658862
 H        1.77871296     0.88520646     1.63058125
 H        1.77849211    -0.88601805     1.63074788
 H        0.33479403    -0.00011005     2.15165841
