24
4,5-dimethylhex-1-ene
 C       -0.18741678     0.27927469     0.55746229
 C       -1.68701746     0.10127890     0.19410055
 C        0.76856887    -0.51964943    -0.36256728
 C        0.21693691     1.75990910     0.61321494
 C       -2.20520613    -1.30293470     0.54095543
 C       -2.01915174     0.45096218    -1.26548619
 C        2.16081070    -0.63715994     0.19147571
 C        3.27189435    -0.21168294    -0.40408649
 H       -0.06993342    -0.12751649     1.57304633
 H       -2.23468791     0.80999177     0.83180726
 H        0.80826920    -0.05516195    -1.35499389
 H        0.36562695    -1.53175708    -0.50388543
 H        1.25746399     1.86915050     0.93212608
 H       -0.41434191     2.31498519     1.31525950
 H        0.12639617     2.23897462    -0.36811821
 H       -1.73943683    -2.07563396    -0.08087069
 H       -3.28655688    -1.36861223     0.37954918
 H       -2.00808335    -1.55395188     1.58889719
 H       -1.68180401     1.45599963    -1.53631777
 H       -3.10102773     0.41206187    -1.43073801
 H       -1.55822832    -0.25697129    -1.96299739
 H        2.23610645    -1.11791917     1.16805758
 H        4.24953256    -0.33474262     0.05076724
 H        3.24745972     0.27367040    -1.37635028
