16
(4E)-hexa-1,4-diene
 C        0.81730156     1.03258367    -0.03032358
 C       -0.67955729     0.82368795    -0.07241374
 C       -1.31253597    -0.34485433     0.01504071
 C        1.61257898    -0.15487584     0.43426867
 C       -2.80193971    -0.52108460    -0.03814654
 C        2.54206673    -0.78299241    -0.27998845
 H       -1.26846955     1.73326773    -0.19522971
 H       -0.72555899    -1.25552885     0.12732080
 H        1.17152514     1.35105579    -1.02131225
 H        1.02304567     1.88313053     0.63826830
 H        1.38861450    -0.50270919     1.44242758
 H       -3.18036705    -0.99632003     0.87590833
 H       -3.09568506    -1.17294545    -0.87073075
 H       -3.31697969     0.43674384    -0.15968729
 H        3.09424262    -1.62932944     0.11572854
 H        2.79124778    -0.47204705    -1.29128722
