24
(4E)-oct-4-ene
 C       -1.70628249    -0.88925775     0.39488269
 C        1.70628087     0.88925945    -0.39487437
 C       -2.97404506    -0.51447527    -0.40333701
 C        2.97404737     0.51447127     0.40333642
 C       -0.59122514     0.11383205     0.28608133
 C        0.59122334    -0.11383017    -0.28607287
 C       -3.67051552     0.76003358     0.08545150
 C        3.67051642    -0.76003304    -0.08546600
 H       -0.78430038     1.10202789     0.70537257
 H        0.78429851    -1.10202610    -0.70536414
 H       -1.34578705    -1.86686126     0.05343513
 H       -1.98776315    -1.01090423     1.45168536
 H        1.98775623     1.01091174    -1.45167785
 H        1.34578784     1.86686130    -0.05341950
 H       -2.70716880    -0.40556543    -1.46182364
 H       -3.67839001    -1.35372041    -0.34503415
 H        3.67839153     1.35371730     0.34503700
 H        2.70717628     0.40555266     1.46182346
 H       -3.02907991     1.64012270    -0.02448082
 H       -4.58736671     0.94912377    -0.48189787
 H       -3.94545152     0.67918953     1.14359883
 H        3.94544741    -0.67917987    -1.14361393
 H        4.58737042    -0.94912726     0.48187750
 H        3.02908215    -1.64012368     0.02446194
