17
4‐Methylpent‐3‐en‐2‐one
 C        1.25402829    -0.11757421     0.00000000
 C        2.47741338    -0.99624767    -0.00000007
 H        2.22638099    -2.05952046    -0.00000037
 H        3.10170195    -0.78581211     0.87774151
 H        3.10170215    -0.78581167    -0.87774142
 C        1.53490004     1.35962337     0.00000027
 H        0.62155831     1.94878986     0.00000082
 H        2.14115366     1.62127912    -0.87715019
 H        2.14115458     1.62127866     0.87715021
 C        0.02528872    -0.67167060    -0.00000016
 C       -1.28872569     0.01707674    -0.00000007
 H       -0.03661164    -1.75826237    -0.00000030
 C       -2.49330411    -0.91595584     0.00000025
 H       -3.41257583    -0.32952427     0.00000027
 H       -2.47096905    -1.56886217     0.88038767
 H       -2.47096929    -1.56886249    -0.88038693
 O       -1.44398645     1.22482626    -0.00000024
