24
(4R)-4-methylhept-1-ene
 C       -0.04485131     0.80299631     0.29542868
 C        1.43446139     0.88802263    -0.13275627
 C       -0.69884285    -0.54811196    -0.07579141
 C        2.38840486    -0.15362772     0.49758612
 C       -0.83423798     1.98203664    -0.29025265
 C        2.72557991    -1.34382243    -0.41058529
 C       -2.08959063    -0.71592379     0.46884290
 C       -3.18181719    -0.95786156    -0.25124067
 H       -0.07245189     0.88802992     1.39279286
 H        1.49392732     0.82370753    -1.22863153
 H        1.78581790     1.89521301     0.12233456
 H       -0.71056404    -0.66321981    -1.16782883
 H       -0.07476998    -1.35944922     0.32119282
 H        3.32717246     0.34194461     0.77128201
 H        1.96266449    -0.51733785     1.44215722
 H       -1.88246300     1.95662125     0.02017136
 H       -0.40643029     2.93902220     0.02656578
 H       -0.81446250     1.95603299    -1.38685024
 H        3.21870541    -1.00344017    -1.32805705
 H        3.40276283    -2.04436538     0.08939208
 H        1.83210056    -1.90105642    -0.70847561
 H       -2.17993702    -0.63197993     1.55300263
 H       -4.15705028    -1.07909064     0.20922683
 H       -3.14234871    -1.04944546    -1.33361395
