16
(4Z)-hexa-1,4-diene
 C       -0.51981946    -0.38202871     0.70679187
 C        0.62518047    -0.93150425    -0.10951062
 C        1.79908454    -0.35344569    -0.36943762
 C       -1.79763995    -0.29949394    -0.09167425
 C        2.29036151     0.99123050     0.08408638
 C       -2.52311085     0.80083602    -0.26492217
 H        0.44320866    -1.91951371    -0.53206328
 H        2.50499103    -0.91167408    -0.98366576
 H       -0.28197046     0.60023935     1.12435643
 H       -0.68650604    -1.05456005     1.56360244
 H       -2.12320239    -1.23161829    -0.55395627
 H        3.20075892     0.89052456     0.68859829
 H        2.55752342     1.61653634    -0.77699301
 H        1.55429888     1.53733762     0.67798896
 H       -3.43718221     0.79752052    -0.84979741
 H       -2.23233662     1.75182066     0.17376225
