36
5,6-Dimethylbenzo-a-phenanthrene
 C       -0.91689970     2.43510902     0.35635765
 C       -2.22955513     2.08837269     0.44627516
 C       -2.64668236     0.75261145     0.19154157
 C       -1.65824278    -0.24766430    -0.06518447
 C       -0.25259758     0.09617669     0.05954610
 C        0.81575948    -0.88166315     0.12060068
 C        0.60761056    -2.23179799     0.49833045
 C        1.63855174    -3.14658213     0.53943971
 C        2.94049445    -2.74795193     0.20397633
 C        3.19030447    -1.42629413    -0.09626279
 C        2.15953033    -0.45459697    -0.10797292
 C        2.46652709     0.94804966    -0.26675715
 C        1.48323011     1.88114937    -0.03567140
 C        0.10824866     1.46079459     0.13411023
 C       -2.12959539    -1.50418234    -0.52976963
 C       -3.47605565    -1.78761592    -0.62069698
 C       -4.43767927    -0.82780138    -0.25578323
 C       -4.02133911     0.42663049     0.12485052
 C        1.77306921     3.36644946     0.02048432
 C        3.88942999     1.32316572    -0.62213831
 H       -0.64096682     3.47433095     0.47687828
 H       -2.98556653     2.84035236     0.65346112
 H       -0.37688572    -2.54424348     0.81714925
 H        1.44160439    -4.16803508     0.84901250
 H        3.75475138    -3.46544347     0.21965525
 H        4.21040686    -1.11965020    -0.28967386
 H       -1.42074118    -2.24456045    -0.87322935
 H       -3.79403249    -2.75570426    -0.99491989
 H       -5.49526096    -1.06418715    -0.31319930
 H       -4.74587820     1.20313053     0.35375901
 H        1.25057197     3.91647858    -0.77104072
 H        1.43983350     3.78901981     0.97489935
 H        2.83448652     3.58952336    -0.06588412
 H        4.57654176     1.18463282     0.22216167
 H        3.97907949     2.35618499    -0.95425261
 H        4.25786897     0.69533356    -1.43920387
