24
6-Methylhept-1-ene
 C       -2.01222779     0.01038588     0.23327867
 C       -0.68213823    -0.76855176     0.27976317
 C        0.44825505    -0.10561954     1.10093730
 C       -1.88166627     1.39656870    -0.41377749
 C       -3.08992387    -0.81598208    -0.48272491
 C        1.49404379     0.68447901     0.27965789
 C        2.39689763    -0.19411049    -0.54146576
 C        3.71993709    -0.25814878    -0.41710987
 H       -2.33848207     0.15759040     1.27376709
 H       -0.34449391    -0.95359881    -0.74925853
 H       -0.89435600    -1.75886380     0.70049034
 H        0.98367243    -0.87209203     1.67254579
 H        0.00382017     0.56807775     1.84476974
 H       -2.84961970     1.90908313    -0.43401339
 H       -1.52976315     1.31512795    -1.44965502
 H       -1.18226401     2.03980779     0.12845787
 H       -4.05595111    -0.29983763    -0.47706199
 H       -3.22786627    -1.79264766    -0.00649823
 H       -2.81600768    -0.99301832    -1.53004442
 H        2.10713746     1.28630947     0.96087420
 H        0.97478891     1.39073598    -0.38169907
 H        1.90974998    -0.82449975    -1.28518697
 H        4.32347810    -0.91620170    -1.03400839
 H        4.25468401     0.35102329     0.30740772
