26
6,6-Dimethyl-2-methylenebicyclo[3.1.1]heptane
 C        0.44627852     1.64895501    -0.80725831
 C       -0.77720581     1.21348131     0.01481988
 C        1.71178630     0.84034084    -0.40095780
 H        0.23549831     1.52830685    -1.87515248
 H        0.63367277     2.71715780    -0.65027150
 C        0.03052885    -0.55115338     0.89516187
 C        1.38583471    -0.50305708     0.24018993
 H        2.38611786     0.70624352    -1.25213441
 H        2.27538020     1.42931391     0.33339282
 C        2.22706991    -1.53613669     0.22726127
 H        3.18695428    -1.48729678    -0.27882392
 H        1.98890976    -2.46901200     0.72935216
 C       -0.32254960     0.85962377     1.45900891
 H        0.48959649     1.44700259     1.89523662
 H       -1.14674669     0.82862903     2.17171188
 C       -1.08727650    -0.30995518    -0.19631146
 H       -1.61266564     1.90999403    -0.11168631
 H       -0.08289910    -1.42546415     1.54280136
 C       -2.48248485    -0.69146651     0.31793767
 C       -0.89859266    -0.92827258    -1.58164017
 H       -2.70482879    -0.28176886     1.30620967
 H       -3.25409707    -0.32721576    -0.37069814
 H       -2.58472580    -1.78103821     0.38020983
 H        0.09696471    -0.76436645    -1.99740407
 H       -1.05309569    -2.01273609    -1.53777357
 H       -1.63294316    -0.52211430    -2.28782899
