34
9,10-Dihydro-9,10[1',2']benzenoanthracene
 C        2.55851323     0.48559584     1.40178567
 C        3.74543899     0.71069939     0.69579087
 C        1.38262327     0.26239886     0.70179908
 C        3.74548163     0.71053751    -0.69569753
 C        2.55859943     0.48530779    -1.40172608
 C        1.38265487     0.26227861    -0.70177202
 H        2.55894152     0.48536828    -2.48801395
 C        0.00006567     0.00006059     1.29690593
 C        0.00005964    -0.00001524    -1.29683841
 C       -0.91852615     1.06621192     0.70183226
 C       -0.91845807     1.06620012    -0.70176717
 H        2.55878600     0.48585070     2.48807213
 C       -1.69981995     1.97297865     1.40170603
 C       -1.69960713     1.97295999    -1.40181191
 C       -2.48829057     2.88821146     0.69560249
 C       -2.48817403     2.88823990    -0.69588242
 H       -1.70026233     1.97332457     2.48800300
 H       -3.10198305     3.60050156     1.23791349
 H       -1.69973418     1.97319622    -2.48810001
 H       -3.10176335     3.60055497    -1.23827166
 H        4.66912143     0.88601642     1.23814577
 H        4.66920317     0.88573310    -1.23802418
 C       -0.46405732    -1.32852964    -0.70174257
 H        0.00019702    -0.00012046    -2.38857503
 C       -0.46411555    -1.32850162     0.70183030
 H        0.00020758    -0.00009444     2.38862375
 C       -0.85901004    -2.45839134     1.40177826
 C       -1.25741502    -3.59886516     0.69573432
 C       -1.25723963    -3.59891809    -0.69575753
 C       -0.85871975    -2.45846109    -1.40174953
 H       -0.85925189    -2.45864088     2.48806387
 H       -1.56758723    -4.48642148     1.23805105
 H       -1.56724262    -4.48652609    -1.23809122
 H       -0.85867398    -2.45872373    -2.48803566
