10
Acetone
 O       -0.00000002     1.31331594    -0.00000000
 C        0.00000000     0.10528031     0.00000000
 C        1.29084533    -0.69881077    -0.00000000
 C       -1.29084531    -0.69881080     0.00000001
 H        2.14840419    -0.02502115    -0.00000034
 H       -2.14840418    -0.02502120     0.00000045
 H        1.33365358    -1.35137921    -0.87962237
 H        1.33365387    -1.35137865     0.87962277
 H       -1.33365351    -1.35137935     0.87962230
 H       -1.33365389    -1.35137858    -0.87962284
