30
Adamantane-2-carboxamide
 C        0.32615036    -0.48752077    -1.63753714
 C       -0.02447904    -1.24525807    -0.34072136
 C        1.20958517     0.73236177    -1.30563042
 C        1.27330571    -1.70594637     0.35419712
 C       -0.80114557    -0.31334366     0.63124680
 C        2.50207516     0.26117866    -0.60904504
 C        0.43388139     1.67565323    -0.36670547
 C        2.14530107    -0.48131951     0.69472081
 C        1.36028704     0.46221484     1.62994824
 C        0.06564726     0.93048750     0.93389421
 H        1.12467899    -0.05117577     2.57167849
 H        1.97660762     1.33231136     1.88859987
 C       -2.21182185     0.04764255     0.14841348
 H       -0.58869323    -0.16315791    -2.14801323
 H        0.85183009    -1.16325693    -2.32418435
 H       -0.49666325     1.60258907     1.58888919
 H        1.05135494     2.54891358    -0.11977321
 H       -0.47447511     2.04398544    -0.84859627
 H        1.46256569     1.26081155    -2.23233559
 H        3.14421396     1.12314729    -0.38789871
 H        3.07377289    -0.40029361    -1.27312223
 H        3.06314877    -0.81387898     1.19398883
 H        1.82366987    -2.38933429    -0.30512535
 H        1.03348286    -2.26732565     1.26673390
 H       -0.63415946    -2.12300302    -0.58613394
 H       -0.94600910    -0.86782824     1.57159287
 O       -2.60022641     1.18742220    -0.02936542
 N       -3.03579198    -1.02532358    -0.06361355
 H       -2.77945762    -1.95908928     0.20372238
 H       -3.99853502    -0.83778616    -0.29110568
