27
Adamantan-1-ol
 C       -1.33671792     0.73610401     1.25973636
 C       -0.81357307     1.45868197     0.00191801
 C       -0.84146282    -0.72416103     1.25942869
 C       -1.33726549     0.73922033    -1.25742252
 C        0.72789582     1.43725484     0.00145443
 C       -1.36222645    -1.44271511    -0.00178312
 C        0.70124110    -0.73525931     1.25475758
 C       -0.84162358    -0.72096382    -1.26122242
 H       -2.45938275    -1.45442446    -0.00180990
 H       -1.03280254    -2.48969521    -0.00308141
 H       -0.99017202     1.25784083    -2.15994284
 H       -2.43412260     0.76366221    -1.27693150
 C        0.70101141    -0.73212007    -1.25673163
 C        1.23048512    -0.01390015    -0.00009574
 H        1.09917376    -0.23380919    -2.14850724
 H        1.07282719    -1.76672408    -1.27154223
 H        1.12590225     1.95255098     0.88349052
 H        1.12551262     1.95383450    -0.88002351
 H       -0.98881825     1.25214994     2.16342418
 H       -2.43355340     0.76104587     1.28000619
 H        1.07305689    -1.76988538     1.26674731
 H        1.09922475    -0.23898354     2.14772328
 H       -1.20877601    -1.23310215    -2.15834837
 O        2.65295974     0.05117556    -0.00003306
 H       -1.16151402     2.49813985     0.00321102
 H       -1.20842867    -1.23880224     2.15519917
 H        2.98877894    -0.85148704     0.00043807
