27
Adamantan-2-ol
 C        0.17231509    -0.97026151    -1.41625381
 C       -0.64505560    -1.49291165    -0.21756505
 C        0.50306608     0.51983204    -1.20105636
 C       -1.94963202    -0.68044700    -0.08968032
 C        0.19063067    -1.33461464     1.06882654
 C       -0.80056646     1.33335636    -1.07093515
 C        1.32883863     0.69162045     0.09177260
 C       -1.61582518     0.80959356     0.12837069
 H       -1.38579439     1.24887707    -1.99512850
 H       -0.57261418     2.39868936    -0.93575055
 H       -2.54785838    -1.05793429     0.74964399
 H       -2.55974544    -0.79987455    -0.99449779
 C       -0.77967206     0.96681370     1.41432700
 C        0.52480408     0.15473305     1.28773136
 H       -1.35055575     0.61544450     2.28277122
 H       -0.55454216     2.02665346     1.59055344
 H        1.11608400    -1.91363800     0.99476002
 H       -0.36719814    -1.71746640     1.93289873
 H        1.09874350    -1.54515406    -1.51774067
 H       -0.39367547    -1.09438203    -2.34822112
 H        1.52159142     1.76676256     0.24937505
 O        2.56582689    -0.01180003     0.04942033
 H       -2.54365336     1.38656505     0.22037760
 H       -0.88541929    -2.55149504    -0.37213851
 H        1.08964194     0.89916176    -2.05017254
 H        1.13265102     0.27114798     2.19200190
 H        3.04786532     0.28113136    -0.72993078
