25
Adamantan-2-one
 C       -0.27982584    -1.25935301    -1.26170852
 C       -1.17174320    -0.00242311    -1.26074281
 C        0.61449751    -1.26837337     0.00282878
 C       -2.05966722    -0.00029225    -0.00060948
 C       -0.28014175     1.25474145    -1.26637912
 C       -0.28076700    -1.25438880     1.26664581
 C        1.46318936    -0.00008780     0.00025706
 C       -1.17255115     0.00268747     1.26026866
 H       -0.89814377    -2.16141201     1.28335521
 H        0.34256498    -1.27519412     2.16869902
 H       -2.71408507     0.88051606    -0.00281867
 H       -2.71240543    -0.88235171     0.00110964
 C       -0.28033597     1.25943482     1.26173621
 C        0.61471788     1.26837855    -0.00225189
 H       -0.89697609     2.16701807     1.27543632
 H        0.34332235     1.28314044     2.16350389
 H        0.34325835     1.27599675    -2.16838287
 H       -0.89758025     2.16174472    -1.28263063
 H        0.34410176    -1.28341167    -2.16326456
 H       -0.89706352    -2.16655693    -1.27550047
 O        2.67200145    -0.00022902    -0.00000915
 H       -1.80423823     0.00462311     2.15605854
 H       -1.80302159    -0.00421801    -2.15683027
 H        1.28547460    -2.13162543     0.00475322
 H        1.28585368     2.13150816    -0.00387539
