15
Adenine
 C       -0.19434546    -0.52694278    -0.00152932
 C        1.20744228    -0.65810917     0.00026464
 C       -0.68345384     0.78223475    -0.00383026
 N       -1.22588229    -1.45006125     0.00428037
 N        0.03667717     1.90675581    -0.00335986
 N       -2.05229415     0.63825484    -0.00188095
 N        1.96054301     0.45153577     0.00775971
 N        1.82153766    -1.86581447    -0.02822550
 C        1.34391644     1.64153361     0.00331920
 C       -2.30846085    -0.71576630     0.00373501
 H       -2.72429970     1.38761602    -0.00286876
 H        1.27524628    -2.69463270     0.13056118
 H        2.81416829    -1.89309229     0.13144899
 H        2.00398176     2.50638635     0.00776490
 H       -3.32045970    -1.09607413     0.00746704
