11
Allylamine
 C       -1.82997549    -0.05476020     0.28450521
 H       -2.71523776    -0.64503718     0.07047532
 H       -1.91281111     0.66479398     1.09541655
 C       -0.70206391    -0.19285902    -0.40767363
 H       -0.65282530    -0.92567047    -1.21463919
 C        0.57052838     0.57088403    -0.14690799
 H        0.85766280     1.14065724    -1.04032333
 H        0.40186907     1.30386400     0.65083637
 N        1.72456175    -0.26171405     0.22887667
 H        1.95363008    -0.89257844    -0.53467548
 H        1.46143275    -0.85874119     1.00857138
