14
Aniline
 C       -0.94470613     0.00000000    -0.00363242
 C       -0.22826992    -1.20592542    -0.00347948
 C       -0.22826991     1.20592543    -0.00347946
 C        1.16234394    -1.20046829    -0.00064669
 C        1.16234395     1.20046829    -0.00064669
 C        1.87102710    -0.00000001     0.00069135
 N       -2.34053671     0.00000002     0.05437780
 H       -2.77951496     0.83384600    -0.30754956
 H       -2.77951492    -0.83384630    -0.30754883
 H        1.69567808    -2.14638091    -0.00217380
 H        1.69567809     2.14638090    -0.00217378
 H        2.95544473    -0.00000001     0.00177718
 H       -0.77040186    -2.14779949    -0.00229720
 H       -0.77040185     2.14779950    -0.00229712
