14
anti-Hexa-2,3,4-triene
 C       -3.04885627    -0.34525184    -0.00006111
 C        3.04885447     0.34525478    -0.00006022
 C       -1.86086603     0.57854576    -0.00002537
 C        1.86086746    -0.57854654    -0.00001487
 C       -0.60374165     0.18781449     0.00012224
 C        0.60374234    -0.18781770     0.00008442
 H       -3.68021290    -0.16881170    -0.88020017
 H       -2.73931262    -1.39237403    -0.00003371
 H       -3.68027754    -0.16878131     0.88002502
 H        3.68031996     0.16875479     0.87998848
 H        3.68016792     0.16884920    -0.88023611
 H        2.73930704     1.39237552     0.00002478
 H       -2.07649789     1.64750729    -0.00006130
 H        2.07650220    -1.64750733    -0.00004384
