16
Benzamide
 O       -2.28285170     1.12208175     0.23144591
 N       -2.37015103    -1.09836906    -0.21068057
 C       -0.19577954    -0.00674355     0.00753563
 C        0.51127167    -1.20788431     0.13163893
 C        0.51218502     1.19382119    -0.11074915
 C        1.90386448    -1.20851343     0.12054806
 C        1.90217755     1.19241417    -0.12941585
 C        2.60096848    -0.00962566    -0.01625495
 C       -1.69573589     0.07768515     0.01596203
 H       -0.01853856    -2.14460988     0.27263474
 H       -0.05498820     2.11459119    -0.18473830
 H        2.44393608    -2.14395752     0.22592276
 H        2.44279894     2.12822974    -0.22898123
 H        3.68635645    -0.01129074    -0.02724155
 H       -1.92194669    -1.85390048    -0.70045288
 H       -3.36678170    -1.00711455    -0.33246490
