13
Benzenethiol
 C       -0.22213451     1.19875200     0.00000001
 C        0.46785460    -0.01867843     0.00000001
 C       -0.24994673    -1.21829969    -0.00000001
 C       -1.64241164    -1.19536318    -0.00000000
 C       -2.33133640     0.01541753    -0.00000000
 C       -1.61361910     1.21022365    -0.00000000
 S        2.24611478     0.04281251    -0.00000001
 H        0.27453626    -2.16831998    -0.00000002
 H       -2.18841785    -2.13359923    -0.00000000
 H       -3.41594252     0.02813916    -0.00000001
 H       -2.13748398     2.16089842    -0.00000000
 H        0.32951078     2.13357234     0.00000003
 H        2.46060598    -1.28422439     0.00000031
