12
Benzene
 C        1.39420181     0.00000683     0.00000000
 C        0.69710595    -1.20739743    -0.00000000
 C       -0.69709413    -1.20740426    -0.00000000
 C       -1.39420181    -0.00000683     0.00000000
 C       -0.69710595     1.20739743    -0.00000000
 C        0.69709412     1.20740426    -0.00000000
 H        2.47977801     0.00001215     0.00000000
 H        1.23989193    -2.14753614    -0.00000000
 H       -1.23987089    -2.14754828    -0.00000000
 H       -2.47977801    -0.00001215     0.00000000
 H       -1.23989193     2.14753614     0.00000000
 H        1.23987089     2.14754828    -0.00000000
