14
Benzaldehyde
 C       -0.41583818     1.29377068    -0.00000001
 H       -0.04015240     2.31374598    -0.00000001
 C       -1.78577779     1.04744667     0.00000001
 H       -2.48890955     1.87384109     0.00000002
 C       -2.25053955    -0.26696628     0.00000001
 H       -3.31845848    -0.46190585     0.00000002
 C       -1.34937854    -1.33561188    -0.00000000
 H       -1.71952382    -2.35577993    -0.00000001
 C        0.01689820    -1.09044336    -0.00000001
 H        0.74086894    -1.89821348    -0.00000002
 C        0.48942801     0.22858086    -0.00000001
 C        1.94456006     0.50003147    -0.00000001
 H        2.20828866     1.58255961    -0.00000004
 O        2.80475589    -0.34912356     0.00000002
