13
Benzonitrile
 C        1.54231383     1.20874997    -0.00000516
 C        2.23790620     0.00000304    -0.00002890
 C        0.15229650     1.21495440     0.00002581
 C       -0.54822965    -0.00000709     0.00002993
 C       -1.97948193     0.00000477    -0.00001942
 C        0.15229067    -1.21497022     0.00002225
 C        1.54230691    -1.20874239    -0.00000516
 N       -3.13773093     0.00000673    -0.00001770
 H        2.08346296     2.14892557    -0.00000444
 H        3.32300161    -0.00000362    -0.00004294
 H       -0.39866054     2.14854031     0.00002166
 H       -0.39865355    -2.14856110     0.00003505
 H        2.08348149    -2.14890514     0.00000616
