14
Benzoyl chloride
Cl       -2.40879309     0.76727702     0.00000078
 O       -1.61341215    -1.72217827    -0.00000136
 C        0.21894625    -0.19518531    -0.00000017
 C        0.64808044     1.13618751    -0.00000095
 C        1.16453265    -1.23363913     0.00000076
 C        2.00902083     1.42397886    -0.00000084
 C        2.52092363    -0.93896827     0.00000101
 C        2.94470476     0.39075149     0.00000017
 C       -1.20349492    -0.60852642    -0.00000047
 H       -0.08076006     1.93613370    -0.00000170
 H        0.81338924    -2.25872685     0.00000133
 H        2.33902100     2.45731758    -0.00000155
 H        3.24865209    -1.74353121     0.00000183
 H        4.00539010     0.62098810     0.00000031
