17
Bicyclo[3.1.0]hexane‐1‐carbonitrile
 C        0.48204873     1.05013470    -0.43473732
 C        1.82730658     0.41904200    -0.76099605
 C        1.90398899    -0.84442968     0.12753476
 H        1.84412532     0.14535483    -1.82215372
 H        2.66763919     1.09959622    -0.58782548
 C        0.44150240    -1.31437264     0.30020592
 H        2.53496238    -1.62220950    -0.30915395
 H        2.33961989    -0.59771842     1.10047082
 C       -0.39136970    -0.03270966     0.20286700
 H        0.14858854    -1.98412724    -0.51526391
 H        0.27879212    -1.85167601     1.23938750
 C        0.08332587     1.16939091     1.00717718
 H        0.04151930     1.74497243    -1.14083430
 H        0.81593776     0.99640395     1.78874255
 H       -0.66830268     1.91003320     1.25414635
 C       -1.78744122    -0.14439404    -0.10778601
 N       -2.91318576    -0.24789712    -0.35896347
