19
Bicyclo[2.2.1]heptane
 C        0.00000059     1.13253811     0.33368794
 C       -0.00000060    -1.13253810     0.33368797
 C        0.00000004     0.00000002     1.38357632
 C        1.25475468     0.78225580    -0.49924692
 C       -1.25475357     0.78225701    -0.49924738
 C        1.25475354    -0.78225703    -0.49924740
 C       -1.25475469    -0.78225581    -0.49924687
 H        0.00000103     2.15331329     0.72303395
 H       -0.00000102    -2.15331327     0.72303402
 H        0.89069240    -0.00000038     2.02072845
 H       -0.89069222     0.00000045     2.02072859
 H        1.20877832     1.20524797    -1.50759917
 H        2.15959091     1.17545525    -0.02491423
 H       -2.15958956     1.17545816    -0.02491565
 H       -1.20877588     1.20524839    -1.50759991
 H        2.15958955    -1.17545820    -0.02491573
 H        1.20877576    -1.20524841    -1.50759993
 H       -1.20877833    -1.20524802    -1.50759911
 H       -2.15959092    -1.17545525    -0.02491418
