25
Bicyclo[3.3.1]nonane
 C       -1.69389497     1.02593149     0.15657231
 C       -2.05988635    -0.46815915     0.33313230
 C       -0.82818400    -1.33883619     0.62729794
 H       -2.80208366    -0.58349805     1.13064447
 H       -2.54405571    -0.83585974    -0.57976098
 C        0.28359863    -1.20991286    -0.46524006
 H       -0.41893639    -1.05686584     1.60451365
 H       -1.13091612    -2.38718847     0.72609339
 C       -0.28370820     1.20999559    -0.46492761
 H       -2.44825747     1.50421342    -0.47905817
 H       -1.73667234     1.54311630     1.12265310
 C        0.00022749     0.00026602    -1.37542863
 H       -0.85561635    -0.18315381    -2.03426618
 H        0.85668693     0.18385252    -2.03346780
 C        0.82830305     1.33898643     0.62743829
 H       -0.28321692     2.12498381    -1.06667538
 C        1.69369978    -1.02623796     0.15664905
 H        0.28281573    -2.12477529    -1.06717570
 C        2.05981391     0.46787667     0.33316290
 H        1.13137850     2.38730456     0.72558491
 H        0.41927811     1.05783156     1.60503958
 H        1.73568040    -1.54289096     1.12302279
 H        2.44821220    -1.50486923    -0.47850262
 H        2.54389424     0.83569396    -0.57971864
 H        2.80217376     0.58317664     1.13054428
