23
Bicyclo[3.3.1]non-2-ene
 C        1.51749313    -0.18846362     0.99989308
 C        1.08244962    -1.43584459     0.21029069
 C        1.51034328     1.07691676     0.12771574
 C       -0.22521143    -1.23659467    -0.58736362
 C       -0.07130741    -0.01218013    -1.50613267
 C       -1.47745813    -1.05937246     0.30409367
 C        0.16797945     1.23271913    -0.63265969
 C       -0.98799221     1.39763388     0.32773704
 C       -1.71650485     0.36271800     0.74854576
 H        0.84347543    -0.04062724     1.85075565
 H        2.51743434    -0.34696738     1.42013970
 H        1.87445167    -1.69994669    -0.50453343
 H        0.98167667    -2.29163824     0.88923104
 H        1.70200366     1.96162721     0.74640823
 H        2.32289001     1.02593037    -0.61006746
 H       -0.37603379    -2.13405018    -1.19932430
 H       -0.97126089     0.12599727    -2.11659738
 H        0.77055047    -0.15975197    -2.19423021
 H       -2.36758122    -1.41075644    -0.23907352
 H       -1.40554180    -1.71314685     1.18487317
 H        0.23384741     2.12338367    -1.26953142
 H       -1.19959401     2.39915664     0.69664220
 H       -2.54248077     0.52322443     1.43913285
