23
Bicyclo[3.2.2]non-6-ene
 C       -1.15414343    -1.29487702    -0.41756243
 C       -1.88770758     0.01034736    -0.06893399
 C       -1.13893211     1.30658354    -0.41871915
 H       -2.09462151     0.01224575     1.00625207
 H       -2.86463141     0.01589852    -0.56731948
 C        0.31832603    -1.38376575     0.08843597
 H       -1.15352995    -1.44906140    -1.50478037
 H       -1.72895880    -2.12713406     0.00621846
 C        0.33315203     1.38032995     0.09088593
 H       -1.70572992     2.14600970     0.00168278
 H       -1.13382046     1.45826109    -1.50626767
 C        0.50256284    -0.67150567     1.41217781
 C        0.50899782     0.66366932     1.41348264
 C        1.31471982    -0.78064791    -0.93628780
 H        0.56089536    -2.44607440     0.19919723
 C        1.32540664     0.76910825    -0.93273308
 H        0.58609815     2.43994777     0.20423549
 H        2.33054958     1.12422858    -0.68373661
 H        1.09769308     1.16320563    -1.92961909
 H        1.07759664    -1.16703051    -1.93398551
 H        2.31603523    -1.15062849    -0.69351144
 H        0.62152902    -1.24738197     2.32588579
 H        0.63372008     1.23653825     2.32830995
