18
Bicyclo[4.2.0]octa-2,4-diene
 C       -0.46473255     1.47099394     0.07231104
 C       -1.61187498     0.90743061    -0.33006388
 C       -1.86203165    -0.53168232    -0.19383138
 C       -0.90643469    -1.37115099     0.22639696
 C        0.47830135    -0.87428889     0.51569674
 C        1.49770508    -0.84240591    -0.67094103
 C        1.93713094     0.58068229    -0.22532574
 H        0.98329312    -0.83098628    -1.63512862
 H        2.26418691    -1.62152647    -0.69173478
 C        0.66132909     0.67585441     0.66957023
 H        2.04047735     1.33175146    -1.01354110
 H        2.85512368     0.57249131     0.36965091
 H       -0.32190709     2.54689756    -0.00646498
 H       -2.40472442     1.52334926    -0.74542761
 H       -2.85571270    -0.90005425    -0.43234019
 H       -1.10800000    -2.43354032     0.33816118
 H        0.85910527     1.03483752     1.68800651
 H        0.91021803    -1.40697851     1.36901268
