16
Bicyclo[3.1.0]hexane
 C       -0.74025176     0.75706682    -0.41408941
 C       -0.74024974    -0.75707086    -0.41408591
 C       -1.42524870     0.00000010     0.69846285
 C        0.68729429     1.22969508    -0.17159688
 C        0.68729869    -1.22969355    -0.17159658
 C        1.41592764     0.00000195     0.42252398
 H       -1.35922210     1.31715988    -1.10738280
 H       -1.35922024    -1.31716814    -1.10737572
 H       -2.51021583    -0.00000209     0.69927304
 H       -0.98826646     0.00000390     1.69279658
 H        1.13804815     1.51433561    -1.13048152
 H        0.75050693     2.10439924     0.48563414
 H        0.75051663    -2.10439886     0.48563225
 H        1.13805170    -1.51432986    -1.13048294
 H        1.32565047     0.00000194     1.51342059
 H        2.48616283     0.00000375     0.19885269
