10
Butanedinitrile
 C        1.87849875    -0.17060500    -0.00000004
 N        2.97454652     0.19467614    -0.00000007
 C        0.48336416    -0.60586404     0.00000010
 H        0.30200737    -1.23005510     0.88065426
 H        0.30200723    -1.23005525    -0.88065391
 C       -0.48336410     0.60586385     0.00000008
 H       -0.30200722     1.23005498     0.88065416
 C       -1.87849873     0.17060495     0.00000003
 H       -0.30200719     1.23005496    -0.88065401
 N       -2.97454660    -0.19467590    -0.00000011
