13
Butan-2-one
 H        2.11358337     0.62356358     0.87987140
 C        2.04215248    -0.02099751     0.00005335
 H        2.11352508     0.62388623    -0.87952969
 C        0.72717324    -0.79705102    -0.00006325
 H        2.89605361    -0.70449877    -0.00009145
 C       -0.50855476     0.09704648    -0.00001906
 H        0.65845587    -1.46413778     0.87083678
 H       -2.66043674     0.11928691    -0.00007730
 H       -1.94322109    -1.26095045     0.87995184
 H       -1.94320145    -1.26123370    -0.87966446
 H        0.65851111    -1.46392560    -0.87113237
 O       -0.42529804     1.30316844    -0.00001885
 C       -1.85289515    -0.61387814     0.00004025
