13
Butanoic acid radical
 C        0.32480843    -0.62472040     0.05934873
 H        0.41767051    -1.16839962     1.00911632
 H        0.39788565    -1.38499627    -0.72811059
 C        1.42307959     0.43767738    -0.07509847
 H        1.30132821     0.96351631    -1.02846285
 H        1.29129245     1.19233351     0.70760059
 C        2.82577746    -0.17060013     0.01287563
 H        2.98954092    -0.90966874    -0.77906687
 H        3.59332602     0.60212425    -0.08769769
 H        2.98148795    -0.67342115     0.97371356
 C       -1.06541887    -0.05985558     0.01269123
 O       -2.10871607    -0.76320838    -0.04578098
 O       -1.34069789     1.16329130     0.03418833
