27
Camphor
 C        0.73211942     1.74597999    -0.84764592
 C        0.04148510     0.59590252    -1.64215112
 C       -0.24878963    -0.49980186    -0.56414053
 C       -1.38903929     0.11794716     0.25760337
 C       -0.76856834     1.27334567     1.06336176
 C        0.70327971     1.22079789     0.60669737
 C        0.95329014    -0.31263073     0.42608002
 H        1.40003207     1.72470973     1.28141339
 H        0.19937870     2.69657430    -0.94119436
 C       -0.56241192    -1.87795364    -1.11538177
 O       -2.54311790    -0.22588872     0.26121089
 H       -1.27071230     2.21872644     0.83575021
 H       -0.87758691     0.91577518    -2.14191232
 C        0.80652141    -1.12785901     1.72358884
 C        2.32756619    -0.64765852    -0.17347823
 H        1.55051014    -0.80980539     2.46253077
 H        0.97762882    -2.19149158     1.52801113
 H       -0.17970811    -1.04256485     2.18678384
 H        3.12222766    -0.36143717     0.52524640
 H        2.52865705    -0.14597084    -1.12158340
 H        2.42021439    -1.72522154    -0.34568926
 H       -0.71174100    -2.60593231    -0.31185863
 H        0.24136409    -2.24202715    -1.76355866
 H       -1.48798034    -1.85033177    -1.69823821
 H       -0.90210886     1.08943434     2.13339024
 H        1.75311310     1.91872052    -1.19636774
 H        0.69416804     0.18451050    -2.41746302
