19
Caprolactam
 N        0.66295425     1.20769115    -0.01161085
 C       -0.69816989     1.50669412     0.40690126
 C       -1.78728686     0.76934180    -0.38744776
 C       -1.93752348    -0.71337583    -0.02177875
 C       -0.69026358    -1.57980336    -0.24692397
 C        0.53801846    -1.17823062     0.59598658
 H       -1.57255435     0.87857846    -1.45795608
 H       -2.74363393     1.27396889    -0.20197560
 H       -2.22955614    -0.78626842     1.03581741
 H       -2.77033646    -1.13602118    -0.59633731
 H       -0.41540207    -1.57663246    -1.30945003
 H        0.22338049    -0.96784883     1.62742262
 H        1.25507685    -2.00013378     0.63371504
 H        1.21918017     1.95370282    -0.40073449
 H       -0.82794556     2.58543022     0.28274709
 H       -0.82491197     1.30312923     1.48042497
 C        1.31989052     0.00834122     0.04117093
 O        2.46883132    -0.09813634    -0.34970191
 H       -0.94598489    -2.61668947    -0.00108975
