32
Carbomethoxyadamantane
 C        1.59278938    -0.82930341    -1.25977537
 C        0.06586593    -0.62045748    -1.26179280
 C        1.99998125    -1.62164851    -0.00161872
 C        2.30140407     0.53931681    -1.25787737
 C       -0.35780106     0.17891747     0.00017582
 C        0.36569394     1.54204548     0.00188642
 C        0.06538117    -0.62345640     1.26021442
 C       -1.86488001     0.39655477     0.00001949
 C        1.59233128    -0.83220159     1.25810602
 C        2.30147934     0.53610496     1.25915026
 C        1.89136471     1.32788180     0.00167722
 O       -2.53660528    -0.77614754    -0.00038128
 O       -2.42187454     1.46683471     0.00027494
 H        1.87656143    -1.39162889    -2.15725107
 H       -0.23824612    -0.07278238    -2.16299722
 H       -0.45319371    -1.58412148    -1.27951335
 H        1.51690346    -2.60703504    -0.00282182
 H        3.08315071    -1.79703540    -0.00137714
 H        3.38963686     0.39978301    -1.27949322
 H        2.03388680     1.10395462    -2.16006226
 H        0.05746907     2.12277530    -0.87430751
 H        0.05762982     2.12078754     0.87941902
 H       -0.23918781    -0.07825835     2.16276520
 H       -0.45363047    -1.58720853     1.27515903
 H        1.87582058    -1.39647741     2.15443717
 H        2.03557803     1.09865793     2.16311591
 H        3.38960151     0.39545074     1.27944231
 H        2.38982539     2.30420541     0.00286591
 C       -3.96268936    -0.66849973     0.00000067
 H       -4.33907766    -1.69204730    -0.00022479
 H       -4.31075115    -0.13302099    -0.88739493
 H       -4.31022851    -0.13360489     0.88794903
