25
cis-Perfluorobicyclo[4.3.0]nonane
 C       -2.02864037    -0.97416599     0.18026385
 C       -2.15242137     0.55392363     0.39938648
 C       -0.56208053    -1.46909384     0.26729814
 F       -2.75077919    -1.60747360     1.11422514
 F       -2.51181786    -1.27575412    -1.03597488
 C       -1.18824907     1.36384877    -0.51768824
 F       -3.40819076     0.92687903     0.11130959
 F       -1.90629943     0.82979275     1.68736000
 C        0.26412211     0.82848565    -0.60820384
 F       -1.17477745     2.64222754    -0.10138891
 F       -1.70225102     1.31556734    -1.75987115
 C        0.37706066    -0.71981400    -0.70706748
 C        1.24629771     1.25853418     0.52559669
 F        0.80257320     1.32295159    -1.76293622
 C        1.88971976    -0.98631918    -0.41959307
 F        0.05917117    -1.11894852    -1.96442122
 F       -0.54611361    -2.77636031    -0.01885372
 F       -0.12423497    -1.28587463     1.53235247
 C        2.37216742     0.15625079     0.54406219
 F        0.63840642     1.30163257     1.71920911
 F        1.75943835     2.46012269     0.25834066
 F        2.53086129    -0.32407291     1.78088881
 F        3.52806109     0.66924554     0.11438038
 F        2.11461130    -2.19238317     0.11631893
 F        2.55366060    -0.89491031    -1.57874515
