22
cis-bicyclo[3.3.0]octane
 C       -0.00035881     0.78731312    -0.46893303
 C       -1.32323649     1.20615695     0.21027703
 C       -2.25560020    -0.00252747     0.00959806
 H       -1.15807301     1.36424628     1.28413763
 H       -1.73576505     2.13757667    -0.18971095
 C       -1.31870419    -1.20638068     0.21692050
 H       -3.11564593    -0.00218177     0.68704397
 H       -2.64952736    -0.00619407    -1.01503675
 C        0.00045031    -0.78730695    -0.46887684
 H       -1.14999693    -1.35539241     1.29156454
 H       -1.72866936    -2.14239857    -0.17489496
 C        1.31862990     1.20613161     0.21730123
 H        0.00295227     1.14724417    -1.50368677
 C        1.32323990    -1.20593173     0.21062029
 H       -0.00229647    -1.14728231    -1.50361075
 C        2.25561580     0.00255033     0.00918910
 H        1.72844974     2.14264747    -0.17346348
 H        1.14947632     1.35368527     1.29202653
 H        1.15809402    -1.36269265     1.28463641
 H        1.73552827    -2.13780873    -0.18851417
 H        2.64894989     0.00629699    -1.01569913
 H        3.11609248     0.00219198     0.68609399
