22
Cyclooctene
 C        0.80315065    -1.37231725     0.60571493
 C       -0.45173790    -1.68834491    -0.24363641
 C        1.87692079    -0.49481656    -0.06269516
 C       -1.70936580    -0.84231928     0.04147776
 C       -1.66857251     0.64099260    -0.39393580
 C       -0.77802102     1.52920904     0.44400751
 C        0.54621656     1.63690080     0.31777208
 C        1.37012575     0.84081567    -0.65584401
 H        1.28870320    -2.31509706     0.88474771
 H        0.48886133    -0.90798030     1.54703211
 H       -0.20681342    -1.63014977    -1.31330343
 H       -0.73171185    -2.73372378    -0.06688283
 H        2.66062489    -0.28823106     0.67770590
 H        2.36045333    -1.06190480    -0.86903728
 H       -2.55524277    -1.31578696    -0.47366304
 H       -1.93798219    -0.89567765     1.11426112
 H       -1.36789988     0.68516968    -1.44879792
 H       -2.69113651     1.03359457    -0.35536932
 H       -1.27532436     2.10784431     1.22065387
 H        1.08777168     2.29402594     0.99651513
 H        0.77861964     0.62485936    -1.55265901
 H        2.23542668     1.42493496    -0.99060562
