19
Cyclopropylbenzene
 C       -0.16988735    -0.26937678    -0.00069789
 C        0.78403062    -1.29410248    -0.00052494
 C        0.28892501     1.05528126    -0.00031248
 C        1.65064400     1.34154171     0.00031607
 C        2.14771350    -1.01064523     0.00010097
 C        2.58865299     0.31015083     0.00054613
 H        1.98053625     2.37601036     0.00057909
 H        3.65027789     0.53486297     0.00101627
 H        0.45002451    -2.32803727    -0.00090390
 H        2.86560165    -1.82519873     0.00022758
 C       -1.61812792    -0.61633789    -0.00115869
 C       -2.63876145     0.22024550    -0.74930188
 C       -2.63834172     0.21740445     0.75085927
 H       -3.43571922    -0.30037023    -1.26941639
 H       -2.27511106     1.10437137    -1.26227053
 H       -2.27430130     1.09947076     1.26707460
 H       -3.43497777    -0.30521543     1.26946823
 H       -1.80521357    -1.68613311    -0.00308325
 H       -0.42247784     1.87602933    -0.00062656
