32
[(Cyclopenta‐2,4‐dien‐1‐ylidene)(phenyl)methyl]benzene
 C        0.00044444     1.67470908     0.00036849
 C       -0.00003470     0.30684431     0.00043940
 C        1.26113528    -0.47343680    -0.03796748
 C       -1.26159319    -0.47276761     0.03859111
 C        1.14649774     2.56164155    -0.25152949
 C       -1.14493330     2.56264845     0.25177976
 C        1.38218296    -1.58734414    -0.88620260
 C        2.35344997    -0.13767720     0.77843515
 C       -1.38300188    -1.58744798     0.88573794
 C       -2.35387587    -0.13580822    -0.77740036
 C        0.71430095     3.84397168    -0.16846860
 C       -0.71180385     3.84460362     0.16777652
 C        2.56452832    -2.31639317    -0.94165411
 C        3.53178314    -0.87741926     0.73202472
 C       -2.56561369    -2.31612739     0.94054443
 C       -3.53248137    -0.87514599    -0.73162527
 C        3.64425643    -1.96469191    -0.13185753
 C       -3.64527687    -1.96324763     0.13118536
 H        2.13405092     2.22464986    -0.52788227
 H       -2.13274779     2.22667985     0.52846633
 H        0.54427629    -1.86703264    -1.51578120
 H        2.26117532     0.69722241     1.46357121
 H       -0.54520347    -1.86824728     1.51498043
 H       -2.26111976     0.69971576    -1.46168810
 H        1.30942661     4.73329668    -0.33351601
 H       -1.30629935     4.73447439     0.33216416
 H        2.64312631    -3.16300960    -1.61636763
 H        4.36096345    -0.60685778     1.37815380
 H       -2.64441527    -3.16339865     1.61441477
 H       -4.36160717    -0.60370021    -1.37744952
 H        4.56373129    -2.54016577    -0.16834408
 H       -4.56493450    -2.53846097     0.16716538
