10
Cyclobutene
 C        0.78925233    -0.66902252    -0.00000000
 C        0.78925231     0.66902254     0.00000000
 C       -0.72476947    -0.78602299     0.00000000
 C       -0.72476949     0.78602297    -0.00000000
 H        1.57321070    -1.41860011    -0.00000000
 H        1.57321066     1.41860015     0.00000000
 H       -1.17049646    -1.24642912    -0.88858229
 H       -1.17049646    -1.24642912     0.88858229
 H       -1.17049650     1.24642909     0.88858229
 H       -1.17049650     1.24642909    -0.88858229
