24
Cyclooctane
 C        1.57872676    -0.00001526     0.69954730
 C        1.39244259     1.31299470    -0.07494914
 C       -0.01310525     1.61392218    -0.63671647
 C       -1.19523551     1.32674791     0.31878025
 C       -1.94205281     0.00003121     0.08337504
 C       -1.19528090    -1.32671676     0.31876279
 C       -0.01314469    -1.61392788    -0.63671284
 C        1.39240333    -1.31303307    -0.07493041
 H        2.59617858    -0.00002934     1.11114496
 H        0.91673585     0.00000030     1.57392830
 H        1.66716575     2.13040555     0.60520547
 H        2.11747177     1.35493469    -0.89902883
 H       -0.02779942     2.67512208    -0.91212411
 H       -0.17077288     1.07242682    -1.57574317
 H       -0.85883941     1.38656763     1.36224112
 H       -1.93587188     2.12759360     0.20678268
 H       -2.83367486     0.00003870     0.72400802
 H       -2.31822712     0.00004443    -0.94992248
 H       -0.85890003    -1.38656988     1.36222717
 H       -1.93594662    -2.12753183     0.20673987
 H       -0.02786091    -2.67513299    -0.91210045
 H       -0.17078447    -1.07244852    -1.57575468
 H        2.11744342    -1.35502016    -0.89899718
 H        1.66708305    -2.13043722     0.60524991
