33
Cycloundecane
 C        0.02017918     1.84182093     0.57509423
 C        1.42870485     2.07011581    -0.00242890
 C        2.07289728     0.81855215    -0.63182716
 H        2.08893301     2.43855612     0.79372500
 H        1.38513450     2.86970000    -0.75410990
 C       -1.07896790     1.69741981    -0.49184418
 H       -0.24093947     2.67494206     1.24014511
 H        0.04270274     0.95321895     1.21528649
 C       -2.39807756     1.08008960     0.01279938
 H       -0.70442706     1.11813622    -1.34110535
 H       -1.30131865     2.69185065    -0.90121102
 C       -2.34850957    -0.33126602     0.63654620
 H       -3.11422468     1.06790379    -0.82018234
 H       -2.82831758     1.75567998     0.76509434
 C       -2.00171113    -1.51204958    -0.29476944
 H       -1.67928844    -0.33177662     1.50475479
 H       -3.34666435    -0.52637951     1.04900722
 C       -0.52964595    -1.66236864    -0.72394207
 H       -2.62485557    -1.44123681    -1.19679518
 H       -2.30977074    -2.43943920     0.20767484
 C        0.45088208    -1.98169468     0.41966925
 H       -0.21066393    -0.76188878    -1.24874635
 H       -0.46554489    -2.46796166    -1.46727367
 C        1.94136867    -1.72430713     0.10336543
 H        0.31933614    -3.03569813     0.69649328
 H        0.18729737    -1.41152499     1.31873123
 C        2.44891179    -0.29289097     0.38740055
 H        2.15472987    -1.99615283    -0.93975408
 H        2.54082341    -2.40792908     0.71702151
 H        3.54176262    -0.33489826     0.46253401
 H        2.10389644    -0.00567814     1.38935022
 H        1.41223889     0.41772064    -1.40647338
 H        2.97734192     1.13211927    -1.16585301
