13
Cyclopentene
 C        1.23675514    -0.34225121     0.09890646
 C        0.00000062    -1.25354521    -0.12501459
 C       -1.23675479    -0.34225241     0.09890647
 C       -0.66611406     1.05040491    -0.04228158
 C        0.66611301     1.05040557    -0.04228158
 H        0.00000079    -1.61595371    -1.15786861
 H        0.00000105    -2.13279808     0.52429610
 H       -1.67314563    -0.48051334     1.09883898
 H       -2.04239196    -0.54909495    -0.61520693
 H       -1.29216205     1.93499887    -0.09680527
 H        1.29216016     1.93500016    -0.09680527
 H        2.04239253    -0.54909294    -0.61520694
 H        1.67314611    -0.48051170     1.09883899
