16
Cyclopentanol
 C        0.08368364    -1.19597471    -0.20397689
 C       -0.75110409    -0.03859801     0.36763079
 C        0.03726691     1.21168745    -0.05125047
 C        1.52776026     0.77814168    -0.08299583
 C        1.52661929    -0.76716661     0.10326149
 H       -0.75810743    -0.11668984     1.46861939
 O       -2.07654399     0.05090024    -0.12503242
 H       -0.31202473     1.49719224    -1.04913641
 H       -0.15072036     2.06070276     0.61075481
 H        1.98853783     1.05697071    -1.03501940
 H        2.11342661     1.26826461     0.69981577
 H        2.26357303    -1.27004116    -0.52875131
 H        1.77461685    -1.02058426     1.14047170
 H       -0.17951156    -2.17155406     0.21911409
 H       -0.09142715    -1.24048165    -1.28626159
 H       -2.55697669    -0.72978696     0.16507742
