42
Cyclotetradecane
 C       -0.74263274     2.86693307    -0.20243281
 C       -1.45263749     1.57494509     0.22388184
 C        0.75460261     2.86455190     0.19784258
 H       -1.23651113     3.74350145     0.23592137
 H       -0.82597423     2.97930633    -1.29254893
 C        1.46684396     1.57832125    -0.24216936
 H        0.83564308     2.96240646     1.28955962
 H        1.24901883     3.74707149    -0.22769932
 C       -2.92912037     1.40525686    -0.13936895
 H       -1.32712168     1.43511818     1.30803225
 H       -0.92514359     0.74834854    -0.24988020
 C       -3.48166541     0.01184785     0.24159917
 H       -3.05309265     1.55230673    -1.22173400
 H       -3.54015050     2.17750099     0.34641997
 C       -2.74254019    -1.19698895    -0.38954745
 H       -4.53655206    -0.02246031    -0.05530052
 H       -3.47548001    -0.09335224     1.33541707
 C       -1.58159805    -1.76685043     0.44847855
 H       -2.36485636    -0.90896182    -1.38102522
 H       -3.46454760    -2.00255178    -0.57396979
 C       -0.74032614    -2.86004833    -0.24887976
 H       -1.98158034    -2.16655238     1.38994612
 H       -0.91575593    -0.95267500     0.74585729
 C        0.72665903    -2.86784369     0.23710721
 H       -0.75001984    -2.70153610    -1.33587875
 H       -1.20082812    -3.84143134    -0.08484071
 C        1.57741050    -1.77586503    -0.45168530
 H        0.73753482    -2.71839278     1.32536011
 H        1.17889178    -3.85168167     0.06529248
 C        2.72856484    -1.20640257     0.39983896
 H        0.91547622    -0.96148287    -0.75728162
 H        1.98816614    -2.17642724    -1.38804445
 C        3.48203699    -0.00288287    -0.22491718
 H        3.44454401    -2.01405751     0.59811888
 H        2.33750274    -0.91282541     1.38447898
 C        2.93442026     1.39414852     0.14959801
 H        3.48733019    -0.10912095    -1.31861064
 H        4.53334248    -0.04378087     0.08360778
 H        1.36352768     1.46050891    -1.33120357
 H        0.92625771     0.74507110     0.20352588
 H        3.56201173     2.16273690    -0.32057894
 H        3.03815485     1.53572389     1.23485182
