14
Cyclobutylamine
 C        0.51525016     1.08700471     0.09517615
 C       -0.51998712     0.01799031    -0.38679299
 C        1.60436205    -0.01733960     0.03121821
 C        0.47220493    -1.07957837     0.07336876
 H        2.12441487    -0.01817698    -0.93110899
 H        2.35106798    -0.04051495     0.82792005
 H        0.56784253    -1.97710229    -0.54255714
 H        0.25261675    -1.38614199     1.10234485
 H        0.30730344     1.38285021     1.12997087
 H        0.65112877     1.98991714    -0.50712504
 H       -0.57563444     0.03150386    -1.48166912
 N       -1.87436206    -0.05874468     0.12371811
 H       -1.87015180     0.02481198     1.13669955
 H       -2.43448443     0.71289640    -0.22652702
