30
Cyclodecane
 C        2.46713094    -0.74729394    -0.20486247
 C        1.30461975    -1.61663339     0.31918251
 C       -0.00177685    -1.49563630    -0.49989493
 H        1.11470999    -1.35440998     1.36821377
 H        1.62463102    -2.66541028     0.33696164
 C        2.46917610     0.74348990     0.20461855
 H        2.50370295    -0.81784956    -1.30132996
 H        3.41085723    -1.17827727     0.15251094
 C        1.30862598     1.61575573    -0.31880346
 H        3.41392423     1.17210139    -0.15290221
 H        2.50612849     0.81369884     1.30109681
 C        0.00177684     1.49563631     0.49989494
 H        1.11848887     1.35504220    -1.36817781
 H        1.63059473     2.66394344    -0.33522684
 C       -1.30461975     1.61663339    -0.31918251
 H        0.00175455     2.25529322     1.29126410
 H        0.00213129     0.54465346     1.03312290
 C       -2.46713095     0.74729393     0.20486246
 H       -1.11470997     1.35440999    -1.36821376
 H       -1.62463103     2.66541027    -0.33696162
 C       -2.46917610    -0.74348991    -0.20461857
 H       -3.41085723     1.17827727    -0.15251096
 H       -2.50370298     0.81784955     1.30132996
 C       -1.30862598    -1.61575572     0.31880347
 H       -2.50612843    -0.81369883    -1.30109683
 H       -3.41392423    -1.17210141     0.15290214
 H       -1.63059471    -2.66394344     0.33522686
 H       -1.11848889    -1.35504217     1.36817782
 H       -0.00213130    -0.54465344    -1.03312286
 H       -0.00175455    -2.25529319    -1.29126410
