19
Cyclohexanecarbonitrile
 C        0.22411562     1.27432551     0.80000842
 C       -0.64927219    -0.00016660     0.91588834
 C        1.07847427     1.26928085    -0.47496934
 C        1.93890679     0.00024924    -0.57100543
 C        1.07893786    -1.26910800    -0.47508711
 C        0.22413144    -1.27462488     0.79962069
 C       -1.70882686     0.00003908    -0.10128692
 N       -2.53775658     0.00003110    -0.90795419
 H        0.87512181    -1.30358795     1.68256598
 H       -0.41063124    -2.16526447     0.83931398
 H       -1.15239073    -0.00032835     1.89039516
 H        0.41979973     1.33236894    -1.35070940
 H        1.71174312     2.16284176    -0.49466220
 H       -0.41055247     2.16499411     0.84044508
 H        0.87559411     1.30274812     1.68263908
 H        1.71257172    -2.16241665    -0.49459808
 H        0.42047702    -1.33257071    -1.35098110
 H        2.50762094     0.00037564    -1.50722199
 H        2.67718203     0.00046454     0.24342765
