16
Cyclohexene
 C       -1.49660775     0.02469578    -0.11464857
 C       -0.69815282    -1.21492593     0.31782453
 C        0.69815280    -1.21492592    -0.31782452
 C        1.49660777     0.02469576     0.11464856
 C        0.66421832     1.28128116     0.05853437
 C       -0.66421832     1.28128116    -0.05853437
 H        1.19856486     2.22752179     0.11615177
 H        0.59450912    -1.21302154    -1.41089766
 H        1.24366285    -2.12779072    -0.05455012
 H        1.88348500    -0.11273780     1.13608138
 H        2.38591407     0.14190489    -0.51817491
 H       -1.19856484     2.22752178    -0.11615173
 H       -2.38591406     0.14190494     0.51817489
 H       -1.88348500    -0.11273779    -1.13608138
 H       -1.24366287    -2.12779071     0.05455010
 H       -0.59450916    -1.21302158     1.41089767
