33
Decane-1-thiol
 C        7.08843547    -0.47581881    -0.00000083
 C        5.83335831     0.40232283     0.00000093
 C        4.53094168    -0.40651152    -0.00000085
 C        3.26926655     0.46396286     0.00000044
 C        1.96760356    -0.34614606     0.00000007
 C        0.70569640     0.52444834     0.00000029
 C       -0.59507796    -0.28703768     0.00000071
 C       -1.85650152     0.58472770    -0.00000021
 C       -3.15381786    -0.23475076     0.00000068
 C       -4.40111001     0.65115491    -0.00000121
 S       -5.90708772    -0.40641542     0.00000012
 H        0.72104968     1.18619282     0.87742570
 H        0.72104928     1.18619255    -0.87742534
 H        1.95161186    -1.00801368    -0.87729568
 H        1.95161181    -1.00801432     0.87729533
 H       -0.61160175    -0.94835198     0.87742664
 H       -0.61160148    -0.94835334    -0.87742420
 H        3.28500002     1.12593130    -0.87733885
 H        3.28500056     1.12592955     0.87734103
 H       -1.84228942     1.24513410    -0.87806921
 H       -1.84228944     1.24513605     0.87806733
 H        4.51581487    -1.06875112    -0.87725460
 H        4.51581452    -1.06875429     0.87725050
 H       -3.17501067    -0.89124761    -0.87901175
 H       -3.17501127    -0.89124477     0.87901523
 H        5.84858220     1.06335350     0.87693637
 H        5.84858235     1.06335725    -0.87693167
 H       -4.41680139     1.28950332    -0.88751805
 H       -4.41680197     1.28950641     0.88751339
 H        8.00095080     0.12896854     0.00000084
 H        7.11818490    -1.12339611    -0.88357767
 H        7.11818443    -1.12340030     0.88357295
 H       -6.81280459     0.58879299    -0.00000225
