19
Diethoxymethane
 C       -2.90885805    -0.96233897     0.13545252
 C       -1.77380249    -0.19767720    -0.52454115
 O       -1.06758707     0.51282753     0.48438613
 C       -0.00018526     1.27516030    -0.00114985
 O        1.06848133     0.51361245    -0.48510734
 C        1.77659154    -0.19272776     0.52547953
 C        2.90549402    -0.96651065    -0.13445327
 H       -3.48138308    -1.51617299    -0.61488687
 H       -3.58556107    -0.27684292     0.65377430
 H       -2.51775572    -1.67470598     0.86775602
 H       -1.09435307    -0.88073294    -1.05161167
 H       -2.16542343     0.51418059    -1.27021985
 H        0.31478020     1.90619606     0.84322236
 H       -0.31641890     1.90368429    -0.84694164
 H        1.09687340    -0.86960155     1.06011391
 H        2.17437418     0.52272365     1.26441593
 H        3.47966752    -1.51694097     0.61712761
 H        3.58217334    -0.28749817    -0.66126001
 H        2.50788600    -1.68276114    -0.85942389
