18
Diethyl sulfite
 O       -0.00027666     1.24489024     1.14369240
 S       -0.00016123     1.04845953    -0.30381623
 O       -1.26856880     0.07942077    -0.66804064
 O        1.26856012     0.07961936    -0.66770649
 C       -1.76589903    -0.87491522     0.29675726
 C        1.76639203    -0.87376404     0.29776404
 C       -3.26727466    -0.99965198     0.10179922
 C        3.26743071    -0.99991449     0.10116307
 H       -1.26184608    -1.83331410     0.12270556
 H       -1.51912705    -0.52368069     1.30244164
 H        1.52119751    -0.52093695     1.30327958
 H        1.26142021    -1.83205525     0.12574012
 H       -3.67116719    -1.74530612     0.79416637
 H       -3.76090635    -0.04339707     0.29482872
 H       -3.50355874    -1.31175729    -0.91920335
 H        3.67156249    -1.74472054     0.79430878
 H        3.50233451    -1.31388097    -0.91958342
 H        3.76200579    -0.04371680     0.29206138
