12
Dimethyl sulfite
 S        0.01919724     0.54108193    -0.48298130
 O        0.90588904    -0.82667598    -0.15319928
 O       -1.38683342    -0.25099568    -0.55186159
 O        0.06994535     1.36009999     0.72018104
 C        2.25080090    -0.58915421     0.27070542
 C       -1.89585643    -0.84215743     0.66153448
 H        2.66927194    -1.56930140     0.50737673
 H        2.84668815    -0.12859035    -0.52753499
 H        2.27455518     0.04823069     1.15921865
 H       -2.96396534    -0.98561682     0.49435997
 H       -1.40556358    -1.80113843     0.84232813
 H       -1.73341684    -0.16871090     1.50625965
