10
Dimethylsulfoxide
 S        0.00044427     0.15657188     0.41902814
 O        0.00435305     1.41843710    -0.37182716
 C        1.35444108    -0.88818986    -0.22396676
 C       -1.35980401    -0.88000232    -0.22399821
 H        1.26614315    -0.96256802    -1.31079895
 H       -2.29138056    -0.37536621     0.03879554
 H        1.31686579    -1.87578904     0.24325375
 H        2.28895571    -0.38883529     0.03847723
 H       -1.32768132    -1.86788627     0.24298868
 H       -1.27222707    -0.95464167    -1.31087637
