11
Dimethylsilane
Si        0.00000000     0.51997564    -0.00000000
 C       -1.56060610    -0.53402171     0.00000000
 C        1.56060610    -0.53402171    -0.00000000
 H       -1.60310652    -1.17769103     0.88470592
 H       -1.60310692    -1.17769046    -0.88470632
 H       -2.45790602     0.09281628     0.00000041
 H        1.60310687    -1.17769056    -0.88470625
 H        1.60310657    -1.17769094     0.88470599
 H        2.45790601     0.09281628     0.00000028
 H        0.00000001     1.40388817     1.19931121
 H       -0.00000001     1.40388819    -1.19931120
