18
Dimethyl maleate
 C       -0.66325302     1.51777789     0.36043367
 C       -1.63355794     0.47888745    -0.11900433
 O       -1.80352139    -0.49852734     0.77789819
 O       -2.23122939     0.57761732    -1.15981913
 C        0.66371305     1.38583340     0.38885608
 C       -2.67374836    -1.56052761     0.36441281
 C        1.35416765     0.14083484    -0.02749066
 O        2.67633435     0.23489176     0.21361258
 O        0.82985048    -0.82741491    -0.52565466
 C        3.44879444    -0.91050159    -0.16039552
 H       -1.11733326     2.46758697     0.62974059
 H        1.29801860     2.20553072     0.70799712
 H       -2.75877010    -2.22416089     1.22494623
 H       -2.23605876    -2.09014266    -0.48548257
 H       -3.65348225    -1.16985161     0.07909245
 H        4.48149744    -0.66696856     0.08970536
 H        3.34896595    -1.10868622    -1.23080719
 H        3.11870700    -1.79433932     0.39192183
