54
Dodecylcyclohexane
 C        3.08160594    -1.10192511    -0.15455473
 C        3.53193056    -0.62391698     1.23992292
 C        3.99852217    -0.51572336    -1.24341136
 C        1.57490777    -0.91114415    -0.44936895
 H        3.24316430    -2.19179488    -0.16283545
 C        5.00555873    -0.97139342     1.50310603
 H        2.89442157    -1.07681251     2.00954974
 H        3.40138591     0.46115113     1.32971756
 C        5.91981460    -0.39776102     0.41066521
 H        5.11991826    -2.06432488     1.53204416
 H        5.31152320    -0.60098091     2.48859059
 C        5.47451454    -0.85622078    -0.98558469
 H        6.96089555    -0.68887725     0.59285115
 H        5.89053187     0.70021962     0.45599039
 H        3.88556244     0.57677628    -1.27179015
 H        3.69249707    -0.88433875    -2.23078553
 H        5.61411554    -1.94314971    -1.07037215
 H        6.10797076    -0.40056880    -1.75574134
 C        1.05887714     0.47469311    -0.88437803
 H        1.00549762    -1.24098560     0.43132181
 H        1.31079653    -1.61249273    -1.25232707
 C        1.12065823     1.59937359     0.16284101
 H        0.01691431     0.34304829    -1.19909426
 H        1.59314234     0.80328593    -1.78530035
 H        0.74317728     1.23018220     1.12659547
 C        0.34546730     2.87594995    -0.23861217
 H        2.16828682     1.86614196     0.33658269
 C       -1.08626124     2.98457273     0.31452246
 H        0.32214255     2.95738309    -1.33426940
 H        0.89929367     3.75479707     0.11286323
 C       -2.07898667     1.92010457    -0.17075231
 H       -1.48293472     3.97582324     0.05531828
 H       -1.04337112     2.95762150     1.41277393
 H       -2.10149097     1.91545150    -1.27013251
 C       -3.50031231     2.15330473     0.36063728
 H       -1.73134525     0.92614611     0.13330024
 H       -3.81306295     3.17063369     0.08955788
 H       -3.48506877     2.12576091     1.45958274
 C       -4.55256375     1.15991860    -0.15674302
 H       -4.56249485     1.18232682    -1.25581403
 H       -5.54642653     1.50360840     0.16014932
 C       -4.35962415    -0.28697924     0.31776255
 H       -3.39225203    -0.66458161    -0.03309714
 C       -5.48068683    -1.22278613    -0.15369134
 H       -4.31389441    -0.30319360     1.41653410
 H       -5.51435627    -1.22314958    -1.25269046
 H       -6.44399279    -0.81213340     0.17746692
 C       -5.36132637    -2.67081435     0.34743844
 C       -4.15613547    -3.43679151    -0.21124792
 H       -6.27880891    -3.21047701     0.08121536
 H       -5.31788297    -2.67061108     1.44504193
 H       -4.17457238    -3.45344560    -1.30721275
 H       -4.15394571    -4.47498783     0.13618947
 H       -3.20689157    -2.98690832     0.09640631
