36
Dodecanenitrile
 N        7.48037230     0.68593438    -0.00000065
 C       -1.11189805     0.39800302     0.00000062
 C        0.14001380    -0.48701756     0.00000006
 C       -2.42203436    -0.39816774     0.00000009
 C        1.44935258     0.31055607     0.00000077
 C       -3.67433752     0.48627502    -0.00000001
 C        2.70030655    -0.57588385    -0.00000005
 C       -4.98450859    -0.30937041     0.00000005
 C        4.00405036     0.22872208     0.00000038
 C       -6.23737464     0.57424599    -0.00000052
 C        5.24836938    -0.68291551    -0.00000010
 C       -7.54153480    -0.22917062    -0.00000032
 C        6.50102863     0.07183552    -0.00000034
 H       -1.08880673     1.05950704     0.87737337
 H       -1.08880668     1.05950814    -0.87737131
 H        0.11794023    -1.14836649    -0.87752804
 H        0.11794008    -1.14836786     0.87752713
 H       -2.44448443    -1.05981946     0.87738152
 H       -2.44448402    -1.05981902    -0.87738167
 H        1.47325898     0.97135278     0.87751932
 H        1.47325894     0.97135434    -0.87751661
 H       -3.65149231     1.14799066    -0.87734807
 H       -3.65149236     1.14799085     0.87734790
 H        2.67968746    -1.23636258    -0.87812481
 H        2.67968767    -1.23636392     0.87812370
 H       -5.00801767    -0.97131103    -0.87733317
 H       -5.00801798    -0.97131036     0.87733376
 H        4.04185221     0.88354102    -0.87807542
 H        4.04185222     0.88354010     0.87807687
 H       -6.21376026     1.23501023    -0.87692484
 H       -6.21376050     1.23501103     0.87692321
 H        5.23923267    -1.33803119    -0.87943591
 H        5.23923313    -1.33803150     0.87943547
 H       -8.41719856     0.42778152    -0.00000084
 H       -7.60895646    -0.87392581    -0.88357951
 H       -7.60895678    -0.87392485     0.88357953
