28
(E)-[1,1'-bi(cyclohexylidene)]-2,2'-diene
 C       -2.80395872    -1.28752254    -0.03671460
 C       -1.46090955    -1.24058606     0.01337145
 C       -0.68024763    -0.00959058    -0.05995247
 C       -3.67191246    -0.06264551    -0.09799348
 C       -2.88912776     1.17764174     0.34481351
 H       -4.05267156     0.07365853    -1.12273017
 H       -4.56261456    -0.20081850     0.52804416
 C       -1.51054730     1.23674885    -0.33276753
 H       -0.99475364     2.14233642    -0.00905248
 H       -1.65572502     1.33663483    -1.41905152
 H       -3.45320365     2.08994192     0.12232719
 H       -2.75086207     1.14324073     1.43255434
 H       -3.30064016    -2.25474110    -0.02090257
 H       -0.92639329    -2.18009297     0.09891507
 C        0.68024744     0.00959074     0.05995376
 C        1.51054755    -1.23674863     0.33276850
 C        2.88912712    -1.17764188    -0.34481439
 H        1.65572668    -1.33663391     1.41905241
 H        0.99475343    -2.14233640     0.00905470
 C        1.46090964     1.24058625    -0.01337030
 C        2.80395896     1.28752240     0.03671431
 C        3.67191266     0.06264522     0.09799149
 H        3.45320309    -2.08994215    -0.12232864
 H        2.75086003    -1.14324106    -1.43255506
 H        4.05267348    -0.07365898     1.12272755
 H        4.56261375     0.20081828    -0.52804761
 H        0.92639348     2.18009332    -0.09891284
 H        3.30064057     2.25474097     0.02090232
