22
Ethenylcyclohexane
 C        2.31764191    -0.00000601    -0.15768284
 C        1.56209932     1.26615796     0.26958643
 C        0.11960025     1.26606848    -0.25694546
 H        2.08855938     2.16151803    -0.08098185
 H        1.54610160     1.32474854     1.36698804
 C        1.56204201    -1.26610242     0.26963869
 H        3.32971065    -0.00002460     0.26322348
 H        2.43381130     0.00014869    -1.25071847
 C        0.11960559    -1.26617890    -0.25705200
 H        1.54565539    -1.32411300     1.36706307
 H        2.08859114    -2.16159757    -0.08042343
 C       -0.65443053    -0.00003981     0.17297914
 H        0.13299293     1.31727933    -1.35546126
 H       -0.41512801     2.15796899     0.08860853
 C       -2.05052919     0.00006910    -0.38393482
 C       -3.17128975     0.00003531     0.33224195
 H        0.13290882    -1.31781423    -1.35555077
 H       -0.41507242    -2.15802181     0.08874849
 H       -0.72195066    -0.00034688     1.27069258
 H       -4.15093082     0.00015358    -0.13485633
 H       -3.15363881    -0.00015742     1.41918944
 H       -2.11668974     0.00021392    -1.47353607
