17
(Ethenyloxy)benzene
 O        1.36919610    -0.62858726    -0.12995192
 C        0.05173051    -0.25398952    -0.05960743
 C       -0.88425679    -1.28718541     0.01771606
 C       -0.36615971     1.07700310    -0.10418795
 C       -2.23984566    -0.98437570     0.06246678
 C       -1.72961607     1.36566259    -0.04946519
 C       -2.67012420     0.34308218     0.03526416
 C        2.32681905     0.22617328     0.33496182
 C        3.57821794     0.18514401    -0.10729989
 H       -0.52841542    -2.31099847     0.04452439
 H        0.36105385     1.87434919    -0.20478537
 H       -2.96414554    -1.79038606     0.12425866
 H       -2.05302738     2.40124212    -0.08501043
 H       -3.72882594     0.57564684     0.07384250
 H        1.99521378     0.89697225     1.12443301
 H        3.87845565    -0.49272288    -0.89727864
 H        4.32825241     0.82641178     0.33636190
