19
Ethoxybenzene
 C       -0.00169940    -0.19991208    -0.00000002
 C        0.88511637    -1.28499378    -0.00000002
 C        2.25502168    -1.06575470     0.00000001
 C        2.76618242     0.23429953     0.00000002
 C        1.88368810     1.30825289     0.00000001
 C        0.50206050     1.10451878    -0.00000001
 O       -1.32330616    -0.51791051    -0.00000002
 H        0.47084399    -2.28726869    -0.00000003
 H        2.93004557    -1.91608477     0.00000002
 H        3.83752764     0.40327489     0.00000005
 H        2.26471784     2.32500706     0.00000002
 H       -0.16341388     1.95833426    -0.00000002
 C       -2.28072419     0.53050680    -0.00000005
 C       -3.66037011    -0.10609188     0.00000006
 H       -2.14380590     1.16499310    -0.88766784
 H       -2.14380583     1.16499322     0.88766765
 H       -4.43264325     0.66883861     0.00000005
 H       -3.79501400    -0.73193250     0.88654096
 H       -3.79501410    -0.73193261    -0.88654076
