15
Ethoxyethane
 H       -3.30914861    -0.16424869    -0.00000001
 C       -2.37566937     0.40676652    -0.00000009
 H       -2.35981140     1.04793975    -0.88604357
 C       -1.17867331    -0.53091625     0.00000009
 H       -2.35981143     1.04794006     0.88604316
 H       -1.20407147    -1.18908041    -0.88625801
 H       -1.20407161    -1.18908027     0.88625829
 O        0.00000001     0.24255499     0.00000012
 C        1.17867332    -0.53091627    -0.00000011
 C        2.37566936     0.40676653    -0.00000000
 H        1.20407148    -1.18908018    -0.88625840
 H        1.20407161    -1.18908054     0.88625791
 H        3.30914863    -0.16424863    -0.00000016
 H        2.35981142     1.04793975     0.88604349
 H        2.35981132     1.04794009    -0.88604324
