16
(Ethylperoxy)ethane
 O       -0.63934774     0.33744246     0.44282113
 O        0.63934784    -0.33744387     0.44281999
 C        1.54449003     0.50949895    -0.24598882
 C       -1.54449023    -0.50949848    -0.24598978
 C        2.89992045    -0.18251479    -0.20738673
 C       -2.89992035     0.18251575    -0.20738647
 H        1.58555705     1.48902549     0.24903160
 H        1.20623527     0.66356300    -1.28074380
 H       -1.58555772    -1.48902606     0.24902852
 H       -1.20623520    -0.66356038    -1.28074496
 H        3.64507726     0.43298810    -0.71969229
 H        2.85435470    -1.15630943    -0.70315177
 H        3.22630985    -0.33559207     0.82495317
 H       -3.64507729    -0.43298579    -0.71969348
 H       -2.85435415     1.15631141    -0.70314948
 H       -3.22630997     0.33559096     0.82495367
