21
Ethyl (3Z)-3-pentenoate
 C       -3.72189627     0.09946891    -0.47728561
 C       -2.69626083    -0.98088450    -0.29300759
 C       -1.50331097    -0.89727286     0.29866159
 C       -0.88778495     0.32505622     0.93350223
 C        0.39083663     0.75705777     0.22820805
 C        3.46570065    -1.14425297    -0.20711058
 C        2.57275817     0.07158409    -0.37073621
 O        1.32257198    -0.21454848     0.28458174
 O        0.56326315     1.82000989    -0.31121494
 H       -3.40755506     1.06440932    -0.07416400
 H       -4.66772851    -0.17657716     0.00564936
 H       -3.94636909     0.23996047    -1.54187286
 H       -2.98059064    -1.95202113    -0.69685596
 H       -0.87888523    -1.78638267     0.33533466
 H       -0.62545471     0.09871246     1.97570786
 H       -1.56020908     1.18243398     0.92998039
 H        4.42973134    -0.96548009    -0.69282635
 H        3.00911689    -2.02793681    -0.66200461
 H        3.64666047    -1.35645441     0.85049524
 H        2.37709797     0.29863606    -1.42364820
 H        3.01237733     0.96696885     0.08057143
