13
Ethylmethylamine
 C       -1.90732868    -0.14705415    -0.01141717
 H       -2.70399345     0.60206811     0.02620782
 H       -2.02390666    -0.73759178    -0.92471892
 H       -2.04430650    -0.81898707     0.84430510
 C       -0.53293645     0.51614891     0.02739843
 H       -0.44749540     1.14292310     0.93713479
 H       -0.42942311     1.20234521    -0.82414933
 N        0.53137493    -0.47479433    -0.07214863
 C        1.86530177     0.10141994     0.00529342
 H        2.03872535     0.73968627    -0.86927006
 H        2.04237180     0.72058877     0.90453245
 H        2.61473155    -0.69585762    -0.01243949
 H        0.41618201    -1.16056112     0.66753798
