24
Ethylcyclohexane
 C       -3.09771822    -0.37784306     0.23257253
 C       -2.00254245     0.56342734    -0.28229560
 C       -0.58334305     0.23993089     0.21510676
 C        0.40303038     1.35779055    -0.17067311
 C       -0.06472116    -1.11758253    -0.29524161
 C        1.83214684     1.07137646     0.31230506
 C        1.36415997    -1.41212767     0.18672840
 C        2.33346885    -0.28637223    -0.19892881
 H       -3.11719212    -0.39874219     1.32835224
 H       -4.08549226    -0.05263366    -0.10962279
 H       -2.95375056    -1.40531527    -0.11553625
 H       -2.00456325     0.56226874    -1.38141656
 H       -2.24929035     1.59051510     0.01779959
 H       -0.61665369     0.19166981     1.31583776
 H        0.40629969     1.46607663    -1.26558045
 H        0.05279076     2.31623310     0.23233480
 H       -0.73354755    -1.92608507     0.01969980
 H       -0.08192124    -1.11053821    -1.39554437
 H        2.50716385     1.87344799    -0.00863036
 H        1.84893452     1.07185254     1.41136806
 H        1.35958615    -1.52534864     1.28008611
 H        1.70890320    -2.36921279    -0.22209119
 H        2.42592164    -0.24845104    -1.29361298
 H        3.33623641    -0.49533526     0.19163322
