21
Ethyl (3E)-3-pentenoate
 C       -3.74955403    -1.16953789    -0.47219116
 C       -2.83563507    -0.03451051    -0.11575969
 C       -1.64013924    -0.16544017     0.45567436
 C       -0.73594707     0.98757708     0.80731028
 C        0.59092516     0.94587917     0.06139334
 C        3.08215809    -1.71025358     0.05858766
 C        2.51886010    -0.36058879    -0.34580010
 O        1.25047281    -0.20107141     0.31746116
 O        1.01210287     1.81366545    -0.65967293
 H       -4.71354057    -1.08082465     0.04442515
 H       -3.31112170    -2.13677386    -0.20966581
 H       -3.97185458    -1.17603827    -1.54667723
 H       -3.20063512     0.96612809    -0.34916954
 H       -1.25639014    -1.15674358     0.68910448
 H       -0.50342930     0.96559084     1.88103707
 H       -1.20646869     1.94560633     0.57849926
 H        4.05014228    -1.86931692    -0.42611525
 H        2.40979072    -2.51942213    -0.24055716
 H        3.22578804    -1.76503092     1.14149683
 H        2.36510248    -0.28718612    -1.42719894
 H        3.17788584     0.46311758    -0.05275412
