20
Ethyl butanoate
 C       -2.48615345     0.25904087    -0.00007611
 C       -1.18835312    -0.54975131     0.00006161
 C        0.05500257     0.31857129     0.00002733
 O        1.16938618    -0.43976139     0.00002503
 C        2.41842325     0.27601136     0.00001127
 C        3.53597047    -0.75065659    -0.00005249
 O        0.06906752     1.52433513     0.00001014
 C       -3.73043845    -0.63300907    -0.00000632
 H       -2.49504482     0.92036190     0.87298446
 H       -2.49499408     0.92014973    -0.87329870
 H       -1.13390727    -1.21377139    -0.87215103
 H       -1.13398208    -1.21357729     0.87242838
 H        2.45724058     0.92376521     0.88194143
 H        2.45718964     0.92382140    -0.88187920
 H        4.50613445    -0.24464629    -0.00006063
 H        3.47985185    -1.38883161     0.88645967
 H        3.47980522    -1.38877073    -0.88660553
 H       -4.64548191    -0.03292926    -0.00011090
 H       -3.75766641    -1.28091102    -0.88360227
 H       -3.75772384    -1.28069068     0.88374939
