19
Ethyl 3-oxobutanoate
 C       -3.67558447     0.71452935    -0.20330501
 C       -2.54175729    -0.28663772    -0.31583274
 O       -1.37593634     0.30710159     0.29584706
 C       -0.26316890    -0.43898651     0.28497584
 O       -0.19627569    -1.54608798    -0.19230615
 C        0.89444523     0.29403071     0.94739316
 C        2.10589743     0.40392663     0.00198990
 O        2.39301130     1.46377348    -0.49677302
 C        2.88809613    -0.86826659    -0.23764914
 H       -4.58033255     0.30081208    -0.65855219
 H       -3.89086705     0.94526045     0.84378745
 H       -3.42540850     1.64658133    -0.71753188
 H       -2.76785406    -1.22648520     0.19757805
 H       -2.30617496    -0.52820090    -1.35689458
 H        0.58861060     1.29585556     1.24554337
 H        1.17717741    -0.28930265     1.83111242
 H        3.38417614    -1.16974582     0.69327288
 H        2.20496220    -1.67736155    -0.51210968
 H        3.63876233    -0.70499165    -1.01169981
