15
Ethyl acrylate
 C        1.70494484    -0.30255996    -0.00000059
 O        0.39847904     0.29949394    -0.00000037
 C       -0.64145418    -0.55713790     0.00000003
 C       -1.95700993     0.12885728     0.00000029
 C       -2.12561312     1.44985057    -0.00000012
 O       -0.51845404    -1.75991650     0.00000019
 C        2.72727745     0.81872072     0.00000058
 H        1.80009028    -0.94441997     0.88194757
 H        1.80009067    -0.94441843    -0.88194986
 H       -2.79649782    -0.55873189     0.00000081
 H       -3.11609525     1.89278650     0.00000008
 H       -1.27786174     2.12549111    -0.00000066
 H        3.73798069     0.39963574     0.00000038
 H        2.61571180     1.44904872    -0.88690530
 H        2.61571148     1.44904710     0.88690758
