17
Ethyl propanoate
 C       -3.00179259    -0.21272596     0.00002874
 H       -3.78240497    -0.97875147     0.00000983
 H       -3.13761163     0.42043683     0.88051386
 H       -3.13764013     0.42051099    -0.88039841
 C       -1.61820229    -0.85908887    -0.00002157
 H       -1.47774167    -1.50890312    -0.87213759
 H       -1.47770535    -1.50896855     0.87203927
 C       -0.49458764     0.16022978    -0.00001001
 O       -0.63495222     1.35771337    -0.00000257
 O        0.70667364    -0.45056949    -0.00001149
 C        1.85490658     0.41786315    -0.00000774
 H        1.81101684     1.06526122     0.88192929
 H        1.81104206     1.06523484    -0.88196571
 C        3.09364985    -0.45872008     0.00002250
 H        3.99173517     0.16633599     0.00002401
 H        3.11892788    -1.09878818     0.88658041
 H        3.11895116    -1.09881733    -0.88651371
