16
(Ethyldisulfanyl)ethane
 H       -3.87397428    -1.44476871     0.54088320
 H       -3.35500343    -0.93055168    -1.07192897
 H       -3.79972988     0.27983867     0.14302627
 C       -3.30651237    -0.68527849    -0.00655367
 H       -1.81349936    -0.39993773     1.55500461
 H       -1.37393280    -1.61960930     0.34344825
 C       -1.86232732    -0.65365798     0.49386228
 S       -0.93030816     0.63225475    -0.44141583
 S        0.93030836     0.63225457     0.44141577
 C        1.86232691    -0.65365885    -0.49386180
 C        3.30651240    -0.68527810     0.00655327
 H        1.81349769    -0.39993931    -1.55500420
 H        1.37393268    -1.61960997    -0.34344556
 H        3.87397398    -1.44476912    -0.54088278
 H        3.35500409    -0.93054981     1.07192893
 H        3.79972955     0.27983890    -0.14302886
