12
Fluorobenzene
 F       -2.20152384     0.00000000     0.00000000
 C       -0.86319722    -0.00000000     0.00000000
 C       -0.18951813     1.21459032    -0.00000000
 C       -0.18951813    -1.21459032    -0.00000000
 C        1.20391909     1.20608889    -0.00000000
 C        1.20391909    -1.20608889    -0.00000000
 C        1.90331426     0.00000000     0.00000000
 H       -0.75689692     2.13828299    -0.00000000
 H       -0.75689692    -2.13828300    -0.00000000
 H        1.74271142     2.14809296    -0.00000000
 H        1.74271142    -2.14809296    -0.00000000
 H        2.98794061     0.00000000     0.00000000
