11
Furfural
 C       -1.90214018     0.50310053     0.00000000
 O       -0.68936539     1.08757373     0.00000000
 C        0.23970187     0.08261736    -0.00000000
 C       -0.39387228    -1.13342535    -0.00000000
 C       -1.78852607    -0.85918077     0.00000000
 C        1.64214244     0.46761669    -0.00000000
 H        1.80758334     1.56657469    -0.00000001
 H        0.09814101    -2.09338386    -0.00000000
 H       -2.60038222    -1.56967492     0.00000000
 H       -2.74833999     1.17216969     0.00000001
 O        2.55885307    -0.32465539     0.00000000
