19
Glutamic acid
 N        2.18797171     1.73265391     0.22762555
 C        1.29239033     0.58616661     0.47286757
 C        1.97533552    -0.69058648    -0.07471214
 O        3.28766593    -0.54660888    -0.27505670
 C       -0.13707061     0.77659627    -0.06169104
 C       -1.14719855    -0.25025316     0.45460961
 C       -2.54331219     0.02613985    -0.05370616
 O       -3.43370485    -0.86079478     0.44398076
 O       -2.85957289     0.91207107    -0.80756418
 O        1.39449253    -1.72572675    -0.27602256
 H        3.47065527     0.39850707    -0.07362574
 H        1.98425779     2.15261875    -0.67545885
 H        2.05622378     2.45607765     0.92528958
 H        1.25246560     0.44316450     1.56138484
 H       -0.47278081     1.78122979     0.21837427
 H       -0.12419807     0.75313167    -1.15735003
 H       -0.85428180    -1.26096074     0.15809233
 H       -1.18394473    -0.25900179     1.55151189
 H       -4.29311429    -0.62408611     0.06570481
