24
Heptane-1-thiol
 C       -5.15782859    -0.18105284    -0.00000067
 C       -3.82737026     0.57795502    -0.00000022
 C       -2.60525961    -0.34766656     0.00000018
 C       -1.26966449     0.40444232     0.00000078
 C       -0.04877886    -0.52322556     0.00000036
 C        1.28414930     0.23678717     0.00000057
 C        2.48989915    -0.70484871     0.00000004
 S        4.04253794     0.28292689    -0.00000042
 H       -1.22369086     1.06437984     0.87745753
 H       -1.22369067     1.06438084    -0.87745520
 H       -0.09253168    -1.18236943    -0.87805574
 H       -0.09253159    -1.18237020     0.87805587
 H       -2.65095152    -1.00825765     0.87741304
 H       -2.65095082    -1.00825741    -0.87741291
 H        1.33484764     0.89162152    -0.87904311
 H        1.33484785     0.89162079     0.87904478
 H       -3.78139768     1.23744840    -0.87692952
 H       -3.78139829     1.23744845     0.87692906
 H        2.47660034    -1.34337144    -0.88745697
 H        2.47660098    -1.34337165     0.88745691
 H       -6.01047728     0.50544909    -0.00000125
 H       -5.24732731    -0.82300043    -0.88364401
 H       -5.24732815    -0.82299999     0.88364291
 H        4.90182247    -0.75264255    -0.00000057
