21
Hept-1-ene
 C       -1.19813481    -0.37643347     0.04478529
 C        0.13835113     0.36968544     0.11987079
 C        1.35216803    -0.57124736     0.23201813
 C       -2.41086087     0.55443767    -0.06960032
 C        2.65528038     0.16656602     0.35234798
 C       -3.74279452    -0.19834608    -0.14531298
 C        3.67092326     0.08199419    -0.50232829
 H       -1.31072218    -1.01176693     0.93481596
 H       -1.18489391    -1.06141517    -0.81478324
 H        0.12816084     1.05134075     0.98163581
 H        0.25850540     1.00421403    -0.76783982
 H        1.38459709    -1.23903401    -0.63780848
 H        1.21402778    -1.21357008     1.11453889
 H       -2.29702612     1.18869677    -0.95879816
 H       -2.42427927     1.23802772     0.78981958
 H        2.74260352     0.82881601     1.21474277
 H       -4.58876712     0.49158771    -0.22714439
 H       -3.90068271    -0.81434201     0.74719492
 H       -3.77164840    -0.86507387    -1.01455119
 H        3.62794336    -0.56308988    -1.37626355
 H        4.58633618     0.64821737    -0.36396340
