22
Heptan-4-one
 C       -3.84236097     0.55276356    -0.01009794
 C       -2.56159629    -0.28554171     0.02767490
 C       -1.29521466     0.57019562    -0.02084955
 C        0.00000000    -0.23535560    -0.00000027
 O        0.00000001    -1.44549222    -0.00000001
 C        1.29521465     0.57019564     0.02084862
 C        2.56159631    -0.28554171    -0.02767474
 C        3.84236096     0.55276356     0.01009891
 H       -4.73211238    -0.08351673     0.02587570
 H       -3.90030522     1.15288769    -0.92551118
 H       -3.89380949     1.24352226     0.83942909
 H       -2.54579314    -0.99104755    -0.80973390
 H       -2.54058583    -0.90225310     0.93283065
 H       -1.26947503     1.28286366     0.81631164
 H       -1.28399691     1.19821427    -0.92415126
 H        1.28399667     1.19821516     0.92414972
 H        1.26947520     1.28286288    -0.81631327
 H        2.54058653    -0.90225325    -0.93283040
 H        2.54579251    -0.99104742     0.80973416
 H        3.89381016     1.24352206    -0.83942825
 H        4.73211240    -0.08351673    -0.02587386
 H        3.90030446     1.15288792     0.92551205
