19
Hept-3-yne
 C        3.48782690    -0.70057992    -0.24580007
 C        2.65417626     0.37548539     0.47472332
 C        1.24556326     0.36286897     0.08770156
 C        0.08914886     0.33907830    -0.25151334
 C       -1.32091514     0.30370755    -0.62925471
 C       -2.23755285    -0.24159374     0.48548066
 C       -3.70985155    -0.26982002     0.06814540
 H        3.45235460    -0.55769123    -1.32939909
 H        3.10362210    -1.70053991    -0.02592772
 H        4.53330902    -0.65410215     0.07459321
 H        3.08113212     1.36600406     0.26922205
 H        2.73582110     0.23344164     1.56045055
 H       -1.44556114    -0.31177775    -1.53113604
 H       -1.65395895     1.31323753    -0.90794914
 H       -2.11095895     0.37695386     1.38119827
 H       -1.90264856    -1.24913801     0.75683491
 H       -3.86127297    -0.90450907    -0.81236175
 H       -4.07132664     0.73403120    -0.18219031
 H       -4.34183188    -0.65989899     0.87189059
