39
Heptylcyclohexane
 C       -3.94708155     1.54575292    -0.08564995
 C       -2.55671050     1.07808644     0.37140210
 C       -2.17174486    -0.28493736    -0.23433011
 C       -3.26624640    -1.32380876     0.07424600
 C       -0.79431485    -0.78269930     0.23677580
 C       -4.65759103    -0.86434347    -0.38466685
 C        0.40088150     0.06149197    -0.22519986
 C        1.75222385    -0.52249425     0.20512338
 C        2.95329018     0.31136057    -0.25598112
 C        4.30415522    -0.26898364     0.17778080
 C        5.50553236     0.56369121    -0.28457684
 C        6.85080169    -0.02243188     0.15491159
 H       -4.19749343     2.50100710     0.39059869
 H       -2.54534068     0.99196156     1.46843254
 H       -1.80988557     1.83665283     0.11283622
 H       -2.12962054    -0.16357350    -1.32895136
 H       -3.01066957    -2.28151169    -0.39602226
 H       -3.28521639    -1.50791203     1.15879569
 H       -0.65468523    -1.81176203    -0.12314000
 H       -0.79261624    -0.84622793     1.33487402
 H       -5.41014561    -1.61619624    -0.11937068
 H        0.31551635     1.08327901     0.16584858
 H        0.37789376     0.15245003    -1.32052475
 H        1.84790887    -1.54497099    -0.18674391
 H        1.77453470    -0.61643027     1.30003170
 H        2.85613672     1.33450864     0.13388424
 H        2.93240949     0.40313700    -1.35113292
 H        4.40217105    -1.29269422    -0.21063613
 H        4.32631302    -0.35942298     1.27310958
 H        5.40716956     1.58650233     0.10324722
 H        5.48422938     0.65229243    -1.37905292
 H        6.91491422    -0.09044398     1.24682346
 H        7.68826278     0.59273121    -0.18971102
 H        6.99242261    -1.03240002    -0.24626103
 C       -5.02511059     0.49728644     0.22114618
 H       -3.92559828     1.73512485    -1.16822066
 H       -4.66887179    -0.78654661    -1.48106250
 H       -6.00000702     0.83136307    -0.15269856
 H       -5.12753062     0.39231040     1.31056784
