22
Heptanal
 C       -4.28214754    -0.55627716    -0.00050130
 H       -5.23291217    -0.01373270    -0.00035219
 H       -4.26805246    -1.20346008    -0.88468368
 C       -3.08882680     0.40407890     0.00079866
 H       -4.26871641    -1.20515276     0.88244079
 H       -3.14775962     1.06335351    -0.87561501
 H       -3.14826018     1.06165665     0.87846814
 C       -1.73577467    -0.31656672     0.00039239
 H       -1.67577592    -0.97603399    -0.87674227
 C       -0.53553491     0.63693672    -0.00023862
 H       -1.67501712    -0.97579064     0.87760711
 H       -0.59632675     1.29629355    -0.87779259
 H       -0.59565726     1.29678751     0.87703613
 C        0.81293870    -0.09121589    -0.00050667
 H        0.88265199    -0.75031240    -0.87387965
 C        2.00769246     0.86187389    -0.00042811
 H        0.88290830    -0.75045981     0.87270761
 H        1.98723481     1.53572517    -0.87124442
 H        1.98653844     1.53635677     0.86988391
 C        3.35554031     0.17839939     0.00035844
 O        3.52306641    -1.01407107     0.00015944
 H        4.22601905     0.87613884     0.00112651
