18
Hex-1-ene
 C       -0.51790242     0.29038381    -0.12056854
 C       -1.82004188    -0.48963939     0.09219785
 C        0.73120935    -0.60950214    -0.14353408
 C       -3.06063716     0.40842527     0.11600848
 C        1.99823592     0.15514014    -0.40197996
 C        3.03782607     0.22709782     0.42457965
 H       -0.40378866     1.04204278     0.67144427
 H       -0.57879411     0.85040058    -1.06413989
 H       -1.92530416    -1.24095310    -0.70195649
 H       -1.75559005    -1.05135055     1.03365397
 H        0.59763566    -1.36963375    -0.92768985
 H        0.81410623    -1.15237093     0.80626227
 H       -3.97407554    -0.17490930     0.26997083
 H       -3.17045566     0.95669966    -0.82645310
 H       -2.99796952     1.14823202     0.92190290
 H        2.03532241     0.69709577    -1.34792658
 H        3.04469946    -0.29442895     1.37835101
 H        3.92430830     0.80462273     0.18303570
