50
Hexadecane
 C        0.63745272    -0.42575793     0.00000316
 C       -0.63745277     0.42576033     0.00000221
 C        1.92716940     0.40321696    -0.00000051
 C       -1.92716929    -0.40321482     0.00000161
 C        3.20198211    -0.44843493     0.00000364
 C       -3.20198232     0.44843659     0.00000441
 C        4.49181536     0.38032106    -0.00000305
 C       -4.49181512    -0.38032011    -0.00000108
 C        5.76644686    -0.47157237     0.00000346
 C       -5.76644722     0.47157241     0.00000497
 C        7.05624938     0.35673996    -0.00000487
 C       -7.05624904    -0.35674100    -0.00000484
 C        8.33117046    -0.49466227     0.00000312
 C       -8.33117094     0.49466002     0.00000341
 C        9.61471834     0.34134295    -0.00000603
 C       -9.61471796    -0.34134652    -0.00000852
 H        0.63143574    -1.08796502     0.87730617
 H        0.63143403    -1.08796979    -0.87729623
 H       -0.63143459     1.08796955    -0.87729918
 H       -0.63143542     1.08797004     0.87730324
 H        1.93322568     1.06542536     0.87730096
 H        1.93322575     1.06541714    -0.87730817
 H       -1.93322478    -1.06542096     0.87730478
 H       -1.93322603    -1.06541727    -0.87730434
 H        3.19587303    -1.11064822    -0.87729372
 H        3.19587474    -1.11063692     0.87730954
 H       -3.19587356     1.11064848    -0.87729401
 H       -3.19587525     1.11063996     0.87730928
 H        4.49799932     1.04251096    -0.87731243
 H        4.49799968     1.04252475     0.87729593
 H       -4.49799880    -1.04252303     0.87729848
 H       -4.49799887    -1.04251081    -0.87730987
 H        5.76020892    -1.13378640    -0.87731917
 H        5.76021022    -1.13377088     0.87733782
 H       -5.76020916     1.13378690    -0.87731732
 H       -5.76021172     1.13377046     0.87733969
 H        7.06341407     1.01917084    -0.87729298
 H        7.06341451     1.01918787     0.87727038
 H       -7.06341266    -1.01917090    -0.87729370
 H       -7.06341404    -1.01918991     0.87726965
 H        8.32427704    -1.15582318    -0.87694195
 H        8.32427789    -1.15580534     0.87696165
 H       -8.32427990     1.15580155     0.87696310
 H       -8.32427731     1.15582247    -0.87694050
 H       10.50686990    -0.29316662     0.00000030
 H        9.66601173     0.98770321    -0.88354558
 H        9.66601232     0.98772165     0.88352000
 H      -10.50687019     0.29316212    -0.00000193
 H       -9.66600978    -0.98770522    -0.88354930
 H       -9.66601215    -0.98772689     0.88351628
