16
Hexa-1,5-diene
 C        0.71097131    -0.94991135     0.23505250
 C        1.38964396     0.38922068     0.29501764
 C        2.59289803     0.65752371    -0.20447263
 C       -0.67338158    -0.90484373    -0.45924358
 C       -1.69805786    -0.11884819     0.30943429
 C       -2.34180651     0.95690105    -0.13592702
 H        0.57152491    -1.33759718     1.25512180
 H        1.35436403    -1.66679914    -0.28740407
 H        0.82345510     1.18364556     0.77952463
 H        3.03484293     1.64634481    -0.13555108
 H        3.18815936    -0.10463296    -0.70128724
 H       -1.02646782    -1.93927487    -0.57286605
 H       -0.56406679    -0.49093748    -1.46805190
 H       -1.90865379    -0.48303423     1.31614981
 H       -3.07534424     1.47828941     0.47053720
 H       -2.16286166     1.35629076    -1.13079129
