16
Indole
 N       -1.55770771     1.07786400     0.00000000
 C       -0.24157853     0.67079911    -0.00000000
 C       -0.24188259    -0.75163490    -0.00000000
 C       -1.61622420    -1.16659202     0.00000000
 C        0.93853571     1.41703168     0.00000000
 C        0.98885422    -1.42627373    -0.00000000
 C       -2.37915227    -0.03150184     0.00000000
 C        2.13786678     0.71930435     0.00000000
 C        2.16245275    -0.68859436     0.00000000
 H       -1.87193123     2.03171249    -0.00000000
 H       -1.98737854    -2.18016311     0.00000000
 H        0.91965374     2.50262499     0.00000000
 H        1.01861188    -2.51168226    -0.00000000
 H       -3.45230850     0.08612460     0.00000000
 H        3.07391674     1.26849829     0.00000000
 H        3.11924444    -1.20094944     0.00000000
