21
Isopropylbenzene
 C       -2.06143453    -1.07866470    -0.00000765
 C       -0.68099750    -1.27343624    -0.00001068
 C        0.20339559    -0.19097825    -0.00000349
 C       -0.33821604     1.10092689     0.00000676
 C       -1.71565477     1.30189532     0.00000972
 C       -2.58456268     0.21148805     0.00000257
 C        1.70704350    -0.41905469    -0.00000552
 C        2.37123990     0.14594384     1.26895349
 C        2.37124358     0.14597952    -1.26894660
 H        3.44325743    -0.07898305     1.27716775
 H        2.25975165     1.23419939     1.32439556
 H        1.92524286    -0.28089210     2.17240450
 H        3.44326077    -0.07894880    -1.27716469
 H        1.92524815    -0.28082963    -2.17241105
 H        2.25975761     1.23423686    -1.32435765
 H        0.32328302     1.96245236     0.00001245
 H       -2.11210573     2.31275689     0.00001762
 H       -3.65859737     0.36765439     0.00000487
 H       -2.72656166    -1.93686760    -0.00001337
 H       -0.28189480    -2.28439265    -0.00001870
 H        1.86680716    -1.50479447    -0.00002055
