24
Lysine
 N        2.56208581     1.67416048    -0.00572107
 C        1.55402634     0.65076336     0.33827490
 C        2.14609653    -0.73996879     0.00406939
 O        3.47801720    -0.73309907    -0.11799679
 C        0.16603622     0.87589015    -0.28862747
 C       -0.97468723     0.09358548     0.37576320
 C       -2.33503505     0.37844823    -0.26861033
 C       -3.48106478    -0.38842699     0.39319670
 N       -4.76037820    -0.05318864    -0.24198124
 O        1.48803799    -1.74051711    -0.11143785
 H        3.73258867     0.21233214    -0.02804343
 H        2.44520534     1.97193009    -0.97067966
 H        2.45322907     2.50037072     0.57153441
 H        1.45411773     0.66416400     1.43212471
 H       -0.05140662     1.95078399    -0.22714847
 H        0.21261356     0.62631524    -1.35720229
 H       -0.74568718    -0.97413325     0.32660319
 H       -1.01491326     0.36000178     1.44208387
 H       -2.56475466     1.45079555    -0.23029025
 H       -2.29459850     0.10995148    -1.33440640
 H       -3.24462865    -1.46719002     0.38102363
 H       -3.54786247    -0.09768640     1.44960077
 H       -5.51794199    -0.53809331     0.22936210
 H       -4.76389164    -0.39625595    -1.19878345
