15
Methoxyisopropane
 C        0.43614529     0.01470513     0.32379702
 C        1.59967308    -0.91782492     0.00161218
 H        2.51370595    -0.58645090     0.50354672
 H        1.78328188    -0.93378088    -1.07756425
 H        1.37149909    -1.93716919     0.32403766
 O       -0.70341149    -0.52768826    -0.33039375
 C        0.71940811     1.45639468    -0.11307742
 H        0.25756626     0.00317234     1.41376640
 H       -0.10917018     2.12719793     0.13180980
 H        0.88599127     1.49693647    -1.19454555
 H        1.61351988     1.83911963     0.38962090
 C       -1.93949184    -0.03884390     0.12568027
 H       -2.72000847    -0.61726911    -0.37635328
 H       -2.09364539     1.02483350    -0.11015189
 H       -2.05191248    -0.16704936     1.21476297
