12
Methoxyethane
 O        0.49735504     0.45966307     0.00000004
 C       -0.51016066    -0.52740019     0.00000003
 C        1.79366052    -0.08006988    -0.00000003
 C       -1.86495811     0.16212117    -0.00000003
 H       -0.40672455    -1.17770892     0.88648687
 H       -0.40672452    -1.17770895    -0.88648679
 H        2.49879339     0.75534322     0.00000001
 H        1.98040090    -0.70135076    -0.89144751
 H        1.98040096    -0.70135088     0.89144735
 H       -1.97269882     0.79421369    -0.88611669
 H       -1.97269896     0.79421363     0.88611666
 H       -2.67080291    -0.57813254    -0.00000012
