21
Methoxypentane
 O        2.40503668     0.44323861     0.00000013
 C       -1.27213029    -0.35772873     0.00000005
 C        0.01821684     0.46826540    -0.00000002
 C       -2.54090146     0.50307382    -0.00000008
 C        1.27202336    -0.39639015    -0.00000001
 C       -3.82906879    -0.32536914     0.00000003
 C        3.61576301    -0.26792731    -0.00000008
 H       -1.28535128    -1.01945513    -0.87764359
 H       -1.28535132    -1.01945493     0.87764384
 H        0.04682204     1.12383228    -0.87908978
 H        0.04682210     1.12383234     0.87908968
 H       -2.52874192     1.16367717     0.87697119
 H       -2.52874190     1.16367694    -0.87697152
 H        1.28428316    -1.05573806    -0.88671255
 H        1.28428305    -1.05573819     0.88671244
 H       -3.88450683    -0.97115469     0.88367945
 H       -4.71679323     0.31509976     0.00000002
 H       -3.88450691    -0.97115481    -0.88367931
 H        4.42816768     0.46366421     0.00000011
 H        3.71610926    -0.90885870     0.89143422
 H        3.71610924    -0.90885822    -0.89143473
