29
Methyl octanoate
 O       -3.94015588    -0.73687590     0.00000249
 O       -3.01285469     1.31337496    -0.00000403
 C        2.19925565     0.39526857     0.00000287
 C        0.96329797    -0.51173245    -0.00000211
 C        3.52324321    -0.37698377    -0.00000171
 C       -0.35629378     0.26738960     0.00000185
 C        4.75986944     0.52919384     0.00000344
 C       -1.58179108    -0.64702712    -0.00000273
 C        6.07832964    -0.25053836    -0.00000134
 C       -2.89274494     0.11411227    -0.00000145
 C       -5.23141029    -0.12026867     0.00000278
 H        2.16336309     1.05624985    -0.87719983
 H        2.16336335     1.05623990     0.87721306
 H        0.99837438    -1.17326441    -0.87733438
 H        0.99837424    -1.17327381     0.87732307
 H        3.55899399    -1.03839441    -0.87736047
 H        3.55899416    -1.03840457     0.87734938
 H       -0.40130200     0.92793828    -0.87366273
 H       -0.40130176     0.92792950     0.87367315
 H        4.72416049     1.18933949    -0.87691191
 H        4.72416075     1.18932918     0.87692656
 H       -1.58176738    -1.31301373    -0.87226863
 H       -1.58176914    -1.31302114     0.87225741
 H        6.94195399     0.42217905     0.00000246
 H        6.15755087    -0.89399330    -0.88358603
 H        6.15755116    -0.89400365     0.88357578
 H       -5.95224588    -0.93851120     0.00000627
 H       -5.36255987     0.50414984    -0.88787860
 H       -5.36255702     0.50415492     0.88788101
