12
(Methylsulfanyl)ethane
 C       -0.84500003     0.67144850    -0.00000007
 C       -2.20829520    -0.01903121     0.00000006
 H       -3.00952094     0.72683845    -0.00000001
 H       -2.33141528    -0.64980252     0.88540562
 H       -2.33141535    -0.64980274    -0.88540533
 S        0.49315873    -0.57528446    -0.00000002
 C        1.94051734     0.52487169     0.00000005
 H        2.82665695    -0.11323453     0.00000023
 H        1.95845985     1.15392146     0.89409707
 H        1.95846009     1.15392129    -0.89409708
 H       -0.73322064     1.30529304     0.88595822
 H       -0.73322074     1.30529290    -0.88595847
