15
Methylcyclobutane
 C        0.55021837    -0.00000003    -0.54214704
 C       -0.51397253     1.08833461    -0.20224259
 C       -0.51397257    -1.08833462    -0.20224256
 C       -1.37559322     0.00000002     0.49604389
 C        1.76285873    -0.00000000     0.38461516
 H        0.88917368    -0.00000005    -1.58320392
 H       -0.99896713     1.48839473    -1.09731202
 H       -0.17633141     1.92963927     0.41058166
 H       -0.17633151    -1.92963931     0.41058168
 H       -0.99896719    -1.48839468    -1.09731200
 H       -2.44712708     0.00000004     0.28146338
 H       -1.24749496     0.00000007     1.58197917
 H        2.38680463     0.88582274     0.22020807
 H        2.38680481    -0.88582258     0.22020791
 H        1.45953707    -0.00000012     1.43833300
