15
Methoxypropane
 C       -1.21598338     0.52134805     0.00000012
 C        0.02577869    -0.36056673     0.00000010
 C       -2.51144179    -0.29473837    -0.00000010
 H       -3.38837437     0.35918973     0.00000005
 H       -2.57814169    -0.93871204     0.88408240
 H       -2.57814165    -0.93871160    -0.88408292
 H       -1.17770038     1.17545634    -0.87869524
 H       -1.17770054     1.17545614     0.87869563
 O        1.17034238     0.46222623    -0.00000012
 H        0.02734645    -1.02031040    -0.88672104
 H        0.02734662    -1.02031018     0.88672141
 C        2.37080338    -0.26621179     0.00000000
 H        3.19357127     0.45367849    -0.00000023
 H        2.46187548    -0.90842302    -0.89147219
 H        2.46187558    -0.90842257     0.89147251
