19
Methylenecyclohexane
 C        1.83917449     0.00009321    -0.03179289
 C        1.03846395     1.26769883     0.29900260
 C        1.03865435    -1.26759466     0.29910612
 H        2.79062636     0.00021134     0.51232085
 H        2.09147150    -0.00005745    -1.10180124
 C       -0.32870855     1.26835277    -0.41592293
 H        1.60571133     2.16323792     0.02072802
 H        0.87354172     1.32013867     1.38326605
 C       -0.32841482    -1.26833020    -0.41604319
 H        0.87376652    -1.32025472     1.38340218
 H        1.60603840    -2.16303952     0.02080355
 C       -1.09626367    -0.00008955    -0.12473603
 H       -0.15154896     1.34050967    -1.50006561
 H       -0.91526348     2.14730227    -0.12967648
 C       -2.32998013    -0.00015018     0.37847046
 H       -2.85970006    -0.92410733     0.59161174
 H       -2.85964457     0.92384379     0.59161428
 H       -0.91483837    -2.14748958    -0.13019570
 H       -0.15084415    -1.34005956    -1.50012805
