18
Methylcyclopentane
 C        0.77478475    -0.00147404     0.35636933
 C       -0.04314375    -1.19654883    -0.16551405
 C       -0.04196154     1.19825324    -0.15749488
 C        2.24367185     0.00001816    -0.06263287
 H        0.72170050    -0.00572356     1.45562906
 C       -1.51745289    -0.78038397     0.03538769
 H        0.20644255    -2.13814769     0.33399385
 H        0.17132911    -1.33369692    -1.23398510
 C       -1.51920161     0.77972557     0.02490283
 H       -1.88977808    -1.15262944     0.99532992
 H       -2.16916709    -1.20161136    -0.73537167
 H        0.18164504     1.34877738    -1.22215865
 H        0.20263020     2.13395443     0.35529037
 H       -1.91226673     1.16505407     0.97117037
 H       -2.15659820     1.18743920    -0.76489002
 H        2.33689583     0.00279956    -1.15541435
 H        2.76900350    -0.88477232     0.31336675
 H        2.76817068     0.88343691     0.31771476
