16
Methylsulfanylbenzene
 S       -1.83888146     0.62892882    -0.00000044
 C       -0.11895125     0.19092571    -0.00000020
 C        0.36490216    -1.12080240    -0.00000047
 C        0.79405530     1.25622365     0.00000024
 C        1.73965544    -1.35758341    -0.00000026
 C        2.16104602     1.00904282     0.00000041
 C        2.64375693    -0.30032416     0.00000018
 C       -2.69322330    -0.97133308     0.00000093
 H       -0.31663960    -1.96243470    -0.00000086
 H        0.42610742     2.27777760     0.00000050
 H        2.09954639    -2.38197015    -0.00000047
 H        2.85321095     1.84536282     0.00000077
 H        3.71161472    -0.49100871     0.00000035
 H       -2.45896453    -1.55046425    -0.89596993
 H       -3.75872173    -0.73314741     0.00000148
 H       -2.45896336    -1.55046323     0.89597215
