17
Methyl butanoate
 O        1.58078391    -0.76769581    -0.00000113
 O        0.74963463     1.32346341     0.00000242
 C       -1.95196525     0.40386695    -0.00000516
 C       -0.77086662    -0.56758998     0.00000389
 C       -3.30179506    -0.31861000     0.00000037
 C        0.57429881     0.13099822     0.00000153
 C        2.89943796    -0.21182163    -0.00000198
 H       -1.87452960     1.06045172     0.87322988
 H       -1.87452892     1.06043657    -0.87325160
 H       -0.80331573    -1.23286124     0.87230386
 H       -0.80331269    -1.23287503    -0.87228551
 H       -4.13083325     0.39554527    -0.00000666
 H       -3.41300461    -0.95727885     0.88370850
 H       -3.41300340    -0.95729484    -0.88369636
 H        3.58135192    -1.06274943    -0.00000627
 H        3.05940104     0.40580247     0.88789158
 H        3.05939731     0.40580860    -0.88789190
