10
Methyloxirane
 C        1.56128942     0.05146411    -0.18037438
 C        0.20956194     0.04236290     0.48615059
 O       -0.81259615    -0.73298474    -0.14209812
 C       -0.96607111     0.68602193    -0.11394503
 H       -0.86755872     1.18570379    -1.07763807
 H       -1.76904783     1.05947749     0.52098720
 H        0.22413392    -0.05425356     1.57385352
 H        1.45642602     0.16446239    -1.26303899
 H        2.09621167    -0.88372685     0.01595053
 H        2.17392487     0.87579382     0.20098470
