20
Methyl pentanoate
 O        2.18556069    -0.71420580     0.00006204
 O        1.21926917     1.31798352    -0.00009890
 C       -1.41639236     0.22171320     0.00006517
 C       -2.72148264    -0.58144954    -0.00008308
 C       -0.17400927    -0.66926701    -0.00011985
 C       -3.96740702     0.30935652     0.00011464
 C        1.12219297     0.11664852    -0.00004938
 C        3.46487171    -0.07309884     0.00009681
 H       -1.38470473     0.88341091    -0.87345566
 H       -1.38469779     0.88306597     0.87384879
 H       -2.74325490    -1.24235097    -0.87721260
 H       -2.74323571    -1.24271110     0.87677540
 H       -0.16147001    -1.33498167    -0.87253110
 H       -0.16140584    -1.33528908     0.87205195
 H       -4.88515365    -0.28711679     0.00000058
 H       -3.98985993     0.95711359    -0.88326415
 H       -3.98984133     0.95674634     0.88376311
 H        4.20113576    -0.87747698     0.00020458
 H        3.58412907     0.55362448    -0.88783027
 H        3.58401333     0.55375791     0.88794489
