16
N-butylamine
 C        2.58223866     0.31948962     0.00000002
 H        3.47316203    -0.31668087    -0.00000011
 H        2.63434712     0.96556288     0.88358773
 H        2.63434705     0.96556314    -0.88358751
 C        1.29749495    -0.51477763    -0.00000006
 H        1.29029512    -1.17602417    -0.87683532
 H        1.29029513    -1.17602433     0.87683507
 C        0.02251294     0.33682109     0.00000002
 H        0.02216589     0.99804487     0.87883254
 H        0.02216580     0.99804489    -0.87883249
 C       -1.26772349    -0.49712384     0.00000007
 H       -1.27354705    -1.15785946    -0.87683236
 H       -1.27354708    -1.15785930     0.87683262
 N       -2.52475446     0.25570018    -0.00000003
 H       -2.55435216     0.86920002    -0.81006950
 H       -2.55435213     0.86920031     0.81006922
