11
N-methylurea
 O       -0.48894821     1.30634044     0.01215024
 N        0.67339710    -0.66594850     0.07463427
 N       -1.64165162    -0.67186423    -0.07445830
 C        1.97237590    -0.02934897    -0.03654725
 C       -0.47727531     0.09024318     0.01071608
 H        0.60692389    -1.62708568    -0.21973890
 H       -2.46650904    -0.12007770     0.10739138
 H       -1.64379769    -1.56549221     0.39498200
 H        1.86477624     1.00056084     0.30481273
 H        2.70282637    -0.54608640     0.59356783
 H        2.34708095    -0.01139307    -1.06872640
