12
N-nitrodimethylamine
 N       -0.71064881    -0.00004994     0.02537927
 N        0.65969555     0.00002398     0.19980870
 C        1.33163092     1.26381071    -0.06155850
 C        1.33188264    -1.26366409    -0.06141502
 O       -1.26253787     1.09179914    -0.03006289
 O       -1.26246847    -1.09192011    -0.03023308
 H        2.36900791     1.15566709     0.25981651
 H        1.30881911     1.53555028    -1.12536193
 H        0.85551178     2.05766857     0.51140021
 H        1.30985253    -1.53516613    -1.12529979
 H        2.36900722    -1.15551271     0.26075478
 H        0.85539070    -2.05767241     0.51101918
