25
Non-1-yne
 C       -1.06414845     0.41216688    -0.00000038
 C        0.15114230    -0.52239875    -0.00000015
 C       -2.40467462    -0.33126670     0.00000024
 C        1.48810371     0.22545976    -0.00000009
 C       -3.62127243     0.60157223    -0.00000045
 C        2.70081817    -0.72815400    -0.00000039
 C       -4.95610351    -0.14974884     0.00000059
 C        3.98046130    -0.02720976     0.00000009
 C        5.02203781     0.57350838     0.00000057
 H       -1.01422784     1.07199308     0.87742061
 H       -1.01422814     1.07199222    -0.87742203
 H        0.10257092    -1.18225651    -0.87777145
 H        0.10257077    -1.18225630     0.87777131
 H       -2.45445293    -0.99162075     0.87740421
 H       -2.45445301    -0.99162213    -0.87740269
 H        1.55125591     0.87992329     0.87758721
 H        1.55125580     0.87992368    -0.87758710
 H       -3.57146004     1.26078815    -0.87695446
 H       -3.57145969     1.26078994     0.87695219
 H        2.64666984    -1.38725823    -0.87697367
 H        2.64666965    -1.38725904     0.87697228
 H       -5.80503672     0.54138059    -0.00000005
 H       -5.04904361    -0.79126159    -0.88362002
 H       -5.04904334    -0.79125961     0.88362267
 H        5.94690100     1.09588052     0.00000057
