25
Non-3-yne
 C        0.97753751     0.65307873     0.43900660
 C        0.16638383    -0.23158759    -0.53303676
 C       -1.24855136    -0.31486522    -0.18136037
 C        2.45547170     0.80795616     0.05256056
 C       -2.41066731    -0.37230133     0.13367448
 C        3.28886765    -0.47610437     0.16241662
 C       -3.82634028    -0.43005925     0.48971547
 C        4.76978901    -0.25159532    -0.15981642
 C       -4.70412216     0.49516697    -0.37372020
 H        0.50545382     1.64114759     0.47760953
 H        0.89789653     0.23462156     1.44995299
 H        0.26950390     0.16808162    -1.55177940
 H        0.59207503    -1.24255997    -0.56221939
 H        2.90521392     1.57345135     0.69863088
 H        2.52558339     1.20037451    -0.97216876
 H        2.88789804    -1.24415483    -0.51043475
 H        3.19138435    -0.88114568     1.17872585
 H       -4.18505346    -1.46371097     0.39717806
 H       -3.94795566    -0.16436209     1.54814370
 H        4.89985174     0.12347329    -1.18128011
 H        5.34439685    -1.17900723    -0.07054419
 H        5.21513490     0.48374657     0.51979850
 H       -5.75349014     0.41968451    -0.07206432
 H       -4.38906247     1.53713428    -0.26918681
 H       -4.62881774     0.22574340    -1.43089701
