24
Oct-1-ene
 C       -0.72589123     1.10053698    -0.30238213
 C        0.49326473     0.36856334     0.27301932
 C        1.80534775     0.76883645    -0.41467368
 C       -2.05949066     0.78593545     0.40941687
 C        3.06325515     0.10909604     0.17239507
 C       -2.50891758    -0.64246188     0.27009868
 C        3.13219529    -1.41003184    -0.02460586
 C       -3.61105428    -1.03635279    -0.36262673
 H       -0.55103456     2.18301079    -0.24343979
 H       -0.82653938     0.86144736    -1.36909215
 H        0.56994340     0.58224815     1.34915888
 H        0.34660907    -0.71425243     0.18564111
 H        1.73937521     0.53162838    -1.48607777
 H        1.91643393     1.85974421    -0.35296796
 H       -2.84015834     1.44709563     0.01528605
 H       -1.94944798     1.03048777     1.47627547
 H        3.94674945     0.56733774    -0.28935573
 H        3.12646100     0.34223186     1.24397247
 H       -1.86767343    -1.39645726     0.72538058
 H        3.07085482    -1.67211518    -1.08722508
 H        4.07247014    -1.81483928     0.36331234
 H        2.31639943    -1.92671839     0.49072058
 H       -3.88659733    -2.08328696    -0.43935502
 H       -4.28670013    -0.32290986    -0.82800810
