13
Penta-1,4-diene
 C       -0.00000005     0.66910364     0.00000520
 C       -1.17866274    -0.17369177     0.42113631
 C        1.17866334    -0.17368361    -0.42114019
 C       -2.36917498    -0.17330010    -0.17126857
 C        2.36917447    -0.17330331     0.17126693
 H       -0.30642093     1.32139231    -0.82858164
 H        0.30642025     1.32137829     0.82860329
 H       -1.00010432    -0.83278499     1.27010131
 H        1.00010634    -0.83276086    -1.27011787
 H       -2.58193420     0.46642238    -1.02399570
 H       -3.18029709    -0.80693542     0.17249437
 H        3.18029717    -0.80693221    -0.17250645
 H        2.58193220     0.46640313     1.02400647
