26
Perfluorobicyclo[4.4.0]dec-1,6-ene
 C        2.54132591     0.69413975    -0.33205183
 C        2.54202546    -0.69372919     0.33102623
 C        1.27787155     1.49361238     0.06720660
 F        3.63291820     1.37429080     0.03701392
 F        2.54511585     0.53739307    -1.66843065
 C        1.27805620    -1.49354925    -0.06631920
 F        2.54808247    -0.53728223     1.66739519
 F        3.63312416    -1.37366625    -0.03992573
 C        0.00006659    -0.66802540     0.00046826
 F        1.18746882    -2.55829104     0.75384945
 F        1.44028101    -1.94763762    -1.32676913
 C       -0.00007548     0.66797891     0.00041269
 C       -1.27784116    -1.49361339     0.06719787
 C       -1.27804325     1.49358368    -0.06630276
 F        1.44111423     1.94613921     1.32810776
 F        1.18672610     2.55938841    -0.75146867
 C       -2.54135102    -0.69415373    -0.33192841
 C       -2.54209804     0.69377471     0.33092420
 F       -2.54538297    -0.53750410    -1.66831889
 F       -3.63283060    -1.37439376     0.03735424
 F       -3.63318469     1.37361618    -0.04021987
 F       -2.54822850     0.53742835     1.66730658
 F       -1.44009348     1.94802265    -1.32663730
 F       -1.18734967     2.55814813     0.75408859
 F       -1.18675439    -2.55922040    -0.75174739
 F       -1.44096660    -1.94644307     1.32800168
