27
Perfluoro-2-methyl-3-isopropylpent-2-ene
 C        1.73321212    -1.97888610    -0.24981796
 F        0.89863432    -2.77150906     0.42772127
 F        1.76316561    -2.35907731    -1.52340826
 F        2.94834982    -2.19519790     0.27221794
 C        1.38510417    -0.48673220    -0.07254517
 C        2.65596873     0.37604674    -0.09114844
 F        3.31862540     0.35401094     1.06119869
 F        2.39369025     1.64797753    -0.40388854
 F        3.46341561    -0.08779582    -1.05401382
 C        0.15054844     0.01756966     0.09568911
 C       -0.06550213     1.37565014     0.80890393
 F        0.93052141     1.57786945     1.68922771
 F       -1.19744534     1.25896553     1.53870630
 C       -0.20016189     2.68368010    -0.08380908
 C       -1.10952694    -0.80519465    -0.23677914
 F       -0.76413249    -1.82055040    -1.08517553
 C       -2.17634130    -0.05645248    -1.11007348
 F       -3.17994228    -0.90039372    -1.34402694
 F       -2.67138292     1.04373818    -0.55802595
 F       -1.61744165     0.26955139    -2.27345808
 C       -1.78139149    -1.46554798     1.03446194
 F       -0.93481024    -1.47307688     2.06496795
 F       -2.11931002    -2.71589824     0.75548758
 F       -2.87773476    -0.80397733     1.40129715
 F       -0.09721876     2.37204295    -1.37732642
 F        0.74650093     3.55757663     0.22608147
 F       -1.37735408     3.26041485     0.12248714
