11
Phenyl radical
 C       -0.00000000    -1.36881906    -0.00000000
 C        1.22444540    -0.74361665     0.00000000
 C       -1.22444540    -0.74361665     0.00000000
 C        1.21230896     0.65882996     0.00000000
 C       -1.21230896     0.65882996    -0.00000000
 C        0.00000000     1.34894203    -0.00000000
 H        2.15969448    -1.29408014     0.00000000
 H       -2.15969448    -1.29408014     0.00000000
 H        2.15139270     1.20486290     0.00000000
 H       -2.15139270     1.20486290     0.00000000
 H        0.00000000     2.43417685     0.00000000
