16
Phenylhydrazine
 C        2.28667840    -0.31245857     0.05197347
 C        1.83370230     1.00849483     0.06247282
 C        1.35370691    -1.34205160    -0.02065499
 C       -0.01202226    -1.07046116    -0.08149181
 C       -0.46821346     0.25506775    -0.07076944
 C        0.47692968     1.29308439     0.00428441
 H        3.34768524    -0.53112325     0.10046517
 H        2.54512812     1.82665180     0.12222801
 N       -1.82376113     0.57344906    -0.17459049
 H        0.13375684     2.32437524     0.01560539
 H        1.68589741    -2.37588835    -0.03098545
 H       -0.72253838    -1.88644238    -0.14809721
 N       -2.82383552    -0.35367716     0.17859490
 H       -2.06093774     1.49732338     0.15542616
 H       -2.52325157    -0.91585736     0.97564125
 H       -2.97007871    -0.98841144    -0.60074666
