28
Phenylmethyl benzoate
 C       -4.73899301    -1.17611144    -0.01777459
 C       -4.63904681    -0.09739863     0.85643521
 C       -3.49567975     0.70066547     0.85197400
 C       -2.44756697     0.43597791    -0.03032512
 C       -2.55678192    -0.64874033    -0.90741549
 C       -3.69251502    -1.45168919    -0.89860698
 C       -1.23400682     1.32601929    -0.06217042
 O       -0.05837044     0.50034520     0.04831510
 C        1.12025197     1.13556304    -0.11522795
 O        1.20806926     2.32126608    -0.33499364
 C        2.28250572     0.21077764     0.00705290
 C        3.56338045     0.74910210    -0.15684544
 C        4.68220648    -0.06911653    -0.05327203
 C        4.52758726    -1.42934437     0.21558506
 C        3.25253294    -1.96933023     0.38072575
 C        2.12996320    -1.15359066     0.27714543
 H       -5.62599237    -1.80150151    -0.01328114
 H       -5.44661455     0.12131928     1.54783353
 H       -3.41698974     1.53679813     1.54104564
 H       -1.74200287    -0.86457421    -1.59128640
 H       -3.76421467    -2.29232535    -1.58162293
 H       -1.16729865     1.89605690    -0.99537647
 H       -1.24479165     2.04891702     0.75950922
 H        3.65456041     1.80915730    -0.36426575
 H        5.67447026     0.35116924    -0.18130451
 H        5.40120196    -2.06860719     0.29700024
 H        3.13314179    -3.02730011     0.59090453
 H        1.13583850    -1.56375476     0.40562985
