15
Phenyl formate
 C        2.50788214    -0.29802778    -0.00000003
 O        2.68924715     0.88554356     0.00000007
 O        1.33687075    -0.96240070    -0.00000000
 H        3.30730801    -1.05539454    -0.00000023
 C        0.07430609    -0.37294864    -0.00000002
 C       -0.18346557     0.99798465    -0.00000003
 C       -0.96758063    -1.30083838     0.00000000
 C       -1.51343985     1.42161126    -0.00000003
 C       -2.28464846    -0.85825363     0.00000003
 C       -2.56331606     0.50817041     0.00000001
 H        0.62744018     1.70866703    -0.00000005
 H       -1.72119683     2.48690014    -0.00000004
 H       -3.59070635     0.85639819     0.00000003
 H       -0.72404072    -2.35723735     0.00000002
 H       -3.09238394    -1.58282781     0.00000006
