17
Proline
 N       -0.72212328    -1.08030328     0.53528576
 C        0.01880263     0.19488443     0.68697039
 C        1.40108550     0.08382729     0.01308533
 O        1.73639204    -1.17098234    -0.30661525
 C       -0.85005798     1.32685518     0.06167562
 C       -2.18170371     0.63235302    -0.28992474
 C       -1.76500561    -0.83387293    -0.48239901
 O        2.10914658     1.03403457    -0.18845452
 H       -1.15923574    -1.33403753     1.41370980
 H        0.94655576    -1.70444700    -0.05814016
 H        0.21702248     0.38092012     1.74717117
 H       -0.35484055     1.72307590    -0.82809807
 H       -0.98384398     2.16294647     0.75052307
 H       -2.66325783     1.06012028    -1.17338668
 H       -2.88921053     0.70861934     0.54407860
 H       -1.32326009    -0.97785105    -1.47648384
 H       -2.57999444    -1.55352806    -0.37358620
