17
Propyl acetate
 C       -2.04200617     0.59869130    -0.00000076
 C       -0.82211931    -0.30908305    -0.00000011
 O        0.34977303     0.52549529    -0.00000036
 C        1.53320233    -0.11981353    -0.00000013
 O        1.64002107    -1.31991217    -0.00000017
 C        2.68000479     0.86522290     0.00000058
 C       -3.34722404    -0.20310139     0.00000079
 H       -1.99850395     1.25215632    -0.87900046
 H       -1.99850322     1.25215843     0.87899733
 H       -0.79939740    -0.95859525     0.88225953
 H       -0.79939712    -0.95859627    -0.88225897
 H        2.61968511     1.51107116     0.88071986
 H        2.61968274     1.51107576    -0.88071512
 H        3.62461400     0.32262036    -0.00000190
 H       -4.21505110     0.46243702     0.00000009
 H       -3.42050907    -0.84592679     0.88404062
 H       -3.42050965    -0.84592940    -0.88403710
