13
Propylamine
 C       -1.96935532    -0.13879428    -0.00000001
 H       -2.77162200     0.60551871    -0.00000035
 H       -2.10413538    -0.77298306     0.88348853
 H       -2.10413510    -0.77298354    -0.88348825
 C       -0.58756326     0.52300006     0.00000000
 H       -0.48729643     1.17521864    -0.87855339
 H       -0.48729643     1.17521866     0.87855338
 C        0.56404952    -0.49404404     0.00000003
 H        0.46992316    -1.14822746     0.87686027
 H        0.46992313    -1.14822752    -0.87686015
 N        1.91893015     0.06233688     0.00000000
 H        2.04056191     0.66407955     0.81025477
 H        2.04056210     0.66407906    -0.81025510
