16
Propoxyethylene
 C        2.84202168    -0.52304360     0.00007419
 H        3.80643800    -0.00726711    -0.00052729
 C        1.68449700     0.47950899    -0.00016644
 H        2.81084789    -1.16983291    -0.88374998
 H        2.81133203    -1.16868185     0.88473841
 H        1.74524886     1.13101837    -0.87932021
 C        0.32908327    -0.21272375     0.00001803
 H        1.74530510     1.13139038     0.87871142
 H        0.21452929    -0.85361959    -0.88710137
 H        0.21472933    -0.85352766     0.88724444
 O       -0.68128563     0.78623084     0.00008377
 C       -1.96524177     0.36904979     0.00002508
 C       -2.43620966    -0.87904929    -0.00005280
 H       -2.62952138     1.22923094     0.00005424
 H       -1.80659957    -1.75880633    -0.00006695
 H       -3.50733441    -1.03423686    -0.00009835
