11
Propanoic acid
 C        0.76350325    -0.76980615    -0.00000119
 C       -0.48763835     0.08234093     0.00003731
 O       -1.60507156    -0.68228403    -0.00000147
 O       -0.52528914     1.28586396    -0.00000789
 C        2.04491969     0.06040189    -0.00000062
 H        0.71120117    -1.43304850     0.87186790
 H        0.71115563    -1.43284942    -0.87201881
 H       -2.35295126    -0.06727035    -0.00008536
 H        2.92299666    -0.59131979    -0.00084726
 H        2.09192370     0.70637331    -0.88033469
 H        2.09281968     0.70521224     0.88114410
