24
Propylcyclopentane
 C        0.24291667    -0.23227768    -0.30394809
 C        0.80667858     1.12329849     0.17950225
 C        1.32289621    -1.22814274     0.15486579
 C        2.35402678     0.99626482     0.09540067
 C        2.64512932    -0.50913075    -0.16100900
 C       -1.16974202    -0.56040263     0.18707947
 C       -2.25855519     0.38760240    -0.33248725
 C       -3.66246046     0.00493895     0.14647681
 H        0.23539042    -0.23055582    -1.40500144
 H        0.42565583     1.96953492    -0.39896013
 H        0.49678409     1.28759959     1.21951117
 H        1.22760529    -1.39283740     1.23720167
 H        1.23789799    -2.20602368    -0.33022188
 H        2.76660292     1.61753421    -0.70495280
 H        2.82129762     1.33823995     1.02375333
 H        3.48527353    -0.88321246     0.43120990
 H        2.90483700    -0.66730445    -1.21400199
 H       -1.42363703    -1.58802116    -0.10907123
 H       -1.17610076    -0.55187571     1.28717330
 H       -2.03361424     1.41402904    -0.01692598
 H       -2.23579920     0.39529443    -1.43069066
 H       -3.72498772     0.02033927     1.24052131
 H       -4.42006385     0.69459458    -0.23948037
 H       -3.93163330    -1.00480955    -0.18381279
