14
Propan-2-yl nitrate
 C        2.24934402    -0.97913479     0.33259988
 H        3.16866035    -0.53444791     0.72425752
 H        1.95027277    -1.79825010     0.99104950
 H        2.46057003    -1.38866810    -0.65953313
 C        1.16138736     0.08571298     0.26017975
 H        0.91986078     0.45499536     1.25962852
 C        1.50569350     1.24549934    -0.66776836
 H        2.40318599     1.75499631    -0.30346838
 H        1.70342039     0.88006183    -1.68009775
 H        0.69349645     1.97420399    -0.70392245
 O       -0.00608569    -0.63313483    -0.23739151
 N       -1.24802444    -0.04045341     0.04341593
 O       -2.16845993    -0.65503177    -0.42205718
 O       -1.25932970     0.97482538     0.70114371
