14
Propyl nitrate
 C        0.81783840    -0.29898507    -0.00036285
 C        2.06190612     0.57937893     0.00029126
 H        2.03718888     1.23103489     0.88038438
 H        2.03750147     1.23200604    -0.87909957
 C        3.33980295    -0.26639091    -0.00000108
 O       -0.30825695     0.60217359    -0.00010647
 H        0.77062895    -0.93913356     0.88634080
 H        0.77088041    -0.93825497    -0.88771937
 N       -1.55832588    -0.04175518     0.00002576
 O       -1.56234561    -1.25046227     0.00016951
 O       -2.47902277     0.72849801    -0.00000817
 H        4.22570356     0.37425351    -0.00000508
 H        3.39315266    -0.90955897    -0.88484523
 H        3.39338570    -0.90989230     0.88458073
