10
Pyrazine
 H       -1.25479163    -2.06474002    -0.00000000
 N        1.40496427     0.00000001     0.00000000
 N       -1.40496427    -0.00000001     0.00000000
 C        0.69727277    -1.13090004     0.00000000
 C        0.69727275     1.13090006    -0.00000000
 C       -0.69727277     1.13090004     0.00000000
 C       -0.69727275    -1.13090006    -0.00000000
 H        1.25479166    -2.06474000     0.00000000
 H        1.25479163     2.06474002    -0.00000000
 H       -1.25479166     2.06474000     0.00000000
