10
Pyridazine
 C        0.01991350     1.31982267     0.00000000
 C       -1.22645262     0.69100547    -0.00000000
 C       -1.22657709    -0.69080567     0.00000000
 C        0.01968963    -1.31982722     0.00000000
 N        1.18085230    -0.66534869    -0.00000000
 N        1.18096792     0.66515677     0.00000000
 H       -2.14329942     1.27067577    -0.00000000
 H       -2.14352649    -1.27031519     0.00000000
 H        0.10338117    -2.40327328     0.00000000
 H        0.10377377     2.40325438     0.00000000
