10
Pyrimidine
 C        0.00000006    -1.27865323    -0.00000000
 C       -0.00000006     1.38154636     0.00000000
 N       -1.19555643    -0.68621452     0.00000000
 N        1.19555649    -0.68621442    -0.00000000
 C       -1.18238721     0.64901896    -0.00000000
 C        1.18238715     0.64901908     0.00000000
 H        0.00000011    -2.36679404     0.00000000
 H       -0.00000012     2.46547426     0.00000000
 H       -2.15122954     1.14483169    -0.00000000
 H        2.15122942     1.14483190     0.00000000
