15
Spiro[2.4]hepta-4,6-diene
 C       -1.71553877    -0.73288092    -0.00001631
 C       -1.71558642     0.73281021    -0.00006845
 C       -0.43871361    -1.17432391     0.00015287
 C       -0.43879817     1.17435248     0.00004431
 C        0.46109645     0.00004985     0.00014272
 H       -2.60727425    -1.34732915    -0.00011349
 H       -0.09360901    -2.20030172     0.00019068
 H       -2.60735787     1.34720760    -0.00021363
 H       -0.09375010     2.20034494     0.00005824
 C        1.80311022    -0.00009828    -0.74291824
 C        1.80333320     0.00011819     0.74272059
 H        2.06841361    -0.91229924     1.26474937
 H        2.06840455     0.91261074     1.26461897
 H        2.06806084     0.91218511    -1.26526202
 H        2.06780009    -0.91274715    -1.26471258
