12
Succinimide
 O       -2.28833670    -0.62614739     0.00000029
 O        2.28833670    -0.62614739     0.00000102
 N        0.00000000    -0.90774036    -0.00000108
 C       -0.76904696     1.30925270     0.00000092
 C        0.76904696     1.30925270    -0.00000106
 C       -1.17693466    -0.16544885    -0.00000007
 C        1.17693465    -0.16544885    -0.00000021
 H       -0.00000000    -1.91811103    -0.00000082
 H       -1.20578174     1.79180187     0.87822586
 H       -1.20578442     1.79180427    -0.87822133
 H        1.20578175     1.79180204    -0.87822592
 H        1.20578443     1.79180409     0.87822128
