14
syn-Hexa-2,3,4-triene
 C       -0.63228659    -0.46257945     0.00003050
 C        0.63227824    -0.46257536     0.00003077
 C        1.94869974    -0.46305640    -0.00000908
 C        2.80968803     0.77118134    -0.00000805
 H        2.47125086    -1.42020573    -0.00007963
 C       -1.94870774    -0.46306333    -0.00002500
 H       -2.47126588    -1.42020755    -0.00010892
 C       -2.80967492     0.77119116     0.00000082
 H        2.20375315     1.67958167     0.00033272
 H        3.46475929     0.78997412    -0.88029728
 H        3.46526044     0.78963964     0.87991277
 H       -2.20371939     1.67957713     0.00030066
 H       -3.46520406     0.78967281     0.87995424
 H       -3.46479571     0.78999338    -0.88025234
