17
tert-butyl formate
 C       -2.03407982     0.75589753    -0.00000047
 C       -0.74563860    -0.06838190     0.00000004
 C       -0.64007863    -0.91630189    -1.27141502
 O        0.30263356     0.96684906    -0.00000015
 C        1.59684631     0.64743333    -0.00000008
 H        2.17858234     1.58557146    -0.00000009
 C       -0.64007886    -0.91630096     1.27141572
 O        2.09001054    -0.44918467    -0.00000002
 H       -2.90408963     0.09293648     0.00000011
 H       -2.08402802     1.39408630    -0.88666474
 H       -2.08402790     1.39408770     0.88666280
 H       -1.49392451    -1.59902857    -1.32528353
 H        0.27875870    -1.50285316    -1.27974390
 H       -0.66108864    -0.27656910    -2.15903138
 H       -1.49392436    -1.59902812     1.32528427
 H       -0.66108967    -0.27656760     2.15903165
 H        0.27875880    -1.50285171     1.27974543
