15
Tetracyclo[4.1.0.0(2,4)0(3,5)]heptane
 C       -1.74644114    -0.00000271    -0.55056759
 C       -0.89301967    -0.75417511     0.44313232
 C       -0.89303029     0.75418451     0.44310994
 H       -1.44545523     0.00002183    -1.59391160
 H       -2.82019614    -0.00004680    -0.38990553
 C        0.53841050    -1.07906597     0.03056665
 H       -1.36076272    -1.32401454     1.23862267
 C        0.53843285     1.07905936     0.03058636
 H       -1.36075227     1.32408497     1.23857558
 C        1.06660622     0.00000850    -0.87889294
 C        1.48812335    -0.00001466     0.52264246
 H        0.88987415     2.09972241    -0.08204852
 H        0.88987331    -2.09971530    -0.08211046
 H        2.44793360    -0.00001359     1.01430192
 H        1.57974085     0.00003341    -1.82666745
