17
Tetramethylsilane
 C        1.23900262     1.42452302    -0.00005468
Si        0.00005740     0.00003012     0.00000000
 C        0.93024858    -1.64282322     0.00008330
 C       -1.08467529     0.10920250     1.54136013
 C       -1.08464884     0.10906116    -1.54138874
 H        0.73208277     2.39581054    -0.00010365
 H        1.88627515     1.39137362    -0.88339355
 H        1.88625989     1.39145472     0.88329841
 H        0.23961348    -2.49334107     0.00011641
 H        1.57108006    -1.73962156     0.88344115
 H        1.57109514    -1.73970257    -0.88325474
 H       -1.81692421    -0.70513195     1.57350693
 H       -1.64066217     1.05272592     1.57299022
 H       -0.48602750     0.04947552     2.45700167
 H       -1.81689718    -0.70527626    -1.57347346
 H       -0.48598533     0.04925026    -2.45701453
 H       -1.64063521     1.05258166    -1.57311487
