16
Thiane
 S        1.43824400    -0.00000004    -0.16510542
 C       -1.78792935     0.00000017     0.16254475
 C        0.35197989     1.38191951     0.34119619
 C        0.35197980    -1.38191963     0.34119593
 C       -1.05414851     1.28277094    -0.25714631
 C       -1.05414882    -1.28277088    -0.25714605
 H        0.30463168     1.41233761     1.43614274
 H        0.86168525     2.29011556     0.00828686
 H        0.30463195    -1.41233823     1.43614249
 H        0.86168501    -2.29011558     0.00828606
 H       -0.98232967     1.32637627    -1.35053990
 H       -1.63588846     2.15732478     0.06225449
 H       -0.98233045    -1.32637671    -1.35053965
 H       -1.63588880    -2.15732447     0.06225539
 H       -2.79652613     0.00000024    -0.26597246
 H       -1.91646479     0.00000032     1.25452630
