28
trans-decalin
 C        0.00000000     0.72836196    -0.25647737
 C       -0.00000000    -0.72836196     0.25647737
 C        1.27531954     1.46565938     0.18107708
 C       -1.27531955     1.46565938     0.18107707
 C        1.27531955    -1.46565939    -0.18107706
 C       -1.27531955    -1.46565938    -0.18107709
 C        2.54766943     0.72466696    -0.25326308
 C       -2.54766944     0.72466696    -0.25326307
 C        2.54766944    -0.72466696     0.25326306
 C       -2.54766944    -0.72466696     0.25326308
 H        0.00000001     0.68459051    -1.35866270
 H       -0.00000001    -0.68459051     1.35866270
 H        1.27198738     2.48571487    -0.22341747
 H        1.27043153     1.56815897     1.27632652
 H       -1.27198739     2.48571486    -0.22341749
 H       -1.27043153     1.56815899     1.27632651
 H        1.27198738    -2.48571486     0.22341752
 H        1.27043153    -1.56815901    -1.27632649
 H       -1.27198738    -2.48571487     0.22341746
 H       -1.27043153    -1.56815896    -1.27632652
 H        3.43731304     1.25461617     0.10666198
 H        2.60861498     0.72370980    -1.35068445
 H       -3.43731304     1.25461616     0.10666198
 H       -2.60861499     0.72370979    -1.35068445
 H        3.43731305    -1.25461616    -0.10666202
 H        2.60861503    -0.72370979     1.35068444
 H       -3.43731305    -1.25461617    -0.10666197
 H       -2.60861499    -0.72370979     1.35068445
