26
Tricyclo(5.2.1.0(2,6))decane
 C       -0.37156896     0.78886880    -0.50885398
 C       -0.37181042    -0.78885311    -0.50911101
 C        0.88364896    -1.13478060     0.32435756
 C       -1.73457498    -1.20720065     0.08935395
 C        0.88316421     1.13412850     0.32613192
 C       -1.73490122     1.20767569     0.08810464
 C        0.90132374    -0.00116158     1.37389552
 C        2.13188142    -0.78182637    -0.51891043
 C       -2.65560540    -0.00000936    -0.16227080
 C        2.13225233     0.78308929    -0.51660499
 H       -0.27765559     1.18847572    -1.52403468
 H       -0.27959100    -1.18834586    -1.52453029
 H        0.88764978    -2.15586233     0.71490632
 H       -2.11573429    -2.13560256    -0.34695916
 H       -1.64065665    -1.37831482     1.16909280
 H        0.88644969     2.15463826     0.71820750
 H       -1.64136937     1.38049305     1.16761156
 H       -2.11600116     2.13541820    -0.34965114
 H        0.03469285    -0.00198965     2.04084643
 H        1.80710232    -0.00132202     1.98931231
 H        3.04039684    -1.17492773    -0.05188305
 H        2.07806168    -1.20309230    -1.52757164
 H       -2.99331662    -0.00059350    -1.20658255
 H       -3.55066363     0.00018262     0.46785722
 H        2.08059355     1.20742342    -1.52408362
 H        3.04027435     1.17424578    -0.04694304
