28
Tricyclo[4.2.2.2(2,5)]dodeca-3,7-diene_1
 C        1.18509927    -1.39521394    -0.68250627
 C        1.18621144    -1.41013777     0.64976505
 C        0.78409627    -0.11844472    -1.39431838
 C        0.78649281    -0.14950560     1.39044378
 C       -0.78651932     0.14942379    -1.39045464
 C       -0.78406635     0.11852609     1.39430953
 C       -1.61980696    -1.01651840    -0.78747977
 C       -1.61784080    -1.03420838     0.76699058
 H       -1.26642007    -1.97250985    -1.18324327
 H       -2.64829177    -0.89561643    -1.14313478
 H       -1.26211696    -1.99849073     1.13976140
 H       -2.64558673    -0.92268433     1.12780183
 C       -1.18628153     1.41007853    -0.64984884
 H       -1.08045708     0.25356407    -2.43965461
 C       -1.18503057     1.39527309     0.68242405
 H       -1.07671863     0.19955070     2.44591376
 H       -1.48627925     2.29036892    -1.21203761
 H       -1.48380913     2.26290051     1.26458186
 C        1.61769189     1.03437120    -0.76690356
 H        1.07677524    -0.19935740    -2.44592318
 C        1.61995565     1.01635550     0.78756289
 H        1.08040233    -0.25375997     2.43964093
 H        2.64847595     0.89502113     1.14296591
 H        1.26695490     1.97236724     1.18363018
 H        1.26156685     1.99862375    -1.13935783
 H        2.64540071     0.92329970    -1.12796044
 H        1.48391472    -2.26280002    -1.26470791
 H        1.48616741    -2.29047009     1.21190927
