28
Tricyclo[4.4.2.0(1,6)]dodeca-2,4-diene
 C       -2.48858831    -0.77403038     0.38551141
 C       -2.47591268     0.66951777     0.63687731
 C       -1.38574545    -1.43392485     0.01171317
 C       -1.37808868     1.40455212     0.42363019
 C       -0.10460644     0.81302279    -0.11295259
 C       -0.05037286    -0.76965217    -0.18993318
 C        1.10957559     1.40286382     0.63030563
 C        0.02421263     0.86148896    -1.67408805
 C        0.99432936    -1.40543108     0.74152936
 C        0.32664962    -0.66335684    -1.70568987
 C        2.41477293    -0.81061569     0.61774434
 C        2.43110203     0.70501862     0.28603996
 H       -3.42379962    -1.30887621     0.52615828
 H       -3.38514002     1.13219584     1.01019937
 H       -1.41447393    -2.51128266    -0.14519143
 H       -1.37862401     2.47370313     0.62939510
 H        1.17977497     2.47423611     0.39961508
 H        0.92916412     1.33329910     1.71146247
 H        0.79862365     1.52277530    -2.07440187
 H       -0.92371348     1.11293063    -2.15484106
 H        0.63324808    -1.27771869     1.76989928
 H        1.03057650    -2.48913967     0.57084068
 H        1.37257283    -0.90349742    -1.91541014
 H       -0.29958349    -1.25193785    -2.38145431
 H        2.94266884    -0.99190258     1.56034427
 H        2.98188082    -1.35203147    -0.14702656
 H        3.25394745     1.19529363     0.81682413
 H        2.64062191     0.84846485    -0.77993984
