20
Tricyclo[3.3.2.0(2,8)deca-3,6,9-triene]
 C        1.55099113     0.00025850     0.00014979
 C        1.07514942    -0.56825677     1.32666598
 C        1.07494032     1.43324038    -0.17102329
 C       -0.21491217    -0.70872254     1.65426750
 C       -0.21513637     1.78701874    -0.21340098
 H        1.83546424     2.20394257    -0.26305025
 H        1.83574489    -0.87397810     2.04001937
 C       -1.37100736    -0.34914100     0.81460494
 H       -0.46077467    -1.12610200     2.62817053
 C       -1.37105254     0.87985840    -0.10523481
 H       -0.46112757     2.83907714    -0.33910178
 C       -1.37081017    -0.53126566    -0.70977587
 H       -2.33281117    -0.54687479     1.27602091
 H       -2.33287626     1.37828817    -0.16487145
 C       -0.21445597    -1.07840053    -1.44089407
 H       -2.33251329    -0.83223432    -1.11178275
 C        1.07553123    -0.86457295    -1.15535473
 H       -0.46014102    -1.71335052    -2.28919214
 H        1.83628525    -1.32951000    -1.77658629
 H        2.64369292     0.00054445     0.00032056
