22
Triethylamine
 C       -0.58666912    -2.38349084    -0.44318130
 C       -0.79662476    -1.15437101     0.44387814
 N        0.00015050     0.00018287     0.02396181
 C        1.39852395    -0.11263837     0.44345919
 C        2.35823724     0.68384825    -0.44326745
 C       -0.60116664     1.26784554     0.44273080
 C       -1.77246345     1.69869249    -0.44282590
 H       -1.23024052    -3.20556706    -0.11253986
 H        0.44614944    -2.74418313    -0.41337130
 H       -0.82858191    -2.14612977    -1.48319774
 H       -1.85259295    -0.87237260     0.39340835
 H       -0.60069542    -1.41388953     1.50282823
 H        0.17071751     2.04146620     0.38921370
 H       -0.92183474     1.22982575     1.50239766
 H       -2.16096536     2.66845566    -0.11427689
 H       -2.60191289     0.98555970    -0.40872059
 H       -1.44841457     1.78602711    -1.48391584
 H        1.52557956     0.18614823     1.50259045
 H        1.68207835    -1.16816872     0.39226152
 H        3.39204305     0.53497850    -0.11400442
 H        2.15656621     1.75902789    -0.41128406
 H        2.27195140     0.35763762    -1.48376894
