30
Triphenylene
 C        0.70961097     1.25556786    -0.00000006
 C       -0.70965006     1.25554578     0.00000011
 C        1.44216672    -0.01327495    -0.00000002
 C       -1.44216631    -0.01331983     0.00000010
 C        0.73260095    -1.24243756    -0.00000002
 C       -0.73256227    -1.24246036    -0.00000005
 C        1.38132173     2.49663254    -0.00000025
 C       -1.38139944     2.49658955     0.00000020
 C        2.85282248    -0.05196593     0.00000006
 C       -2.85282086    -0.05205472     0.00000017
 C        1.47169492    -2.44458836     0.00000005
 C       -1.47161883    -2.44463416    -0.00000022
 C        0.69926108     3.69711521    -0.00000019
 C       -0.69937616     3.69709345     0.00000007
 C        3.55162149    -1.24277231     0.00000011
 C       -3.55158280    -1.24288286     0.00000004
 C        2.85239063    -2.45405370     0.00000010
 C       -2.85231425    -2.45414247    -0.00000018
 H        2.46328963     2.52383190    -0.00000047
 H       -2.46336819     2.52375524     0.00000038
 H        3.41717955     0.87156046     0.00000011
 H       -3.41720668     0.87145410     0.00000030
 H        0.95455205    -3.39533011     0.00000010
 H       -0.95444637    -3.39535982    -0.00000041
 H        1.24894188     4.63280993    -0.00000035
 H       -1.24908608     4.63277106     0.00000014
 H        4.63679453    -1.23444240     0.00000018
 H       -4.63675610    -1.23458672     0.00000008
 H        3.38791040    -3.39792415     0.00000017
 H       -3.38780463    -3.39802959    -0.00000032
