35
Undecane
 C       -0.00000000    -0.46508055    -0.00000004
 C       -1.28233141     0.37522649     0.00000047
 C        1.28233141     0.37522648     0.00000054
 C       -2.56470868    -0.46499587     0.00000042
 C        2.56470868    -0.46499588    -0.00000025
 C       -3.84685215     0.37512900    -0.00000011
 C        3.84685215     0.37512899     0.00000032
 C       -5.12963353    -0.46441916     0.00000045
 C        5.12963353    -0.46441916    -0.00000054
 C       -6.40537318     0.38347196    -0.00000095
 C        6.40537318     0.38347198    -0.00000022
 H       -0.00000002    -1.12731878     0.87729412
 H       -0.00000000    -1.12731762    -0.87729507
 H       -1.28231671     1.03746177    -0.87728895
 H       -1.28231643     1.03746120     0.87729032
 H        1.28231665     1.03746076     0.87729071
 H        1.28231652     1.03746218    -0.87728856
 H       -2.56472659    -1.12724647    -0.87731295
 H       -2.56472694    -1.12724600     0.87731414
 H        2.56472669    -1.12724554    -0.87731433
 H        2.56472684    -1.12724697     0.87731276
 H       -3.84776611     1.03760942    -0.87727358
 H       -3.84776613     1.03761058     0.87727249
 H        3.84776601     1.03761072    -0.87727217
 H        3.84776621     1.03760926     0.87727390
 H       -5.12896984    -1.12563714    -0.87692996
 H       -5.12897039    -1.12563512     0.87693237
 H        5.12897031    -1.12563674     0.87693016
 H        5.12896994    -1.12563551    -0.87693216
 H       -7.30338693    -0.24270708    -0.00000026
 H       -6.45054550     1.03028070     0.88353857
 H       -6.45054515     1.03027828    -0.88354226
 H        7.30338693    -0.24270706    -0.00000078
 H        6.45054548     1.03027895     0.88354059
 H        6.45054515     1.03028006    -0.88354024
