33
Undecanenitrile
 N       -6.83101622    -0.73695219     0.00000294
 C        0.49519249     0.51897783    -0.00000031
 C        1.75638095    -0.35266248    -0.00000172
 C       -0.80542454    -0.29276045    -0.00000149
 C        3.05821954     0.45700707     0.00000133
 C       -2.06600634     0.57985918    -0.00000132
 C        4.31909159    -0.41466655    -0.00000121
 C       -3.36068647    -0.23926373    -0.00000054
 C        5.62205403     0.39317255     0.00000309
 C       -4.61530625     0.65811708    -0.00000131
 C        6.87605361    -0.48646903    -0.00000012
 C       -5.85906746    -0.11121312     0.00000090
 H        0.51051209     1.18049310     0.87755659
 H        0.51051210     1.18049587    -0.87755513
 H        1.73988962    -1.01436313    -0.87738219
 H        1.73988847    -1.01436769     0.87737530
 H       -0.82245459    -0.95378432     0.87752135
 H       -0.82245396    -0.95378303    -0.87752531
 H        3.07427396     1.11884390    -0.87742834
 H        3.07427338     1.11883803     0.87743544
 H       -2.05234877     1.24048465    -0.87815732
 H       -2.05234819     1.24048517     0.87815428
 H        4.30335600    -1.07679923    -0.87732884
 H        4.30335465    -1.07680634     0.87732104
 H       -3.39134261    -0.89452309    -0.87804531
 H       -3.39134248    -0.89452142     0.87804547
 H        5.63779249     1.05414276    -0.87695671
 H        5.63779150     1.05413495     0.87696880
 H       -4.61359460     1.31320310     0.87949162
 H       -4.61359574     1.31320007    -0.87949649
 H        7.78926340     0.11718504     0.00000329
 H        6.90497556    -1.13405475    -0.88359016
 H        6.90497436    -1.13406292     0.88358397
