19
Valine
 N        0.22701355     1.84723133     0.06907239
 C       -0.01828003     0.41744411     0.34449133
 C        1.28805782    -0.34690220    -0.00197472
 O        2.36965083     0.44091671    -0.00680559
 C       -1.28036605    -0.20375822    -0.30786573
 C       -1.62454439    -1.56580997     0.31661078
 C       -2.48999154     0.73785828    -0.19813696
 O        1.35178075    -1.52768571    -0.22170094
 H        2.01932566     1.34860963     0.13403629
 H        0.04101662     2.06136183    -0.90696684
 H       -0.38024722     2.43914863     0.62324231
 H       -0.12211798     0.33027285     1.43570435
 H       -1.05822639    -0.36001570    -1.37293997
 H       -2.50263502    -1.99707713    -0.17512075
 H       -0.79153018    -2.26148019     0.22655208
 H       -1.86858794    -1.44821926     1.38023673
 H       -2.33508089     1.69228409    -0.71027451
 H       -3.37282682     0.26802201    -0.64225461
 H       -2.72788579     0.95327682     0.85139885
